33.536
33.792
33.792
33.792
33.024
33.536
27.136
33.536
33.024
33.792
33.792
33.792
26.368
33.792
33.792
33.792
32.768
33.536
27.136
33.536
32.768
33.792
33.792
33.792
32.256
27.904
33.792
33.792
33.024
33.536
33.792
27.392
33.792
33.792
33.792
33.28
33.024
27.136
33.792
33.024
33.28
33.792
33.792
26.112
33.536
33.792
33.792
33.792
33.024
31.232
29.696
33.28
33.28
33.792
33.792
33.792
27.392
33.792
33.536
32.768
33.792
33.792
26.624
33.024
33.792
33.792
33.792
33.536
26.112
33.792
33.792
33.28
33.28
33.792
29.952
30.208
33.792
33.792
33.792
33.536
32.768
26.88
33.792
33.536
32.768
33.792
33.792
26.624
33.536
33.792
33.792
33.792
33.024
28.16
33.28
33.28
33.792
33.792
33.792
28.16
31.744
33.792
33.792
32.768
33.792
33.792
26.624
32.768
33.792
33.792
33.792
33.792
26.368
33.792
33.792
33.024
33.28
33.792
27.392
33.792
33.792
33.792
33.536
33.024
27.648
33.28
33.024
33.536
33.792
33.792
33.792
25.856
33.792
33.792
33.792
32.768
33.792
27.392
33.024
33.28
33.792
33.792
33.792
27.392
33.792
33.536
33.024
33.792
33.792
26.368
33.28
33.792
33.792
33.792
33.28
33.28
26.88
33.792
33.024
33.536
33.792
33.792
26.112
33.792
33.792
33.792
33.536
33.024
28.416
32.768
33.792
33.792
33.792
33.792
25.856
33.792
33.792
33.536
33.024
33.792
32
28.16
33.28
33.792
33.792
33.792
33.28
26.624
33.792
33.792
32.768
33.792
33.792
26.624
32.768
33.792
33.792
33.792
33.792
26.368
33.792
33.792
33.024
33.28
33.792
31.232
29.952
33.792
33.792
33.536
33.024
33.792
27.392
32.768
33.792
33.792
33.792
33.792
25.6
33.792
33.792
33.792
32.768
33.536
27.392
33.28
33.28
33.792
33.792
33.792
29.184
32
33.536
33.024
33.792
33.792
33.792
26.112
33.792
33.792
33.792
33.024
33.28
27.136
33.792
32.768
33.536
33.792
33.792
26.368
33.792
33.792
33.792
33.28
33.28
28.16
33.024
33.792
33.792
33.792
33.536
32.768
27.136
33.792
33.28
33.024
33.792
33.792
26.368
33.28
33.792
33.792
33.792
33.28
26.88
33.792
33.536
33.024
33.792
33.792
27.392
33.792
33.792
33.792
32.768
33.536
33.792
26.88
32.768
33.792
33.792
33.792
33.792
25.856
33.792
33.792
33.536
33.024
33.792
27.392
32.768
33.792
33.792
33.792
33.792
25.6
33.792
33.792
33.792
32.768
33.536
33.792
26.88
33.28
33.792
33.792
33.792
33.28
27.904
33.536
33.024
33.792
33.792
33.792
26.112
33.792
33.792
33.792
33.024
33.536
26.624
33.792
33.024
33.536
33.792
33.792
32.256
27.904
33.792
33.792
33.28
33.024
33.792
27.392
33.792
33.792
33.792
33.792
32.768
27.136
33.792
33.28
33.28
33.792
33.792
26.112
33.536
33.792
33.792
33.792
33.024
31.232
29.696
33.28
33.024
33.792
33.792
33.792
27.392
33.792
33.792
32.768
33.792
33.792
26.624
33.024
33.792
33.792
33.792
33.536
26.112
33.792
33.792
33.28
33.28
33.792
29.696
30.208
33.792
33.792
33.792
33.792
32.768
28.416
33.024
33.536
33.792
33.792
33.792
25.856
33.792
33.792
33.792
32.768
33.792
26.88
33.536
33.024
33.792
33.792
33.792
28.16
31.744
33.792
33.792
33.024
33.536
33.792
26.624
33.024
33.536
33.792
33.792
33.792
26.368
33.792
33.792
33.28
33.024
33.792
27.392
33.792
33.792
33.792
33.792
32.768
27.648
33.536
33.024
33.536
33.792
33.792
33.792
25.6
33.792
33.792
33.792
33.024
33.28
27.392
33.536
33.024
33.792
33.792
33.792
27.392
33.792
33.792
32.768
33.792
33.792
26.624
33.28
33.792
33.792
33.792
33.28
33.024
27.136
33.792
33.024
33.28
33.792
33.792
26.368
33.792
33.792
33.792
33.536
33.024
28.416
32.768
33.792
33.792
33.792
33.792
25.856
33.792
33.792
33.536
32.768
33.792
32.256
28.16
33.024
33.792
33.792
33.792
33.536
26.624
33.792
33.792
32.768
33.792
33.792
27.392
33.792
33.792
33.792
33.024
33.28
27.136
33.792
32.768
33.536
33.792
33.792
30.464
29.184
33.792
33.792
33.792
32.768
33.792
27.392
33.024
33.536
33.792
33.792
33.792
25.6
33.792
33.792
33.792
33.024
33.28
27.392
33.536
33.024
33.792
33.792
33.792
29.44
31.744
33.792
32.768
33.792
33.792
33.792
26.112
33.792
33.792
33.792
33.28
33.28
26.624
33.792
33.28
33.28
33.792
33.792
26.368
33.792
33.792
33.792
33.536
32.768
28.672
32.768
33.536
33.792
33.792
33.792
33.024
26.88
33.792
33.536
33.024
33.792
33.792
26.368
33.28
33.792
33.792
33.792
33.28
26.88
33.792
33.536
32.768
33.792
33.792
27.392
33.792
33.792
33.792
33.024
33.536
33.792
26.88
32.768
33.792
33.792
33.792
33.792
25.856
33.792
33.792
33.536
33.024
33.792
27.392
32.768
33.536
33.792
33.792
33.792
27.392
33.792
33.28
33.28
33.792
33.792
33.792
25.856
33.792
33.792
33.792
33.024
33.536
26.88
33.792
32.768
33.792
33.792
33.792
26.112
33.792
33.792
33.792
33.28
33.28
26.624
33.792
33.28
33.28
33.792
33.792
32.256
27.904
33.792
33.792
33.536
32.768
33.792
27.648
33.536
33.792
33.792
33.792
33.024
27.136
33.792
33.28
33.28
33.792
33.792
26.112
33.28
33.792
33.792
33.792
33.28
30.976
29.44
33.792
32.768
33.792
33.792
33.792
27.392
33.792
33.792
33.024
33.536
33.792
26.88
33.024
33.792
33.792
33.792
33.536
26.112
33.792
33.792
33.28
33.024
33.792
29.952
30.208
33.792
33.792
33.792
33.792
32.768
28.416
33.024
33.536
33.792
33.792
33.792
25.856
33.792
33.792
33.792
32.768
33.536
27.136
33.536
32.768
33.792
33.792
33.792
28.16
32
33.792
33.792
33.024
33.536
33.792
27.392
33.792
33.792
33.792
33.28
33.024
27.136
33.792
33.024
33.28
33.792
33.792
26.112
33.536
33.792
33.792
33.792
33.024
27.392
33.536
33.28
33.28
33.792
33.792
33.792
25.6
33.792
33.792
33.792
33.28
33.024
27.392
33.792
32.768
33.792
33.792
33.792
27.392
33.792
33.792
33.024
33.536
33.792
26.88
33.024
33.792
33.792
33.792
33.536
33.024
26.624
33.792
33.536
33.024
33.792
33.792
26.368
