24.832
24.832
24.832
25.088
24.576
24.576
20.224
24.832
25.088
24.832
24.832
24.576
19.456
24.832
24.832
24.576
24.576
24.576
20.736
24.832
25.088
24.576
24.576
24.576
24.32
20.224
24.576
24.576
24.832
24.832
24.832
20.736
24.576
24.576
24.576
24.832
25.088
19.2
24.832
24.832
25.088
24.832
24.832
19.968
24.576
25.088
24.832
24.832
25.088
22.528
21.504
24.832
24.832
24.576
24.576
24.576
20.736
25.088
24.832
24.576
24.576
24.576
19.968
24.576
24.576
24.576
24.832
24.832
20.736
24.832
24.576
24.576
24.576
25.088
22.016
22.016
24.832
25.088
24.832
24.832
24.832
19.968
24.832
24.832
24.832
25.088
24.832
19.2
24.832
25.088
24.576
24.576
24.576
20.48
25.088
24.832
24.832
24.576
24.576
21.248
23.296
24.576
24.576
24.576
24.832
25.088
20.736
24.576
24.576
24.576
24.832
24.832
19.456
24.576
25.088
24.832
24.832
25.088
19.968
24.576
24.832
24.832
25.088
24.832
19.712
24.32
25.088
24.832
24.576
24.576
24.576
20.736
24.832
24.832
24.832
24.576
24.576
19.712
24.832
24.576
24.576
24.576
25.088
20.736
24.832
24.576
24.576
24.576
24.832
19.712
24.576
24.832
24.832
24.832
25.088
24.832
19.968
24.576
24.832
25.088
24.832
24.832
19.2
25.088
24.832
24.832
24.576
24.576
20.48
24.832
24.832
25.088
24.576
24.576
19.456
25.088
24.576
24.576
24.576
24.832
24.32
21.248
24.832
24.576
24.576
24.576
24.832
19.712
24.576
24.832
24.832
25.088
24.832
20.224
24.576
24.576
25.088
24.832
24.832
19.2
25.088
24.832
24.832
24.832
24.576
23.04
22.016
24.832
25.088
24.832
24.576
24.576
19.712
24.832
24.576
24.576
24.576
24.832
20.736
24.832
24.832
24.576
24.576
24.576
19.968
24.576
24.576
24.832
25.088
24.832
22.016
23.04
24.576
24.832
24.832
24.832
25.088
19.2
24.832
24.832
25.088
24.576
24.576
20.224
24.832
25.088
24.832
24.832
24.576
19.456
24.832
24.832
24.576
24.576
24.576
21.504
24.064
25.088
24.576
24.576
24.576
24.832
19.712
24.576
24.576
25.088
24.832
24.832
20.48
24.576
24.576
24.832
24.832
25.088
19.2
24.832
24.832
25.088
24.832
24.576
19.968
24.832
25.088
24.832
24.832
24.832
24.576
19.456
24.832
24.832
24.576
24.576
24.576
20.736
25.088
24.832
24.576
24.576
24.576
19.968
24.576
24.576
24.832
24.832
24.832
20.736
24.576
24.576
24.576
24.832
25.088
24.832
19.2
24.832
25.088
24.832
24.832
24.576
19.968
25.088
24.832
24.832
25.088
24.576
19.2
24.832
25.088
24.576
24.576
24.576
20.48
25.088
24.832
24.832
24.576
24.576
24.064
20.48
24.576
24.576
24.832
24.832
25.088
20.48
24.576
24.576
24.576
25.088
24.832
19.2
24.832
25.088
24.832
24.832
24.832
19.968
24.832
24.832
24.832
25.088
24.832
22.784
20.992
25.088
24.832
24.576
24.576
24.576
20.736
24.832
24.832
24.832
24.576
24.576
19.968
24.576
24.576
24.576
24.832
25.088
20.736
24.576
24.576
24.576
24.832
24.832
22.016
22.016
25.088
24.832
24.832
25.088
24.576
19.968
24.832
24.832
25.088
24.832
24.832
18.944
25.088
24.832
24.832
24.576
24.576
20.48
24.832
24.832
25.088
24.576
24.576
20.992
23.552
24.576
24.576
24.576
25.088
24.832
20.736
24.576
24.576
24.576
24.832
24.832
19.456
24.832
24.832
24.832
25.088
24.832
19.968
24.576
24.832
25.088
24.832
24.832
19.968
24.064
24.832
24.832
24.832
24.576
24.576
20.48
24.832
25.088
24.832
24.576
24.576
19.968
24.576
24.576
24.576
24.832
24.832
20.736
24.832
24.576
24.576
24.576
24.832
19.712
24.576
24.832
24.832
25.088
24.832
24.832
19.968
24.576
25.088
24.832
24.832
25.088
18.944
24.832
24.832
25.088
24.576
24.576
20.224
24.832
25.088
24.832
24.832
24.576
19.712
24.832
24.576
24.576
24.576
24.832
24.32
21.248
24.832
24.576
24.576
24.576
25.088
19.456
24.576
24.832
25.088
24.832
24.832
20.224
24.576
24.832
24.832
24.832
25.088
18.944
24.832
24.832
25.088
24.832
24.576
23.04
21.76
25.088
24.832
24.832
24.832
24.576
19.712
24.832
24.576
24.576
24.576
24.832
20.736
25.088
24.576
24.576
24.576
24.832
19.712
24.576
24.576
25.088
24.832
24.832
22.016
23.04
24.576
24.832
24.832
25.088
24.832
18.944
24.832
25.088
24.832
24.832
24.576
19.968
25.088
24.832
24.832
25.088
24.576
19.456
24.832
24.832
24.576
24.576
24.576
21.504
24.32
24.832
24.576
24.576
24.576
24.832
19.712
24.576
24.832
24.832
24.832
25.088
20.224
24.576
24.576
24.832
25.088
24.832
18.944
24.832
25.088
24.832
24.832
24.832
19.968
24.832
24.832
24.832
25.088
24.832
24.576
19.456
25.088
24.576
24.576
24.576
24.832
20.736
24.832
24.832
24.576
24.576
24.576
19.968
24.576
24.576
24.832
24.832
25.088
20.48
24.576
24.576
24.576
25.088
24.832
24.832
18.944
25.088
24.832
24.832
25.088
24.576
19.968
24.832
24.832
25.088
24.832
24.832
19.2
25.088
24.832
24.576
24.576
24.576
20.736
24.832
24.832
24.832
24.576
24.576
24.064
20.48
24.576
24.576
24.832
25.088
24.832
20.48
24.576
24.576
24.832
24.832
24.832
19.2
24.832
24.832
24.832
25.088
24.832
19.968
24.576
24.832
25.088
24.832
24.832
22.784
21.504
24.832
24.832
24.576
24.576
24.576
20.736
24.832
25.088
24.576
24.576
24.576
19.968
24.576
24.576
24.576
25.088
24.832
20.736
24.576
24.576
24.576
24.832
24.832
22.272
21.76
24.832
24.832
25.088
24.832
24.832
19.968
24.576
25.088
24.832
24.832
25.088
19.2
24.832
24.832
24.832
24.576
24.576
20.48
24.832
25.088
24.832
24.576
24.576
20.992
23.552
24.576
24.576
24.832
24.832
24.832
20.736
24.576
24.576
24.576
24.832
25.088
19.2
24.576
24.832
25.088
24.832
24.832
20.224
24.576
24.832
24.832
24.832
25.088
19.712
24.32
24.832
25.088
24.576
24.576
24.576
20.48
25.088
24.832
24.832
24.576
24.576
19.968
24.576
24.576
24.576
24.832
24.832
20.736
24.832
24.576
24.576
24.576
25.088
19.456
24.576
24.576
25.088
24.832
24.832
25.088
19.968
24.576
24.832
24.832
25.088
24.832
19.2
24.832
25.088
24.832
24.576
24.576
20.224
25.088
24.832
24.832
24.832
24.576
19.712
24.832
24.576
24.576
24.576
24.832
24.32
21.504
24.576
24.576
24.576
24.832
24.832
19.456
24.576
24.832
24.832
24.832
25.088
20.224
24.576
24.576
24.832
25.088
24.832
19.2
24.832
25.088
24.832
24.832
24.576
23.04
22.016
24.832
24.832
25.088
24.576
24.576
19.712
24.832
24.576
24.576
24.576
25.088
20.736
24.832
24.576
24.576
24.576
24.832
19.712
24.576
24.576
24.832
24.832
25.088
22.016
23.04
24.576
24.576
25.088
24.832
24.832
19.2
25.088
24.832
24.832
24.832
24.576
20.224
24.832
24.832
25.088
24.832
24.576
19.456
25.088
24.576
24.576
24.576
24.832
21.248
24.32
24.832
24.576
24.576
24.576
24.832
19.712
24.576
24.576
24.832
25.088
24.832
20.48
24.576
24.576
24.832
24.832
24.832
19.2
25.088
24.832
24.832
25.088
24.576
19.968
24.832
24.832
25.088
24.832
24.832
24.576
19.712
24.832
24.576
24.576
24.576
24.832
20.736
24.832
24.832
24.576
24.576
24.576
19.968
24.576
24.576
24.576
25.088
24.832
20.736
24.576
24.576
24.576
24.832
24.832
25.088
19.2
24.832
24.832
25.088
24.832
24.576
19.968
24.832
25.088
24.832
24.832
24.832
19.456
24.832
24.832
24.576
24.576
24.576
20.736
24.832
25.088
24.576
24.576
24.576
24.32
20.224
24.576
24.576
24.832
24.832
24.832
20.736
24.576
24.576
24.576
24.832
25.088
19.2
24.832
24.832
25.088
24.832
24.832
19.968
24.576
25.088
24.832
24.832
25.088
22.528
21.504
24.832
24.832
24.576
24.576
24.576
20.736
25.088
24.832
24.576
24.576
24.576
19.968
24.576
24.576
24.576
24.832
24.832
20.736
24.832
24.576
24.576
24.576
25.088
22.016
22.016
24.832
25.088
24.832
24.832
24.832
19.968
24.832
24.832
24.832
25.088
24.832
19.2
24.832
25.088
24.576
24.576
24.576
20.48
25.088
24.832
24.832
24.576
24.576
21.248
23.296
24.576
24.576
24.576
24.832
25.088
20.736
24.576
24.576
24.576
24.832
24.832
19.456
24.576
25.088
24.832
24.832
25.088
19.968
24.576
24.832
24.832
25.088
24.832
19.712
24.32
25.088
24.832
24.576
24.576
