LD 134217728 0 0
LD 134217856 0 0
LD 134217984 0 0
LD 134218112 0 0
LD 134218240 0 0
LD 134218368 0 0
LD 134218496 0 0
LD 134218624 0 0
LD 134218752 0 0
LD 134218880 0 0
LD 134219008 0 0
LD 134219136 0 0
LD 134219264 0 0
LD 134219392 0 0
LD 134219520 0 0
LD 134219648 0 0
LD 134219776 0 0
LD 134219904 0 0
LD 134220032 0 0
LD 134220160 0 0
LD 134220288 0 0
LD 134220416 0 0
LD 134220544 0 0
LD 134220672 0 0
LD 134220800 0 0
LD 134220928 0 0
LD 134221056 0 0
LD 134221184 0 0
LD 134221312 0 0
LD 134221440 0 0
LD 134221568 0 0
LD 134221696 0 0
LD 134221824 0 0
LD 134221952 0 0
LD 134222080 0 0
LD 134222208 0 0
LD 134222336 0 0
LD 134222464 0 0
LD 134222592 0 0
LD 134222720 0 0
LD 134222848 0 0
LD 134222976 0 0
LD 134223104 0 0
LD 134223232 0 0
LD 134223360 0 0
LD 134223488 0 0
LD 134223616 0 0
LD 134223744 0 0
LD 134223872 0 0
LD 134224000 0 0
LD 134224128 0 0
LD 134224256 0 0
LD 134224384 0 0
LD 134224512 0 0
LD 134224640 0 0
LD 134224768 0 0
LD 134224896 0 0
LD 134225024 0 0
LD 134225152 0 0
LD 134225280 0 0
LD 134225408 0 0
LD 134225536 0 0
LD 134225664 0 0
LD 134225792 0 0
LD 134225920 0 0
LD 134226048 0 0
LD 134226176 0 0
LD 134226304 0 0
LD 134226432 0 0
LD 134226560 0 0
LD 134226688 0 0
LD 134226816 0 0
LD 134226944 0 0
LD 134227072 0 0
LD 134227200 0 0
LD 134227328 0 0
LD 134227456 0 0
LD 134227584 0 0
LD 134227712 0 0
LD 134227840 0 0
LD 134227968 0 0
LD 134228096 0 0
LD 134228224 0 0
LD 134228352 0 0
LD 134228480 0 0
LD 134228608 0 0
LD 134228736 0 0
LD 134228864 0 0
LD 134228992 0 0
LD 134229120 0 0
LD 134229248 0 0
LD 134229376 0 0
LD 134229504 0 0
LD 134229632 0 0
LD 134229760 0 0
LD 134229888 0 0
LD 134230016 0 0
LD 134230144 0 0
LD 134230272 0 0
LD 134230400 0 0
LD 134230528 0 0
LD 134230656 0 0
LD 134230784 0 0
LD 134230912 0 0
LD 134231040 0 0
LD 134231168 0 0
LD 134231296 0 0
LD 134231424 0 0
LD 134231552 0 0
LD 134231680 0 0
LD 134231808 0 0
LD 134231936 0 0
LD 134232064 0 0
LD 134232192 0 0
LD 134232320 0 0
LD 134232448 0 0
LD 134232576 0 0
LD 134232704 0 0
LD 134232832 0 0
LD 134232960 0 0
LD 134233088 0 0
LD 134233216 0 0
LD 134233344 0 0
LD 134233472 0 0
LD 134233600 0 0
LD 134233728 0 0
LD 134233856 0 0
LD 134233984 0 0
LD 134234112 0 0
LD 134234240 0 0
LD 134234368 0 0
LD 134234496 0 0
LD 134234624 0 0
LD 134234752 0 0
LD 134234880 0 0
LD 134235008 0 0
LD 134235136 0 0
LD 134235264 0 0
LD 134235392 0 0
LD 134235520 0 0
LD 134235648 0 0
LD 134235776 0 0
LD 134235904 0 0
LD 134236032 0 0
LD 134236160 0 0
LD 134236288 0 0
LD 134236416 0 0
LD 134236544 0 0
LD 134236672 0 0
LD 134236800 0 0
LD 134236928 0 0
LD 134237056 0 0
LD 134237184 0 0
LD 134237312 0 0
LD 134237440 0 0
LD 134237568 0 0
LD 134237696 0 0
LD 134237824 0 0
LD 134237952 0 0
LD 134238080 0 0
LD 134238208 0 0
LD 134238336 0 0
LD 134238464 0 0
LD 134238592 0 0
LD 134238720 0 0
LD 134238848 0 0
LD 134238976 0 0
LD 134239104 0 0
LD 134239232 0 0
LD 134239360 0 0
LD 134239488 0 0
LD 134239616 0 0
LD 134239744 0 0
LD 134239872 0 0
LD 134240000 0 0
LD 134240128 0 0
LD 134240256 0 0
LD 134240384 0 0
LD 134240512 0 0
LD 134240640 0 0
LD 134240768 0 0
LD 134240896 0 0
LD 134241024 0 0
LD 134241152 0 0
LD 134241280 0 0
LD 134241408 0 0
LD 134241536 0 0
LD 134241664 0 0
LD 134241792 0 0
LD 134241920 0 0
LD 134242048 0 0
LD 134242176 0 0
LD 134242304 0 0
LD 134242432 0 0
LD 134242560 0 0
LD 134242688 0 0
LD 134242816 0 0
LD 134242944 0 0
LD 134243072 0 0
LD 134243200 0 0
LD 134243328 0 0
LD 134243456 0 0
LD 134243584 0 0
LD 134243712 0 0
LD 134243840 0 0
LD 134243968 0 0
LD 134244096 0 0
LD 134244224 0 0
LD 134244352 0 0
LD 134244480 0 0
LD 134244608 0 0
LD 134244736 0 0
LD 134244864 0 0
LD 134244992 0 0
LD 134245120 0 0
LD 134245248 0 0
LD 134245376 0 0
LD 134245504 0 0
LD 134245632 0 0
LD 134245760 0 0
LD 134245888 0 0
LD 134246016 0 0
LD 134246144 0 0
LD 134246272 0 0
LD 134246400 0 0
LD 134246528 0 0
LD 134246656 0 0
LD 134246784 0 0
LD 134246912 0 0
LD 134247040 0 0
LD 134247168 0 0
LD 134247296 0 0
LD 134247424 0 0
LD 134247552 0 0
LD 134247680 0 0
LD 134247808 0 0
LD 134247936 0 0
LD 134248064 0 0
LD 134248192 0 0
LD 134248320 0 0
LD 134248448 0 0
LD 134248576 0 0
LD 134248704 0 0
LD 134248832 0 0
LD 134248960 0 0
LD 134249088 0 0
LD 134249216 0 0
LD 134249344 0 0
LD 134249472 0 0
LD 134249600 0 0
LD 134249728 0 0
LD 134249856 0 0
LD 134249984 0 0
LD 134250112 0 0
LD 134250240 0 0
LD 134250368 0 0
LD 134250496 0 0
LD 134250624 0 0
LD 134250752 0 0
LD 134250880 0 0
LD 134251008 0 0
LD 134251136 0 0
LD 134251264 0 0
LD 134251392 0 0
LD 134251520 0 0
LD 134251648 0 0
LD 134251776 0 0
LD 134251904 0 0
LD 134252032 0 0
LD 134252160 0 0
LD 134252288 0 0
LD 134252416 0 0
LD 134252544 0 0
LD 134252672 0 0
LD 134252800 0 0
LD 134252928 0 0
LD 134253056 0 0
LD 134253184 0 0
LD 134253312 0 0
LD 134253440 0 0
LD 134253568 0 0
LD 134253696 0 0
LD 134253824 0 0
LD 134253952 0 0
LD 134254080 0 0
LD 134254208 0 0
LD 134254336 0 0
LD 134254464 0 0
LD 134254592 0 0
LD 134254720 0 0
LD 134254848 0 0
LD 134254976 0 0
LD 134255104 0 0
LD 134255232 0 0
LD 134255360 0 0
LD 134255488 0 0
LD 134255616 0 0
LD 134255744 0 0
LD 134255872 0 0
LD 134256000 0 0
LD 134256128 0 0
LD 134256256 0 0
LD 134256384 0 0
LD 134256512 0 0
LD 134256640 0 0
LD 134256768 0 0
LD 134256896 0 0
LD 134257024 0 0
LD 134257152 0 0
LD 134257280 0 0
LD 134257408 0 0
LD 134257536 0 0
LD 134257664 0 0
LD 134257792 0 0
LD 134257920 0 0
LD 134258048 0 0
LD 134258176 0 0
LD 134258304 0 0
LD 134258432 0 0
LD 134258560 0 0
LD 134258688 0 0
LD 134258816 0 0
LD 134258944 0 0
LD 134259072 0 0
LD 134259200 0 0
LD 134259328 0 0
LD 134259456 0 0
LD 134259584 0 0
LD 134259712 0 0
LD 134259840 0 0
LD 134259968 0 0
LD 134260096 0 0
LD 134260224 0 0
LD 134260352 0 0
LD 134260480 0 0
LD 134260608 0 0
LD 134260736 0 0
LD 134260864 0 0
LD 134260992 0 0
LD 134261120 0 0
LD 134261248 0 0
LD 134261376 0 0
LD 134261504 0 0
LD 134261632 0 0
LD 134261760 0 0
LD 134261888 0 0
LD 134262016 0 0
LD 134262144 0 0
LD 134262272 0 0
LD 134262400 0 0
LD 134262528 0 0
LD 134262656 0 0
LD 134262784 0 0
LD 134262912 0 0
LD 134263040 0 0
LD 134263168 0 0
LD 134263296 0 0
LD 134263424 0 0
LD 134263552 0 0
LD 134263680 0 0
LD 134263808 0 0
LD 134263936 0 0
LD 134264064 0 0
LD 134264192 0 0
LD 134264320 0 0
LD 134264448 0 0
LD 134264576 0 0
LD 134264704 0 0
LD 134264832 0 0
LD 134264960 0 0
LD 134265088 0 0
LD 134265216 0 0
LD 134265344 0 0
LD 134265472 0 0
LD 134265600 0 0
LD 134265728 0 0
LD 134265856 0 0
LD 134265984 0 0
LD 134266112 0 0
LD 134266240 0 0
LD 134266368 0 0
LD 134266496 0 0
LD 134266624 0 0
LD 134266752 0 0
LD 134266880 0 0
LD 134267008 0 0
LD 134267136 0 0
LD 134267264 0 0
LD 134267392 0 0
LD 134267520 0 0
LD 134267648 0 0
LD 134267776 0 0
LD 134267904 0 0
LD 134268032 0 0
LD 134268160 0 0
LD 134268288 0 0
LD 134268416 0 0
LD 134268544 0 0
LD 134268672 0 0
LD 134268800 0 0
LD 134268928 0 0
LD 134269056 0 0
LD 134269184 0 0
LD 134269312 0 0
LD 134269440 0 0
LD 134269568 0 0
LD 134269696 0 0
LD 134269824 0 0
LD 134269952 0 0
LD 134270080 0 0
LD 134270208 0 0
LD 134270336 0 0
LD 134270464 0 0
LD 134270592 0 0
LD 134270720 0 0
LD 134270848 0 0
LD 134270976 0 0
LD 134271104 0 0
LD 134271232 0 0
LD 134271360 0 0
LD 134271488 0 0
LD 134271616 0 0
LD 134271744 0 0
LD 134271872 0 0
LD 134272000 0 0
LD 134272128 0 0
LD 134272256 0 0
LD 134272384 0 0
LD 134272512 0 0
LD 134272640 0 0
LD 134272768 0 0
LD 134272896 0 0
LD 134273024 0 0
LD 134273152 0 0
LD 134273280 0 0
LD 134273408 0 0
LD 134273536 0 0
LD 134273664 0 0
LD 134273792 0 0
LD 134273920 0 0
LD 134274048 0 0
LD 134274176 0 0
LD 134274304 0 0
LD 134274432 0 0
LD 134274560 0 0
LD 134274688 0 0
LD 134274816 0 0
LD 134274944 0 0
LD 134275072 0 0
LD 134275200 0 0
LD 134275328 0 0
LD 134275456 0 0
LD 134275584 0 0
LD 134275712 0 0
LD 134275840 0 0
LD 134275968 0 0
LD 134276096 0 0
LD 134276224 0 0
LD 134276352 0 0
LD 134276480 0 0
LD 134276608 0 0
LD 134276736 0 0
LD 134276864 0 0
LD 134276992 0 0
LD 134277120 0 0
LD 134277248 0 0
LD 134277376 0 0
LD 134277504 0 0
LD 134277632 0 0
LD 134277760 0 0
LD 134277888 0 0
LD 134278016 0 0
LD 134278144 0 0
LD 134278272 0 0
LD 134278400 0 0
LD 134278528 0 0
LD 134278656 0 0
LD 134278784 0 0
LD 134278912 0 0
LD 134279040 0 0
LD 134279168 0 0
LD 134279296 0 0
LD 134279424 0 0
LD 134279552 0 0
LD 134279680 0 0
LD 134279808 0 0
LD 134279936 0 0
LD 134280064 0 0
LD 134280192 0 0
LD 134280320 0 0
LD 134280448 0 0
LD 134280576 0 0
LD 134280704 0 0
LD 134280832 0 0
LD 134280960 0 0
LD 134281088 0 0
LD 134281216 0 0
LD 134281344 0 0
LD 134281472 0 0
LD 134281600 0 0
LD 134281728 0 0
LD 134281856 0 0
LD 134281984 0 0
LD 134282112 0 0
LD 134282240 0 0
LD 134282368 0 0
LD 134282496 0 0
LD 134282624 0 0
LD 134282752 0 0
LD 134282880 0 0
LD 134283008 0 0
LD 134283136 0 0
LD 134283264 0 0
LD 134283392 0 0
LD 134283520 0 0
LD 134283648 0 0
LD 134283776 0 0
LD 134283904 0 0
LD 134284032 0 0
LD 134284160 0 0
LD 134284288 0 0
LD 134284416 0 0
LD 134284544 0 0
LD 134284672 0 0
LD 134284800 0 0
LD 134284928 0 0
LD 134285056 0 0
LD 134285184 0 0
LD 134285312 0 0
LD 134285440 0 0
LD 134285568 0 0
LD 134285696 0 0
LD 134285824 0 0
LD 134285952 0 0
LD 134286080 0 0
LD 134286208 0 0
LD 134286336 0 0
LD 134286464 0 0
LD 134286592 0 0
LD 134286720 0 0
LD 134286848 0 0
LD 134286976 0 0
LD 134287104 0 0
LD 134287232 0 0
LD 134287360 0 0
LD 134287488 0 0
LD 134287616 0 0
LD 134287744 0 0
LD 134287872 0 0
LD 134288000 0 0
LD 134288128 0 0
LD 134288256 0 0
LD 134288384 0 0
LD 134288512 0 0
LD 134288640 0 0
LD 134288768 0 0
LD 134288896 0 0
LD 134289024 0 0
LD 134289152 0 0
LD 134289280 0 0
LD 134289408 0 0
LD 134289536 0 0
LD 134289664 0 0
LD 134289792 0 0
LD 134289920 0 0
LD 134290048 0 0
LD 134290176 0 0
LD 134290304 0 0
LD 134290432 0 0
LD 134290560 0 0
LD 134290688 0 0
LD 134290816 0 0
LD 134290944 0 0
LD 134291072 0 0
LD 134291200 0 0
LD 134291328 0 0
LD 134291456 0 0
LD 134291584 0 0
LD 134291712 0 0
LD 134291840 0 0
LD 134291968 0 0
LD 134292096 0 0
LD 134292224 0 0
LD 134292352 0 0
LD 134292480 0 0
LD 134292608 0 0
LD 134292736 0 0
LD 134292864 0 0
LD 134292992 0 0
LD 134293120 0 0
LD 134293248 0 0
LD 134293376 0 0
LD 134293504 0 0
LD 134293632 0 0
LD 134293760 0 0
LD 134293888 0 0
LD 134294016 0 0
LD 134294144 0 0
LD 134294272 0 0
LD 134294400 0 0
LD 134294528 0 0
LD 134294656 0 0
LD 134294784 0 0
LD 134294912 0 0
LD 134295040 0 0
LD 134295168 0 0
LD 134295296 0 0
LD 134295424 0 0
LD 134295552 0 0
LD 134295680 0 0
LD 134295808 0 0
LD 134295936 0 0
LD 134296064 0 0
LD 134296192 0 0
LD 134296320 0 0
LD 134296448 0 0
LD 134296576 0 0
LD 134296704 0 0
LD 134296832 0 0
LD 134296960 0 0
LD 134297088 0 0
LD 134297216 0 0
LD 134297344 0 0
LD 134297472 0 0
LD 134297600 0 0
LD 134297728 0 0
LD 134297856 0 0
LD 134297984 0 0
LD 134298112 0 0
LD 134298240 0 0
LD 134298368 0 0
LD 134298496 0 0
LD 134298624 0 0
LD 134298752 0 0
LD 134298880 0 0
LD 134299008 0 0
LD 134299136 0 0
LD 134299264 0 0
LD 134299392 0 0
LD 134299520 0 0
LD 134299648 0 0
LD 134299776 0 0
LD 134299904 0 0
LD 134300032 0 0
LD 134300160 0 0
LD 134300288 0 0
LD 134300416 0 0
LD 134300544 0 0
LD 134300672 0 0
LD 134300800 0 0
LD 134300928 0 0
LD 134301056 0 0
LD 134301184 0 0
LD 134301312 0 0
LD 134301440 0 0
LD 134301568 0 0
LD 134301696 0 0
LD 134301824 0 0
LD 134301952 0 0
LD 134302080 0 0
LD 134302208 0 0
LD 134302336 0 0
LD 134302464 0 0
LD 134302592 0 0
LD 134302720 0 0
LD 134302848 0 0
LD 134302976 0 0
LD 134303104 0 0
LD 134303232 0 0
LD 134303360 0 0
LD 134303488 0 0
LD 134303616 0 0
LD 134303744 0 0
LD 134303872 0 0
LD 134304000 0 0
LD 134304128 0 0
LD 134304256 0 0
LD 134304384 0 0
LD 134304512 0 0
LD 134304640 0 0
LD 134304768 0 0
LD 134304896 0 0
LD 134305024 0 0
LD 134305152 0 0
LD 134305280 0 0
LD 134305408 0 0
LD 134305536 0 0
LD 134305664 0 0
LD 134305792 0 0
LD 134305920 0 0
LD 134306048 0 0
LD 134306176 0 0
LD 134306304 0 0
LD 134306432 0 0
LD 134306560 0 0
LD 134306688 0 0
LD 134306816 0 0
LD 134306944 0 0
LD 134307072 0 0
LD 134307200 0 0
LD 134307328 0 0
LD 134307456 0 0
LD 134307584 0 0
LD 134307712 0 0
LD 134307840 0 0
LD 134307968 0 0
LD 134308096 0 0
LD 134308224 0 0
LD 134308352 0 0
LD 134308480 0 0
LD 134308608 0 0
LD 134308736 0 0
LD 134308864 0 0
LD 134308992 0 0
LD 134309120 0 0
LD 134309248 0 0
LD 134309376 0 0
LD 134309504 0 0
LD 134309632 0 0
LD 134309760 0 0
LD 134309888 0 0
LD 134310016 0 0
LD 134310144 0 0
LD 134310272 0 0
LD 134310400 0 0
LD 134310528 0 0
LD 134310656 0 0
LD 134310784 0 0
LD 134310912 0 0
LD 134311040 0 0
LD 134311168 0 0
LD 134311296 0 0
LD 134311424 0 0
LD 134311552 0 0
LD 134311680 0 0
LD 134311808 0 0
LD 134311936 0 0
LD 134312064 0 0
LD 134312192 0 0
LD 134312320 0 0
LD 134312448 0 0
LD 134312576 0 0
LD 134312704 0 0
LD 134312832 0 0
LD 134312960 0 0
LD 134313088 0 0
LD 134313216 0 0
LD 134313344 0 0
LD 134313472 0 0
LD 134313600 0 0
LD 134313728 0 0
LD 134313856 0 0
LD 134313984 0 0
LD 134314112 0 0
LD 134314240 0 0
LD 134314368 0 0
LD 134314496 0 0
LD 134314624 0 0
LD 134314752 0 0
LD 134314880 0 0
LD 134315008 0 0
LD 134315136 0 0
LD 134315264 0 0
LD 134315392 0 0
LD 134315520 0 0
LD 134315648 0 0
LD 134315776 0 0
LD 134315904 0 0
LD 134316032 0 0
LD 134316160 0 0
LD 134316288 0 0
LD 134316416 0 0
LD 134316544 0 0
LD 134316672 0 0
LD 134316800 0 0
LD 134316928 0 0
LD 134317056 0 0
LD 134317184 0 0
LD 134317312 0 0
LD 134317440 0 0
LD 134317568 0 0
LD 134317696 0 0
LD 134317824 0 0
LD 134317952 0 0
LD 134318080 0 0
LD 134318208 0 0
LD 134318336 0 0
LD 134318464 0 0
LD 134318592 0 0
LD 134318720 0 0
LD 134318848 0 0
LD 134318976 0 0
LD 134319104 0 0
LD 134319232 0 0
LD 134319360 0 0
LD 134319488 0 0
LD 134319616 0 0
LD 134319744 0 0
LD 134319872 0 0
LD 134320000 0 0
LD 134320128 0 0
LD 134320256 0 0
LD 134320384 0 0
LD 134320512 0 0
LD 134320640 0 0
LD 134320768 0 0
LD 134320896 0 0
LD 134321024 0 0
LD 134321152 0 0
LD 134321280 0 0
LD 134321408 0 0
LD 134321536 0 0
LD 134321664 0 0
LD 134321792 0 0
LD 134321920 0 0
LD 134322048 0 0
LD 134322176 0 0
LD 134322304 0 0
LD 134322432 0 0
LD 134322560 0 0
LD 134322688 0 0
LD 134322816 0 0
LD 134322944 0 0
LD 134323072 0 0
LD 134323200 0 0
LD 134323328 0 0
LD 134323456 0 0
LD 134323584 0 0
LD 134323712 0 0
LD 134323840 0 0
LD 134323968 0 0
LD 134324096 0 0
LD 134324224 0 0
LD 134324352 0 0
LD 134324480 0 0
LD 134324608 0 0
LD 134324736 0 0
LD 134324864 0 0
LD 134324992 0 0
LD 134325120 0 0
LD 134325248 0 0
LD 134325376 0 0
LD 134325504 0 0
LD 134325632 0 0
LD 134325760 0 0
LD 134325888 0 0
LD 134326016 0 0
LD 134326144 0 0
LD 134326272 0 0
LD 134326400 0 0
LD 134326528 0 0
LD 134326656 0 0
LD 134326784 0 0
LD 134326912 0 0
LD 134327040 0 0
LD 134327168 0 0
LD 134327296 0 0
LD 134327424 0 0
LD 134327552 0 0
LD 134327680 0 0
LD 134327808 0 0
LD 134327936 0 0
LD 134328064 0 0
LD 134328192 0 0
LD 134328320 0 0
LD 134328448 0 0
LD 134328576 0 0
LD 134328704 0 0
LD 134328832 0 0
LD 134328960 0 0
LD 134329088 0 0
LD 134329216 0 0
LD 134329344 0 0
LD 134329472 0 0
LD 134329600 0 0
LD 134329728 0 0
LD 134329856 0 0
LD 134329984 0 0
LD 134330112 0 0
LD 134330240 0 0
LD 134330368 0 0
LD 134330496 0 0
LD 134330624 0 0
LD 134330752 0 0
LD 134330880 0 0
LD 134331008 0 0
LD 134331136 0 0
LD 134331264 0 0
LD 134331392 0 0
LD 134331520 0 0
LD 134331648 0 0
LD 134331776 0 0
LD 134331904 0 0
LD 134332032 0 0
LD 134332160 0 0
LD 134332288 0 0
LD 134332416 0 0
LD 134332544 0 0
LD 134332672 0 0
LD 134332800 0 0
LD 134332928 0 0
LD 134333056 0 0
LD 134333184 0 0
LD 134333312 0 0
LD 134333440 0 0
LD 134333568 0 0
LD 134333696 0 0
LD 134333824 0 0
LD 134333952 0 0
LD 134334080 0 0
LD 134334208 0 0
LD 134334336 0 0
LD 134334464 0 0
LD 134334592 0 0
LD 134334720 0 0
LD 134334848 0 0
LD 134334976 0 0
LD 134335104 0 0
LD 134335232 0 0
LD 134335360 0 0
LD 134335488 0 0
LD 134335616 0 0
LD 134335744 0 0
LD 134335872 0 0
LD 134336000 0 0
LD 134336128 0 0
LD 134336256 0 0
LD 134336384 0 0
LD 134336512 0 0
LD 134336640 0 0
LD 134336768 0 0
LD 134336896 0 0
LD 134337024 0 0
LD 134337152 0 0
LD 134337280 0 0
LD 134337408 0 0
LD 134337536 0 0
LD 134337664 0 0
LD 134337792 0 0
LD 134337920 0 0
LD 134338048 0 0
LD 134338176 0 0
LD 134338304 0 0
LD 134338432 0 0
LD 134338560 0 0
LD 134338688 0 0
LD 134338816 0 0
LD 134338944 0 0
LD 134339072 0 0
LD 134339200 0 0
LD 134339328 0 0
LD 134339456 0 0
LD 134339584 0 0
LD 134339712 0 0
LD 134339840 0 0
LD 134339968 0 0
LD 134340096 0 0
LD 134340224 0 0
LD 134340352 0 0
LD 134340480 0 0
LD 134340608 0 0
LD 134340736 0 0
LD 134340864 0 0
LD 134340992 0 0
LD 134341120 0 0
LD 134341248 0 0
LD 134341376 0 0
LD 134341504 0 0
LD 134341632 0 0
LD 134341760 0 0
LD 134341888 0 0
LD 134342016 0 0
LD 134342144 0 0
LD 134342272 0 0
LD 134342400 0 0
LD 134342528 0 0
LD 134342656 0 0
LD 134342784 0 0
LD 134342912 0 0
LD 134343040 0 0
LD 134343168 0 0
LD 134343296 0 0
LD 134343424 0 0
LD 134343552 0 0
LD 134343680 0 0
LD 134343808 0 0
LD 134343936 0 0
LD 134344064 0 0
LD 134344192 0 0
LD 134344320 0 0
LD 134344448 0 0
LD 134344576 0 0
LD 134344704 0 0
LD 134344832 0 0
LD 134344960 0 0
LD 134345088 0 0
LD 134345216 0 0
LD 134345344 0 0
LD 134345472 0 0
LD 134345600 0 0
LD 134345728 0 0
LD 134345856 0 0
LD 134345984 0 0
LD 134346112 0 0
LD 134346240 0 0
LD 134346368 0 0
LD 134346496 0 0
LD 134346624 0 0
LD 134346752 0 0
LD 134346880 0 0
LD 134347008 0 0
LD 134347136 0 0
LD 134347264 0 0
LD 134347392 0 0
LD 134347520 0 0
LD 134347648 0 0
LD 134347776 0 0
LD 134347904 0 0
LD 134348032 0 0
LD 134348160 0 0
LD 134348288 0 0
LD 134348416 0 0
LD 134348544 0 0
LD 134348672 0 0
LD 134348800 0 0
LD 134348928 0 0
LD 134349056 0 0
LD 134349184 0 0
LD 134349312 0 0
LD 134349440 0 0
LD 134349568 0 0
LD 134349696 0 0
LD 134349824 0 0
LD 134349952 0 0
LD 134350080 0 0
LD 134350208 0 0
LD 134350336 0 0
LD 134350464 0 0
LD 134350592 0 0
LD 134350720 0 0
LD 134350848 0 0
LD 134350976 0 0
LD 134351104 0 0
LD 134351232 0 0
LD 134351360 0 0
LD 134351488 0 0
LD 134351616 0 0
LD 134351744 0 0
LD 134351872 0 0
LD 134352000 0 0
LD 134352128 0 0
LD 134352256 0 0
LD 134352384 0 0
LD 134352512 0 0
LD 134352640 0 0
LD 134352768 0 0
LD 134352896 0 0
LD 134353024 0 0
LD 134353152 0 0
LD 134353280 0 0
LD 134353408 0 0
LD 134353536 0 0
LD 134353664 0 0
LD 134353792 0 0
LD 134353920 0 0
LD 134354048 0 0
LD 134354176 0 0
LD 134354304 0 0
LD 134354432 0 0
LD 134354560 0 0
LD 134354688 0 0
LD 134354816 0 0
LD 134354944 0 0
LD 134355072 0 0
LD 134355200 0 0
LD 134355328 0 0
LD 134355456 0 0
LD 134355584 0 0
LD 134355712 0 0
LD 134355840 0 0
LD 134355968 0 0
LD 134356096 0 0
LD 134356224 0 0
LD 134356352 0 0
LD 134356480 0 0
LD 134356608 0 0
LD 134356736 0 0
LD 134356864 0 0
LD 134356992 0 0
LD 134357120 0 0
LD 134357248 0 0
LD 134357376 0 0
LD 134357504 0 0
LD 134357632 0 0
LD 134357760 0 0
LD 134357888 0 0
LD 134358016 0 0
LD 134358144 0 0
LD 134358272 0 0
LD 134358400 0 0
LD 134358528 0 0
LD 134358656 0 0
LD 134358784 0 0
LD 134358912 0 0
LD 134359040 0 0
LD 134359168 0 0
LD 134359296 0 0
LD 134359424 0 0
LD 134359552 0 0
LD 134359680 0 0
LD 134359808 0 0
LD 134359936 0 0
LD 134360064 0 0
LD 134360192 0 0
LD 134360320 0 0
LD 134360448 0 0
LD 134360576 0 0
LD 134360704 0 0
LD 134360832 0 0
LD 134360960 0 0
LD 134361088 0 0
LD 134361216 0 0
LD 134361344 0 0
LD 134361472 0 0
LD 134361600 0 0
LD 134361728 0 0
LD 134361856 0 0
LD 134361984 0 0
LD 134362112 0 0
LD 134362240 0 0
LD 134362368 0 0
LD 134362496 0 0
LD 134362624 0 0
LD 134362752 0 0
LD 134362880 0 0
LD 134363008 0 0
LD 134363136 0 0
LD 134363264 0 0
LD 134363392 0 0
LD 134363520 0 0
LD 134363648 0 0
LD 134363776 0 0
LD 134363904 0 0
LD 134364032 0 0
LD 134364160 0 0
LD 134364288 0 0
LD 134364416 0 0
LD 134364544 0 0
LD 134364672 0 0
LD 134364800 0 0
LD 134364928 0 0
LD 134365056 0 0
LD 134365184 0 0
LD 134365312 0 0
LD 134365440 0 0
LD 134365568 0 0
LD 134365696 0 0
LD 134365824 0 0
LD 134365952 0 0
LD 134366080 0 0
LD 134366208 0 0
LD 134366336 0 0
LD 134366464 0 0
LD 134366592 0 0
LD 134366720 0 0
LD 134366848 0 0
LD 134366976 0 0
LD 134367104 0 0
LD 134367232 0 0
LD 134367360 0 0
LD 134367488 0 0
LD 134367616 0 0
LD 134367744 0 0
LD 134367872 0 0
LD 134368000 0 0
LD 134368128 0 0
LD 134368256 0 0
LD 134368384 0 0
LD 134368512 0 0
LD 134368640 0 0
LD 134368768 0 0
LD 134368896 0 0
LD 134369024 0 0
LD 134369152 0 0
LD 134369280 0 0
LD 134369408 0 0
LD 134369536 0 0
LD 134369664 0 0
LD 134369792 0 0
LD 134369920 0 0
LD 134370048 0 0
LD 134370176 0 0
LD 134370304 0 0
LD 134370432 0 0
LD 134370560 0 0
LD 134370688 0 0
LD 134370816 0 0
LD 134370944 0 0
LD 134371072 0 0
LD 134371200 0 0
LD 134371328 0 0
LD 134371456 0 0
LD 134371584 0 0
LD 134371712 0 0
LD 134371840 0 0
LD 134371968 0 0
LD 134372096 0 0
LD 134372224 0 0
LD 134372352 0 0
LD 134372480 0 0
LD 134372608 0 0
LD 134372736 0 0
LD 134372864 0 0
LD 134372992 0 0
LD 134373120 0 0
LD 134373248 0 0
LD 134373376 0 0
LD 134373504 0 0
LD 134373632 0 0
LD 134373760 0 0
LD 134373888 0 0
LD 134374016 0 0
LD 134374144 0 0
LD 134374272 0 0
LD 134374400 0 0
LD 134374528 0 0
LD 134374656 0 0
LD 134374784 0 0
LD 134374912 0 0
LD 134375040 0 0
LD 134375168 0 0
LD 134375296 0 0
LD 134375424 0 0
LD 134375552 0 0
LD 134375680 0 0
LD 134375808 0 0
LD 134375936 0 0
LD 134376064 0 0
LD 134376192 0 0
LD 134376320 0 0
LD 134376448 0 0
LD 134376576 0 0
LD 134376704 0 0
LD 134376832 0 0
LD 134376960 0 0
LD 134377088 0 0
LD 134377216 0 0
LD 134377344 0 0
LD 134377472 0 0
LD 134377600 0 0
LD 134377728 0 0
LD 134377856 0 0
LD 134377984 0 0
LD 134378112 0 0
LD 134378240 0 0
LD 134378368 0 0
LD 134378496 0 0
LD 134378624 0 0
LD 134378752 0 0
LD 134378880 0 0
LD 134379008 0 0
LD 134379136 0 0
LD 134379264 0 0
LD 134379392 0 0
LD 134379520 0 0
LD 134379648 0 0
LD 134379776 0 0
LD 134379904 0 0
LD 134380032 0 0
LD 134380160 0 0
LD 134380288 0 0
LD 134380416 0 0
LD 134380544 0 0
LD 134380672 0 0
LD 134380800 0 0
LD 134380928 0 0
LD 134381056 0 0
LD 134381184 0 0
LD 134381312 0 0
LD 134381440 0 0
LD 134381568 0 0
LD 134381696 0 0
LD 134381824 0 0
LD 134381952 0 0
LD 134382080 0 0
LD 134382208 0 0
LD 134382336 0 0
LD 134382464 0 0
LD 134382592 0 0
LD 134382720 0 0
LD 134382848 0 0
LD 134382976 0 0
LD 134383104 0 0
LD 134383232 0 0
LD 134383360 0 0
LD 134383488 0 0
LD 134383616 0 0
LD 134383744 0 0
LD 134383872 0 0
LD 134384000 0 0
LD 134384128 0 0
LD 134384256 0 0
LD 134384384 0 0
LD 134384512 0 0
LD 134384640 0 0
LD 134384768 0 0
LD 134384896 0 0
LD 134385024 0 0
LD 134385152 0 0
LD 134385280 0 0
LD 134385408 0 0
LD 134385536 0 0
LD 134385664 0 0
LD 134385792 0 0
LD 134385920 0 0
LD 134386048 0 0
LD 134386176 0 0
LD 134386304 0 0
LD 134386432 0 0
LD 134386560 0 0
LD 134386688 0 0
LD 134386816 0 0
LD 134386944 0 0
LD 134387072 0 0
LD 134387200 0 0
LD 134387328 0 0
LD 134387456 0 0
LD 134387584 0 0
LD 134387712 0 0
LD 134387840 0 0
LD 134387968 0 0
LD 134388096 0 0
LD 134388224 0 0
LD 134388352 0 0
LD 134388480 0 0
LD 134388608 0 0
LD 134388736 0 0
LD 134388864 0 0
LD 134388992 0 0
LD 134389120 0 0
LD 134389248 0 0
LD 134389376 0 0
LD 134389504 0 0
LD 134389632 0 0
LD 134389760 0 0
LD 134389888 0 0
LD 134390016 0 0
LD 134390144 0 0
LD 134390272 0 0
LD 134390400 0 0
LD 134390528 0 0
LD 134390656 0 0
LD 134390784 0 0
LD 134390912 0 0
LD 134391040 0 0
LD 134391168 0 0
LD 134391296 0 0
LD 134391424 0 0
LD 134391552 0 0
LD 134391680 0 0
LD 134391808 0 0
LD 134391936 0 0
LD 134392064 0 0
LD 134392192 0 0
LD 134392320 0 0
LD 134392448 0 0
LD 134392576 0 0
LD 134392704 0 0
LD 134392832 0 0
LD 134392960 0 0
LD 134393088 0 0
LD 134393216 0 0
LD 134393344 0 0
LD 134393472 0 0
LD 134393600 0 0
LD 134393728 0 0
LD 134393856 0 0
LD 134393984 0 0
LD 134394112 0 0
LD 134394240 0 0
LD 134394368 0 0
LD 134394496 0 0
LD 134394624 0 0
LD 134394752 0 0
LD 134394880 0 0
LD 134395008 0 0
LD 134395136 0 0
LD 134395264 0 0
LD 134395392 0 0
LD 134395520 0 0
LD 134395648 0 0
LD 134395776 0 0
LD 134395904 0 0
LD 134396032 0 0
LD 134396160 0 0
LD 134396288 0 0
LD 134396416 0 0
LD 134396544 0 0
LD 134396672 0 0
LD 134396800 0 0
LD 134396928 0 0
LD 134397056 0 0
LD 134397184 0 0
LD 134397312 0 0
LD 134397440 0 0
LD 134397568 0 0
LD 134397696 0 0
LD 134397824 0 0
LD 134397952 0 0
LD 134398080 0 0
LD 134398208 0 0
LD 134398336 0 0
LD 134398464 0 0
LD 134398592 0 0
LD 134398720 0 0
LD 134398848 0 0
LD 134398976 0 0
LD 134399104 0 0
LD 134399232 0 0
LD 134399360 0 0
LD 134399488 0 0
LD 134399616 0 0
LD 134399744 0 0
LD 134399872 0 0
LD 134400000 0 0
LD 134400128 0 0
LD 134400256 0 0
LD 134400384 0 0
LD 134400512 0 0
LD 134400640 0 0
LD 134400768 0 0
LD 134400896 0 0
LD 134401024 0 0
LD 134401152 0 0
LD 134401280 0 0
LD 134401408 0 0
LD 134401536 0 0
LD 134401664 0 0
LD 134401792 0 0
LD 134401920 0 0
LD 134402048 0 0
LD 134402176 0 0
LD 134402304 0 0
LD 134402432 0 0
LD 134402560 0 0
LD 134402688 0 0
LD 134402816 0 0
LD 134402944 0 0
LD 134403072 0 0
LD 134403200 0 0
LD 134403328 0 0
LD 134403456 0 0
LD 134403584 0 0
LD 134403712 0 0
LD 134403840 0 0
LD 134403968 0 0
LD 134404096 0 0
LD 134404224 0 0
LD 134404352 0 0
LD 134404480 0 0
LD 134404608 0 0
LD 134404736 0 0
LD 134404864 0 0
LD 134404992 0 0
LD 134405120 0 0
LD 134405248 0 0
LD 134405376 0 0
LD 134405504 0 0
LD 134405632 0 0
LD 134405760 0 0
LD 134405888 0 0
LD 134406016 0 0
LD 134406144 0 0
LD 134406272 0 0
LD 134406400 0 0
LD 134406528 0 0
LD 134406656 0 0
LD 134406784 0 0
LD 134406912 0 0
LD 134407040 0 0
LD 134407168 0 0
LD 134407296 0 0
LD 134407424 0 0
LD 134407552 0 0
LD 134407680 0 0
LD 134407808 0 0
LD 134407936 0 0
LD 134408064 0 0
LD 134408192 0 0
LD 134408320 0 0
LD 134408448 0 0
LD 134408576 0 0
LD 134408704 0 0
LD 134408832 0 0
LD 134408960 0 0
LD 134409088 0 0
LD 134409216 0 0
LD 134409344 0 0
LD 134409472 0 0
LD 134409600 0 0
LD 134409728 0 0
LD 134409856 0 0
LD 134409984 0 0
LD 134410112 0 0
LD 134410240 0 0
LD 134410368 0 0
LD 134410496 0 0
LD 134410624 0 0
LD 134410752 0 0
LD 134410880 0 0
LD 134411008 0 0
LD 134411136 0 0
LD 134411264 0 0
LD 134411392 0 0
LD 134411520 0 0
LD 134411648 0 0
LD 134411776 0 0
LD 134411904 0 0
LD 134412032 0 0
LD 134412160 0 0
LD 134412288 0 0
LD 134412416 0 0
LD 134412544 0 0
LD 134412672 0 0
LD 134412800 0 0
LD 134412928 0 0
LD 134413056 0 0
LD 134413184 0 0
LD 134413312 0 0
LD 134413440 0 0
LD 134413568 0 0
LD 134413696 0 0
LD 134413824 0 0
LD 134413952 0 0
LD 134414080 0 0
LD 134414208 0 0
LD 134414336 0 0
LD 134414464 0 0
LD 134414592 0 0
LD 134414720 0 0
LD 134414848 0 0
LD 134414976 0 0
LD 134415104 0 0
LD 134415232 0 0
LD 134415360 0 0
LD 134415488 0 0
LD 134415616 0 0
LD 134415744 0 0
LD 134415872 0 0
LD 134416000 0 0
LD 134416128 0 0
LD 134416256 0 0
LD 134416384 0 0
LD 134416512 0 0
LD 134416640 0 0
LD 134416768 0 0
LD 134416896 0 0
LD 134417024 0 0
LD 134417152 0 0
LD 134417280 0 0
LD 134417408 0 0
LD 134417536 0 0
LD 134417664 0 0
LD 134417792 0 0
LD 134417920 0 0
LD 134418048 0 0
LD 134418176 0 0
LD 134418304 0 0
LD 134418432 0 0
LD 134418560 0 0
LD 134418688 0 0
LD 134418816 0 0
LD 134418944 0 0
LD 134419072 0 0
LD 134419200 0 0
LD 134419328 0 0
LD 134419456 0 0
LD 134419584 0 0
LD 134419712 0 0
LD 134419840 0 0
LD 134419968 0 0
LD 134420096 0 0
LD 134420224 0 0
LD 134420352 0 0
LD 134420480 0 0
LD 134420608 0 0
LD 134420736 0 0
LD 134420864 0 0
LD 134420992 0 0
LD 134421120 0 0
LD 134421248 0 0
LD 134421376 0 0
LD 134421504 0 0
LD 134421632 0 0
LD 134421760 0 0
LD 134421888 0 0
LD 134422016 0 0
LD 134422144 0 0
LD 134422272 0 0
LD 134422400 0 0
LD 134422528 0 0
LD 134422656 0 0
LD 134422784 0 0
LD 134422912 0 0
LD 134423040 0 0
LD 134423168 0 0
LD 134423296 0 0
LD 134423424 0 0
LD 134423552 0 0
LD 134423680 0 0
LD 134423808 0 0
LD 134423936 0 0
LD 134424064 0 0
LD 134424192 0 0
LD 134424320 0 0
LD 134424448 0 0
LD 134424576 0 0
LD 134424704 0 0
LD 134424832 0 0
LD 134424960 0 0
LD 134425088 0 0
LD 134425216 0 0
LD 134425344 0 0
LD 134425472 0 0
LD 134425600 0 0
LD 134425728 0 0
LD 134425856 0 0
LD 134425984 0 0
LD 134426112 0 0
LD 134426240 0 0
LD 134426368 0 0
LD 134426496 0 0
LD 134426624 0 0
LD 134426752 0 0
LD 134426880 0 0
LD 134427008 0 0
LD 134427136 0 0
LD 134427264 0 0
LD 134427392 0 0
LD 134427520 0 0
LD 134427648 0 0
LD 134427776 0 0
LD 134427904 0 0
LD 134428032 0 0
LD 134428160 0 0
LD 134428288 0 0
LD 134428416 0 0
LD 134428544 0 0
LD 134428672 0 0
LD 134428800 0 0
LD 134428928 0 0
LD 134429056 0 0
LD 134429184 0 0
LD 134429312 0 0
LD 134429440 0 0
LD 134429568 0 0
LD 134429696 0 0
LD 134429824 0 0
LD 134429952 0 0
LD 134430080 0 0
LD 134430208 0 0
LD 134430336 0 0
LD 134430464 0 0
LD 134430592 0 0
LD 134430720 0 0
LD 134430848 0 0
LD 134430976 0 0
LD 134431104 0 0
LD 134431232 0 0
LD 134431360 0 0
LD 134431488 0 0
LD 134431616 0 0
LD 134431744 0 0
LD 134431872 0 0
LD 134432000 0 0
LD 134432128 0 0
LD 134432256 0 0
LD 134432384 0 0
LD 134432512 0 0
LD 134432640 0 0
LD 134432768 0 0
LD 134432896 0 0
LD 134433024 0 0
LD 134433152 0 0
LD 134433280 0 0
LD 134433408 0 0
LD 134433536 0 0
LD 134433664 0 0
LD 134433792 0 0
LD 134433920 0 0
LD 134434048 0 0
LD 134434176 0 0
LD 134434304 0 0
LD 134434432 0 0
LD 134434560 0 0
LD 134434688 0 0
LD 134434816 0 0
LD 134434944 0 0
LD 134435072 0 0
LD 134435200 0 0
LD 134435328 0 0
LD 134435456 0 0
LD 134435584 0 0
LD 134435712 0 0
LD 134435840 0 0
LD 134435968 0 0
LD 134436096 0 0
LD 134436224 0 0
LD 134436352 0 0
LD 134436480 0 0
LD 134436608 0 0
LD 134436736 0 0
LD 134436864 0 0
LD 134436992 0 0
LD 134437120 0 0
LD 134437248 0 0
LD 134437376 0 0
LD 134437504 0 0
LD 134437632 0 0
LD 134437760 0 0
LD 134437888 0 0
LD 134438016 0 0
LD 134438144 0 0
LD 134438272 0 0
LD 134438400 0 0
LD 134438528 0 0
LD 134438656 0 0
LD 134438784 0 0
LD 134438912 0 0
LD 134439040 0 0
LD 134439168 0 0
LD 134439296 0 0
LD 134439424 0 0
LD 134439552 0 0
LD 134439680 0 0
LD 134439808 0 0
LD 134439936 0 0
LD 134440064 0 0
LD 134440192 0 0
LD 134440320 0 0
LD 134440448 0 0
LD 134440576 0 0
LD 134440704 0 0
LD 134440832 0 0
LD 134440960 0 0
LD 134441088 0 0
LD 134441216 0 0
LD 134441344 0 0
LD 134441472 0 0
LD 134441600 0 0
LD 134441728 0 0
LD 134441856 0 0
LD 134441984 0 0
LD 134442112 0 0
LD 134442240 0 0
LD 134442368 0 0
LD 134442496 0 0
LD 134442624 0 0
LD 134442752 0 0
LD 134442880 0 0
LD 134443008 0 0
LD 134443136 0 0
LD 134443264 0 0
LD 134443392 0 0
LD 134443520 0 0
LD 134443648 0 0
LD 134443776 0 0
LD 134443904 0 0
LD 134444032 0 0
LD 134444160 0 0
LD 134444288 0 0
LD 134444416 0 0
LD 134444544 0 0
LD 134444672 0 0
LD 134444800 0 0
LD 134444928 0 0
LD 134445056 0 0
LD 134445184 0 0
LD 134445312 0 0
LD 134445440 0 0
LD 134445568 0 0
LD 134445696 0 0
LD 134445824 0 0
LD 134445952 0 0
LD 134446080 0 0
LD 134446208 0 0
LD 134446336 0 0
LD 134446464 0 0
LD 134446592 0 0
LD 134446720 0 0
LD 134446848 0 0
LD 134446976 0 0
LD 134447104 0 0
LD 134447232 0 0
LD 134447360 0 0
LD 134447488 0 0
LD 134447616 0 0
LD 134447744 0 0
LD 134447872 0 0
LD 134448000 0 0
LD 134448128 0 0
LD 134448256 0 0
LD 134448384 0 0
LD 134448512 0 0
LD 134448640 0 0
LD 134448768 0 0
LD 134448896 0 0
LD 134449024 0 0
LD 134449152 0 0
LD 134449280 0 0
LD 134449408 0 0
LD 134449536 0 0
LD 134449664 0 0
LD 134449792 0 0
LD 134449920 0 0
LD 134450048 0 0
LD 134450176 0 0
LD 134450304 0 0
LD 134450432 0 0
LD 134450560 0 0
LD 134450688 0 0
LD 134450816 0 0
LD 134450944 0 0
LD 134451072 0 0
LD 134451200 0 0
LD 134451328 0 0
LD 134451456 0 0
LD 134451584 0 0
LD 134451712 0 0
LD 134451840 0 0
LD 134451968 0 0
LD 134452096 0 0
LD 134452224 0 0
LD 134452352 0 0
LD 134452480 0 0
LD 134452608 0 0
LD 134452736 0 0
LD 134452864 0 0
LD 134452992 0 0
LD 134453120 0 0
LD 134453248 0 0
LD 134453376 0 0
LD 134453504 0 0
LD 134453632 0 0
LD 134453760 0 0
LD 134453888 0 0
LD 134454016 0 0
LD 134454144 0 0
LD 134454272 0 0
LD 134454400 0 0
LD 134454528 0 0
LD 134454656 0 0
LD 134454784 0 0
LD 134454912 0 0
LD 134455040 0 0
LD 134455168 0 0
LD 134455296 0 0
LD 134455424 0 0
LD 134455552 0 0
LD 134455680 0 0
LD 134455808 0 0
LD 134455936 0 0
LD 134456064 0 0
LD 134456192 0 0
LD 134456320 0 0
LD 134456448 0 0
LD 134456576 0 0
LD 134456704 0 0
LD 134456832 0 0
LD 134456960 0 0
LD 134457088 0 0
LD 134457216 0 0
LD 134457344 0 0
LD 134457472 0 0
LD 134457600 0 0
LD 134457728 0 0
LD 134457856 0 0
LD 134457984 0 0
LD 134458112 0 0
LD 134458240 0 0
LD 134458368 0 0
LD 134458496 0 0
LD 134458624 0 0
LD 134458752 0 0
LD 134458880 0 0
LD 134459008 0 0
LD 134459136 0 0
LD 134459264 0 0
LD 134459392 0 0
LD 134459520 0 0
LD 134459648 0 0
LD 134459776 0 0
LD 134459904 0 0
LD 134460032 0 0
LD 134460160 0 0
LD 134460288 0 0
LD 134460416 0 0
LD 134460544 0 0
LD 134460672 0 0
LD 134460800 0 0
LD 134460928 0 0
LD 134461056 0 0
LD 134461184 0 0
LD 134461312 0 0
LD 134461440 0 0
LD 134461568 0 0
LD 134461696 0 0
LD 134461824 0 0
LD 134461952 0 0
LD 134462080 0 0
LD 134462208 0 0
LD 134462336 0 0
LD 134462464 0 0
LD 134462592 0 0
LD 134462720 0 0
LD 134462848 0 0
LD 134462976 0 0
LD 134463104 0 0
LD 134463232 0 0
LD 134463360 0 0
LD 134463488 0 0
LD 134463616 0 0
LD 134463744 0 0
LD 134463872 0 0
LD 134464000 0 0
LD 134464128 0 0
LD 134464256 0 0
LD 134464384 0 0
LD 134464512 0 0
LD 134464640 0 0
LD 134464768 0 0
LD 134464896 0 0
LD 134465024 0 0
LD 134465152 0 0
LD 134465280 0 0
LD 134465408 0 0
LD 134465536 0 0
LD 134465664 0 0
LD 134465792 0 0
LD 134465920 0 0
LD 134466048 0 0
LD 134466176 0 0
LD 134466304 0 0
LD 134466432 0 0
LD 134466560 0 0
LD 134466688 0 0
LD 134466816 0 0
LD 134466944 0 0
LD 134467072 0 0
LD 134467200 0 0
LD 134467328 0 0
LD 134467456 0 0
LD 134467584 0 0
LD 134467712 0 0
LD 134467840 0 0
LD 134467968 0 0
LD 134468096 0 0
LD 134468224 0 0
LD 134468352 0 0
LD 134468480 0 0
LD 134468608 0 0
LD 134468736 0 0
LD 134468864 0 0
LD 134468992 0 0
LD 134469120 0 0
LD 134469248 0 0
LD 134469376 0 0
LD 134469504 0 0
LD 134469632 0 0
LD 134469760 0 0
LD 134469888 0 0
LD 134470016 0 0
LD 134470144 0 0
LD 134470272 0 0
LD 134470400 0 0
LD 134470528 0 0
LD 134470656 0 0
LD 134470784 0 0
LD 134470912 0 0
LD 134471040 0 0
LD 134471168 0 0
LD 134471296 0 0
LD 134471424 0 0
LD 134471552 0 0
LD 134471680 0 0
LD 134471808 0 0
LD 134471936 0 0
LD 134472064 0 0
LD 134472192 0 0
LD 134472320 0 0
LD 134472448 0 0
LD 134472576 0 0
LD 134472704 0 0
LD 134472832 0 0
LD 134472960 0 0
LD 134473088 0 0
LD 134473216 0 0
LD 134473344 0 0
LD 134473472 0 0
LD 134473600 0 0
