1 0 0 0
1 0 1 0
1 0 2 0
1 0 3 0
1 0 4 0
1 0 5 0
1 0 6 0
1 0 7 0
1 0 8 0
1 0 9 0
1 0 10 0
1 0 11 0
1 0 12 0
1 0 13 0
1 0 14 0
1 0 15 0
1 1 0 0
1 1 1 0
1 1 2 0
1 1 3 0
1 1 4 0
1 1 5 0
1 1 6 0
1 1 7 0
1 1 8 0
1 1 9 0
1 1 10 0
1 1 11 0
1 1 12 0
1 1 13 0
1 1 14 0
1 1 15 0
1 2 0 0
1 2 1 0
1 2 2 0
1 2 3 0
1 2 4 0
1 2 5 0
1 2 6 0
1 2 7 0
1 2 8 0
1 2 9 0
1 2 10 0
1 2 11 0
1 2 12 0
1 2 13 0
1 2 14 0
1 2 15 0
1 3 0 0
1 3 1 0
1 3 2 0
1 3 3 0
1 3 4 0
1 3 5 0
1 3 6 0
1 3 7 0
1 3 8 0
1 3 9 0
1 3 10 0
1 3 11 0
1 3 12 0
1 3 13 0
1 3 14 0
1 3 15 0
1 4 0 0
1 4 1 0
1 4 2 0
1 4 3 0
1 4 4 0
1 4 5 0
1 4 6 0
1 4 7 0
1 4 8 0
1 4 9 0
1 4 10 0
1 4 11 0
1 4 12 0
1 4 13 0
1 4 14 0
1 4 15 0
1 5 0 0
1 5 1 0
1 5 2 0
1 5 3 0
1 5 4 0
1 5 5 0
1 5 6 0
1 5 7 0
1 5 8 0
1 5 9 0
1 5 10 0
1 5 11 0
1 5 12 0
1 5 13 0
1 5 14 0
1 5 15 0
1 6 0 0
1 6 1 0
1 6 2 0
1 6 3 0
1 6 4 0
1 6 5 0
1 6 6 0
1 6 7 0
1 6 8 0
1 6 9 0
1 6 10 0
1 6 11 0
1 6 12 0
1 6 13 0
1 6 14 0
1 6 15 0
1 7 0 0
1 7 1 0
1 7 2 0
1 7 3 0
1 7 4 0
1 7 5 0
1 7 6 0
1 7 7 0
1 7 8 0
1 7 9 0
1 7 10 0
1 7 11 0
1 7 12 0
1 7 13 0
1 7 14 0
1 7 15 0
1 8 0 0
1 8 1 0
1 8 2 0
1 8 3 0
1 8 4 0
1 8 5 0
1 8 6 0
1 8 7 0
1 8 8 0
1 8 9 0
1 8 10 0
1 8 11 0
1 8 12 0
1 8 13 0
1 8 14 0
1 8 15 0
1 9 0 0
1 9 1 0
1 9 2 0
1 9 3 0
1 9 4 0
1 9 5 0
1 9 6 0
1 9 7 0
1 9 8 0
1 9 9 0
1 9 10 0
1 9 11 0
1 9 12 0
1 9 13 0
1 9 14 0
1 9 15 0
1 10 0 0
1 10 1 0
1 10 2 0
1 10 3 0
1 10 4 0
1 10 5 0
1 10 6 0
1 10 7 0
1 10 8 0
1 10 9 0
1 10 10 0
1 10 11 0
1 10 12 0
1 10 13 0
1 10 14 0
1 10 15 0
1 11 0 0
1 11 1 0
1 11 2 0
1 11 3 0
1 11 4 0
1 11 5 0
1 11 6 0
1 11 7 0
1 11 8 0
1 11 9 0
1 11 10 0
1 11 11 0
1 11 12 0
1 11 13 0
1 11 14 0
1 11 15 0
1 12 0 0
1 12 1 0
1 12 2 0
1 12 3 0
1 12 4 0
1 12 5 0
1 12 6 0
1 12 7 0
1 12 8 0
1 12 9 0
1 12 10 0
1 12 11 0
1 12 12 0
1 12 13 0
1 12 14 0
1 12 15 0
1 13 0 0
1 13 1 0
1 13 2 0
1 13 3 0
1 13 4 0
1 13 5 0
1 13 6 0
1 13 7 0
1 13 8 0
1 13 9 0
1 13 10 0
1 13 11 0
1 13 12 0
1 13 13 0
1 13 14 0
1 13 15 0
1 14 0 0
1 14 1 0
1 14 2 0
1 14 3 0
1 14 4 0
1 14 5 0
1 14 6 0
1 14 7 0
1 14 8 0
1 14 9 0
1 14 10 0
1 14 11 0
1 14 12 0
1 14 13 0
1 14 14 0
1 14 15 0
1 15 0 0
1 15 1 0
1 15 2 0
1 15 3 0
1 15 4 0
1 15 5 0
1 15 6 0
1 15 7 0
1 15 8 0
1 15 9 0
1 15 10 0
1 15 11 0
1 15 12 0
1 15 13 0
1 15 14 0
1 15 15 0
1 16 0 0
1 16 1 0
1 16 2 0
1 16 3 0
1 16 4 0
1 16 5 0
1 16 6 0
1 16 7 0
1 16 8 0
1 16 9 0
1 16 10 0
1 16 11 0
1 16 12 0
1 16 13 0
1 16 14 0
1 16 15 0
1 17 0 0
1 17 1 0
1 17 2 0
1 17 3 0
1 17 4 0
1 17 5 0
1 17 6 0
1 17 7 0
1 17 8 0
1 17 9 0
1 17 10 0
1 17 11 0
1 17 12 0
1 17 13 0
1 17 14 0
1 17 15 0
1 18 0 0
1 18 1 0
1 18 2 0
1 18 3 0
1 18 4 0
1 18 5 0
1 18 6 0
1 18 7 0
1 18 8 0
1 18 9 0
1 18 10 0
1 18 11 0
1 18 12 0
1 18 13 0
1 18 14 0
1 18 15 0
1 19 0 0
1 19 1 0
1 19 2 0
1 19 3 0
1 19 4 0
1 19 5 0
1 19 6 0
1 19 7 0
1 19 8 0
1 19 9 0
1 19 10 0
1 19 11 0
1 19 12 0
1 19 13 0
1 19 14 0
1 19 15 0
1 20 0 0
1 20 1 0
1 20 2 0
1 20 3 0
1 20 4 0
1 20 5 0
1 20 6 0
1 20 7 0
1 20 8 0
1 20 9 0
1 20 10 0
1 20 11 0
1 20 12 0
1 20 13 0
1 20 14 0
1 20 15 0
1 21 0 0
1 21 1 0
1 21 2 0
1 21 3 0
1 21 4 0
1 21 5 0
1 21 6 0
1 21 7 0
1 21 8 0
1 21 9 0
1 21 10 0
1 21 11 0
1 21 12 0
1 21 13 0
1 21 14 0
1 21 15 0
1 22 0 0
1 22 1 0
1 22 2 0
1 22 3 0
1 22 4 0
1 22 5 0
1 22 6 0
1 22 7 0
1 22 8 0
1 22 9 0
1 22 10 0
1 22 11 0
1 22 12 0
1 22 13 0
1 22 14 0
1 22 15 0
1 23 0 0
1 23 1 0
1 23 2 0
1 23 3 0
1 23 4 0
1 23 5 0
1 23 6 0
1 23 7 0
1 23 8 0
1 23 9 0
1 23 10 0
1 23 11 0
1 23 12 0
1 23 13 0
1 23 14 0
1 23 15 0
1 24 0 0
1 24 1 0
1 24 2 0
1 24 3 0
1 24 4 0
1 24 5 0
1 24 6 0
1 24 7 0
1 24 8 0
1 24 9 0
1 24 10 0
1 24 11 0
1 24 12 0
1 24 13 0
1 24 14 0
1 24 15 0
1 25 0 0
1 25 1 0
1 25 2 0
1 25 3 0
1 25 4 0
1 25 5 0
1 25 6 0
1 25 7 0
1 25 8 0
1 25 9 0
1 25 10 0
1 25 11 0
1 25 12 0
1 25 13 0
1 25 14 0
1 25 15 0
1 26 0 0
1 26 1 0
1 26 2 0
1 26 3 0
1 26 4 0
1 26 5 0
1 26 6 0
1 26 7 0
1 26 8 0
1 26 9 0
1 26 10 0
1 26 11 0
1 26 12 0
1 26 13 0
1 26 14 0
1 26 15 0
1 27 0 0
1 27 1 0
1 27 2 0
1 27 3 0
1 27 4 0
1 27 5 0
1 27 6 0
1 27 7 0
1 27 8 0
1 27 9 0
1 27 10 0
1 27 11 0
1 27 12 0
1 27 13 0
1 27 14 0
1 27 15 0
1 28 0 0
1 28 1 0
1 28 2 0
1 28 3 0
1 28 4 0
1 28 5 0
1 28 6 0
1 28 7 0
1 28 8 0
1 28 9 0
1 28 10 0
1 28 11 0
1 28 12 0
1 28 13 0
1 28 14 0
1 28 15 0
1 29 0 0
1 29 1 0
1 29 2 0
1 29 3 0
1 29 4 0
1 29 5 0
1 29 6 0
1 29 7 0
1 29 8 0
1 29 9 0
1 29 10 0
1 29 11 0
1 29 12 0
1 29 13 0
1 29 14 0
1 29 15 0
1 30 0 0
1 30 1 0
1 30 2 0
1 30 3 0
1 30 4 0
1 30 5 0
1 30 6 0
1 30 7 0
1 30 8 0
1 30 9 0
1 30 10 0
1 30 11 0
1 30 12 0
1 30 13 0
1 30 14 0
1 30 15 0
1 31 0 0
1 31 1 0
1 31 2 0
1 31 3 0
1 31 4 0
1 31 5 0
1 31 6 0
1 31 7 0
1 31 8 0
1 31 9 0
1 31 10 0
1 31 11 0
1 31 12 0
1 31 13 0
1 31 14 0
1 31 15 0
1 32 0 0
1 32 1 0
1 32 2 0
1 32 3 0
1 32 4 0
1 32 5 0
1 32 6 0
1 32 7 0
1 32 8 0
1 32 9 0
1 32 10 0
1 32 11 0
1 32 12 0
1 32 13 0
1 32 14 0
1 32 15 0
1 33 0 0
1 33 1 0
1 33 2 0
1 33 3 0
1 33 4 0
1 33 5 0
1 33 6 0
1 33 7 0
1 33 8 0
1 33 9 0
1 33 10 0
1 33 11 0
1 33 12 0
1 33 13 0
1 33 14 0
1 33 15 0
1 34 0 0
1 34 1 0
1 34 2 0
1 34 3 0
1 34 4 0
1 34 5 0
1 34 6 0
1 34 7 0
1 34 8 0
1 34 9 0
1 34 10 0
1 34 11 0
1 34 12 0
1 34 13 0
1 34 14 0
1 34 15 0
1 35 0 0
1 35 1 0
1 35 2 0
1 35 3 0
1 35 4 0
1 35 5 0
1 35 6 0
1 35 7 0
1 35 8 0
1 35 9 0
1 35 10 0
1 35 11 0
1 35 12 0
1 35 13 0
1 35 14 0
1 35 15 0
1 36 0 0
1 36 1 0
1 36 2 0
1 36 3 0
1 36 4 0
1 36 5 0
1 36 6 0
1 36 7 0
1 36 8 0
1 36 9 0
1 36 10 0
1 36 11 0
1 36 12 0
1 36 13 0
1 36 14 0
1 36 15 0
1 37 0 0
1 37 1 0
1 37 2 0
1 37 3 0
1 37 4 0
1 37 5 0
1 37 6 0
1 37 7 0
1 37 8 0
1 37 9 0
1 37 10 0
1 37 11 0
1 37 12 0
1 37 13 0
1 37 14 0
1 37 15 0
1 38 0 0
1 38 1 0
1 38 2 0
1 38 3 0
1 38 4 0
1 38 5 0
1 38 6 0
1 38 7 0
1 38 8 0
1 38 9 0
1 38 10 0
1 38 11 0
1 38 12 0
1 38 13 0
1 38 14 0
1 38 15 0
1 39 0 0
1 39 1 0
1 39 2 0
1 39 3 0
1 39 4 0
1 39 5 0
1 39 6 0
1 39 7 0
1 39 8 0
1 39 9 0
1 39 10 0
1 39 11 0
1 39 12 0
1 39 13 0
1 39 14 0
1 39 15 0
1 40 0 0
1 40 1 0
1 40 2 0
1 40 3 0
1 40 4 0
1 40 5 0
1 40 6 0
1 40 7 0
1 40 8 0
1 40 9 0
1 40 10 0
1 40 11 0
1 40 12 0
1 40 13 0
1 40 14 0
1 40 15 0
1 41 0 0
1 41 1 0
1 41 2 0
1 41 3 0
1 41 4 0
1 41 5 0
1 41 6 0
1 41 7 0
1 41 8 0
1 41 9 0
1 41 10 0
1 41 11 0
1 41 12 0
1 41 13 0
1 41 14 0
1 41 15 0
1 42 0 0
1 42 1 0
1 42 2 0
1 42 3 0
1 42 4 0
1 42 5 0
1 42 6 0
1 42 7 0
1 42 8 0
1 42 9 0
1 42 10 0
1 42 11 0
1 42 12 0
1 42 13 0
1 42 14 0
1 42 15 0
1 43 0 0
1 43 1 0
1 43 2 0
1 43 3 0
1 43 4 0
1 43 5 0
1 43 6 0
1 43 7 0
1 43 8 0
1 43 9 0
1 43 10 0
1 43 11 0
1 43 12 0
1 43 13 0
1 43 14 0
1 43 15 0
1 44 0 0
1 44 1 0
1 44 2 0
1 44 3 0
1 44 4 0
1 44 5 0
1 44 6 0
1 44 7 0
1 44 8 0
1 44 9 0
1 44 10 0
1 44 11 0
1 44 12 0
1 44 13 0
1 44 14 0
1 44 15 0
1 45 0 0
1 45 1 0
1 45 2 0
1 45 3 0
1 45 4 0
1 45 5 0
1 45 6 0
1 45 7 0
1 45 8 0
1 45 9 0
1 45 10 0
1 45 11 0
1 45 12 0
1 45 13 0
1 45 14 0
1 45 15 0
1 46 0 0
1 46 1 0
1 46 2 0
1 46 3 0
1 46 4 0
1 46 5 0
1 46 6 0
1 46 7 0
1 46 8 0
1 46 9 0
1 46 10 0
1 46 11 0
1 46 12 0
1 46 13 0
1 46 14 0
1 46 15 0
1 47 0 0
1 47 1 0
1 47 2 0
1 47 3 0
1 47 4 0
1 47 5 0
1 47 6 0
1 47 7 0
1 47 8 0
1 47 9 0
1 47 10 0
1 47 11 0
1 47 12 0
1 47 13 0
1 47 14 0
1 47 15 0
1 48 0 0
1 48 1 0
1 48 2 0
1 48 3 0
1 48 4 0
1 48 5 0
1 48 6 0
1 48 7 0
1 48 8 0
1 48 9 0
1 48 10 0
1 48 11 0
1 48 12 0
1 48 13 0
1 48 14 0
1 48 15 0
1 49 0 0
1 49 1 0
1 49 2 0
1 49 3 0
1 49 4 0
1 49 5 0
1 49 6 0
1 49 7 0
1 49 8 0
1 49 9 0
1 49 10 0
1 49 11 0
1 49 12 0
1 49 13 0
1 49 14 0
1 49 15 0
1 50 0 0
1 50 1 0
1 50 2 0
1 50 3 0
1 50 4 0
1 50 5 0
1 50 6 0
1 50 7 0
1 50 8 0
1 50 9 0
1 50 10 0
1 50 11 0
1 50 12 0
1 50 13 0
1 50 14 0
1 50 15 0
1 51 0 0
1 51 1 0
1 51 2 0
1 51 3 0
1 51 4 0
1 51 5 0
1 51 6 0
1 51 7 0
1 51 8 0
1 51 9 0
1 51 10 0
1 51 11 0
1 51 12 0
1 51 13 0
1 51 14 0
1 51 15 0
1 52 0 0
1 52 1 0
1 52 2 0
1 52 3 0
1 52 4 0
1 52 5 0
1 52 6 0
1 52 7 0
1 52 8 0
1 52 9 0
1 52 10 0
1 52 11 0
1 52 12 0
1 52 13 0
1 52 14 0
1 52 15 0
1 53 0 0
1 53 1 0
1 53 2 0
1 53 3 0
1 53 4 0
1 53 5 0
1 53 6 0
1 53 7 0
1 53 8 0
1 53 9 0
1 53 10 0
1 53 11 0
1 53 12 0
1 53 13 0
1 53 14 0
1 53 15 0
1 54 0 0
1 54 1 0
1 54 2 0
1 54 3 0
1 54 4 0
1 54 5 0
1 54 6 0
1 54 7 0
1 54 8 0
1 54 9 0
1 54 10 0
1 54 11 0
1 54 12 0
1 54 13 0
1 54 14 0
1 54 15 0
1 55 0 0
1 55 1 0
1 55 2 0
1 55 3 0
1 55 4 0
1 55 5 0
1 55 6 0
1 55 7 0
1 55 8 0
1 55 9 0
1 55 10 0
1 55 11 0
1 55 12 0
1 55 13 0
1 55 14 0
1 55 15 0
1 56 0 0
1 56 1 0
1 56 2 0
1 56 3 0
1 56 4 0
1 56 5 0
1 56 6 0
1 56 7 0
1 56 8 0
1 56 9 0
1 56 10 0
1 56 11 0
1 56 12 0
1 56 13 0
1 56 14 0
1 56 15 0
1 57 0 0
1 57 1 0
1 57 2 0
1 57 3 0
1 57 4 0
1 57 5 0
1 57 6 0
1 57 7 0
1 57 8 0
1 57 9 0
1 57 10 0
1 57 11 0
1 57 12 0
1 57 13 0
1 57 14 0
1 57 15 0
1 58 0 0
1 58 1 0
1 58 2 0
1 58 3 0
1 58 4 0
1 58 5 0
1 58 6 0
1 58 7 0
1 58 8 0
1 58 9 0
1 58 10 0
1 58 11 0
1 58 12 0
1 58 13 0
1 58 14 0
1 58 15 0
1 59 0 0
1 59 1 0
1 59 2 0
1 59 3 0
1 59 4 0
1 59 5 0
1 59 6 0
1 59 7 0
1 59 8 0
1 59 9 0
1 59 10 0
1 59 11 0
1 59 12 0
1 59 13 0
1 59 14 0
1 59 15 0
1 60 0 0
1 60 1 0
1 60 2 0
1 60 3 0
1 60 4 0
1 60 5 0
1 60 6 0
1 60 7 0
1 60 8 0
1 60 9 0
1 60 10 0
1 60 11 0
1 60 12 0
1 60 13 0
1 60 14 0
1 60 15 0
1 61 0 0
1 61 1 0
1 61 2 0
1 61 3 0
1 61 4 0
1 61 5 0
1 61 6 0
1 61 7 0
1 61 8 0
1 61 9 0
1 61 10 0
1 61 11 0
1 61 12 0
1 61 13 0
1 61 14 0
1 61 15 0
1 62 0 0
1 62 1 0
1 62 2 0
1 62 3 0
1 62 4 0
1 62 5 0
1 62 6 0
1 62 7 0
1 62 8 0
1 62 9 0
1 62 10 0
1 62 11 0
1 62 12 0
1 62 13 0
1 62 14 0
1 62 15 0
1 63 0 0
1 63 1 0
1 63 2 0
1 63 3 0
1 63 4 0
1 63 5 0
1 63 6 0
1 63 7 0
1 63 8 0
1 63 9 0
1 63 10 0
1 63 11 0
1 63 12 0
1 63 13 0
1 63 14 0
1 63 15 0
1 64 0 0
1 64 1 0
1 64 2 0
1 64 3 0
1 64 4 0
1 64 5 0
1 64 6 0
1 64 7 0
1 64 8 0
1 64 9 0
1 64 10 0
1 64 11 0
1 64 12 0
1 64 13 0
1 64 14 0
1 64 15 0
1 65 0 0
1 65 1 0
1 65 2 0
1 65 3 0
1 65 4 0
1 65 5 0
1 65 6 0
1 65 7 0
1 65 8 0
1 65 9 0
1 65 10 0
1 65 11 0
1 65 12 0
1 65 13 0
1 65 14 0
1 65 15 0
1 66 0 0
1 66 1 0
1 66 2 0
1 66 3 0
1 66 4 0
1 66 5 0
1 66 6 0
1 66 7 0
1 66 8 0
1 66 9 0
1 66 10 0
1 66 11 0
1 66 12 0
1 66 13 0
1 66 14 0
1 66 15 0
1 67 0 0
1 67 1 0
1 67 2 0
1 67 3 0
1 67 4 0
1 67 5 0
1 67 6 0
1 67 7 0
1 67 8 0
1 67 9 0
1 67 10 0
1 67 11 0
1 67 12 0
1 67 13 0
1 67 14 0
1 67 15 0
1 68 0 0
1 68 1 0
1 68 2 0
1 68 3 0
1 68 4 0
1 68 5 0
1 68 6 0
1 68 7 0
1 68 8 0
1 68 9 0
1 68 10 0
1 68 11 0
1 68 12 0
1 68 13 0
1 68 14 0
1 68 15 0
1 69 0 0
1 69 1 0
1 69 2 0
1 69 3 0
1 69 4 0
1 69 5 0
1 69 6 0
1 69 7 0
1 69 8 0
1 69 9 0
1 69 10 0
1 69 11 0
1 69 12 0
1 69 13 0
1 69 14 0
1 69 15 0
1 70 0 0
1 70 1 0
1 70 2 0
1 70 3 0
1 70 4 0
1 70 5 0
1 70 6 0
1 70 7 0
1 70 8 0
1 70 9 0
1 70 10 0
1 70 11 0
1 70 12 0
1 70 13 0
1 70 14 0
1 70 15 0
1 71 0 0
1 71 1 0
1 71 2 0
1 71 3 0
1 71 4 0
1 71 5 0
1 71 6 0
1 71 7 0
1 71 8 0
1 71 9 0
1 71 10 0
1 71 11 0
1 71 12 0
1 71 13 0
1 71 14 0
1 71 15 0
1 72 0 0
1 72 1 0
1 72 2 0
1 72 3 0
1 72 4 0
1 72 5 0
1 72 6 0
1 72 7 0
1 72 8 0
1 72 9 0
1 72 10 0
1 72 11 0
1 72 12 0
1 72 13 0
1 72 14 0
1 72 15 0
1 73 0 0
1 73 1 0
1 73 2 0
1 73 3 0
1 73 4 0
1 73 5 0
1 73 6 0
1 73 7 0
1 73 8 0
1 73 9 0
1 73 10 0
1 73 11 0
1 73 12 0
1 73 13 0
1 73 14 0
1 73 15 0
1 74 0 0
1 74 1 0
1 74 2 0
1 74 3 0
1 74 4 0
1 74 5 0
1 74 6 0
1 74 7 0
1 74 8 0
1 74 9 0
1 74 10 0
1 74 11 0
1 74 12 0
1 74 13 0
1 74 14 0
1 74 15 0
1 75 0 0
1 75 1 0
1 75 2 0
1 75 3 0
1 75 4 0
1 75 5 0
1 75 6 0
1 75 7 0
1 75 8 0
1 75 9 0
1 75 10 0
1 75 11 0
1 75 12 0
1 75 13 0
1 75 14 0
1 75 15 0
1 76 0 0
1 76 1 0
1 76 2 0
1 76 3 0
1 76 4 0
1 76 5 0
1 76 6 0
1 76 7 0
1 76 8 0
1 76 9 0
1 76 10 0
1 76 11 0
1 76 12 0
1 76 13 0
1 76 14 0
1 76 15 0
1 77 0 0
1 77 1 0
1 77 2 0
1 77 3 0
1 77 4 0
1 77 5 0
1 77 6 0
1 77 7 0
1 77 8 0
1 77 9 0
1 77 10 0
1 77 11 0
1 77 12 0
1 77 13 0
1 77 14 0
1 77 15 0
1 78 0 0
1 78 1 0
1 78 2 0
1 78 3 0
1 78 4 0
1 78 5 0
1 78 6 0
1 78 7 0
1 78 8 0
1 78 9 0
1 78 10 0
1 78 11 0
1 78 12 0
1 78 13 0
1 78 14 0
1 78 15 0
1 79 0 0
1 79 1 0
1 79 2 0
1 79 3 0
1 79 4 0
1 79 5 0
1 79 6 0
1 79 7 0
1 79 8 0
1 79 9 0
1 79 10 0
1 79 11 0
1 79 12 0
1 79 13 0
1 79 14 0
1 79 15 0
1 80 0 0
1 80 1 0
1 80 2 0
1 80 3 0
1 80 4 0
1 80 5 0
1 80 6 0
1 80 7 0
1 80 8 0
1 80 9 0
1 80 10 0
1 80 11 0
1 80 12 0
1 80 13 0
1 80 14 0
1 80 15 0
1 81 0 0
1 81 1 0
1 81 2 0
1 81 3 0
1 81 4 0
1 81 5 0
1 81 6 0
1 81 7 0
1 81 8 0
1 81 9 0
1 81 10 0
1 81 11 0
1 81 12 0
1 81 13 0
1 81 14 0
1 81 15 0
1 82 0 0
1 82 1 0
1 82 2 0
1 82 3 0
1 82 4 0
1 82 5 0
1 82 6 0
1 82 7 0
1 82 8 0
1 82 9 0
1 82 10 0
1 82 11 0
1 82 12 0
1 82 13 0
1 82 14 0
1 82 15 0
1 83 0 0
1 83 1 0
1 83 2 0
1 83 3 0
1 83 4 0
1 83 5 0
1 83 6 0
1 83 7 0
1 83 8 0
1 83 9 0
1 83 10 0
1 83 11 0
1 83 12 0
1 83 13 0
1 83 14 0
1 83 15 0
1 84 0 0
1 84 1 0
1 84 2 0
1 84 3 0
1 84 4 0
1 84 5 0
1 84 6 0
1 84 7 0
1 84 8 0
1 84 9 0
1 84 10 0
1 84 11 0
1 84 12 0
1 84 13 0
1 84 14 0
1 84 15 0
1 85 0 0
1 85 1 0
1 85 2 0
1 85 3 0
1 85 4 0
1 85 5 0
1 85 6 0
1 85 7 0
1 85 8 0
1 85 9 0
1 85 10 0
1 85 11 0
1 85 12 0
1 85 13 0
1 85 14 0
1 85 15 0
1 86 0 0
1 86 1 0
1 86 2 0
1 86 3 0
1 86 4 0
1 86 5 0
1 86 6 0
1 86 7 0
1 86 8 0
1 86 9 0
1 86 10 0
1 86 11 0
1 86 12 0
1 86 13 0
1 86 14 0
1 86 15 0
1 87 0 0
1 87 1 0
1 87 2 0
1 87 3 0
1 87 4 0
1 87 5 0
1 87 6 0
1 87 7 0
1 87 8 0
1 87 9 0
1 87 10 0
1 87 11 0
1 87 12 0
1 87 13 0
1 87 14 0
1 87 15 0
1 88 0 0
1 88 1 0
1 88 2 0
1 88 3 0
1 88 4 0
1 88 5 0
1 88 6 0
1 88 7 0
1 88 8 0
1 88 9 0
1 88 10 0
1 88 11 0
1 88 12 0
1 88 13 0
1 88 14 0
1 88 15 0
1 89 0 0
1 89 1 0
1 89 2 0
1 89 3 0
1 89 4 0
1 89 5 0
1 89 6 0
1 89 7 0
1 89 8 0
1 89 9 0
1 89 10 0
1 89 11 0
1 89 12 0
1 89 13 0
1 89 14 0
1 89 15 0
1 90 0 0
1 90 1 0
1 90 2 0
1 90 3 0
1 90 4 0
1 90 5 0
1 90 6 0
1 90 7 0
1 90 8 0
1 90 9 0
1 90 10 0
1 90 11 0
1 90 12 0
1 90 13 0
1 90 14 0
1 90 15 0
1 91 0 0
1 91 1 0
1 91 2 0
1 91 3 0
1 91 4 0
1 91 5 0
1 91 6 0
1 91 7 0
1 91 8 0
1 91 9 0
1 91 10 0
1 91 11 0
1 91 12 0
1 91 13 0
1 91 14 0
1 91 15 0
1 92 0 0
1 92 1 0
1 92 2 0
1 92 3 0
1 92 4 0
1 92 5 0
1 92 6 0
1 92 7 0
1 92 8 0
1 92 9 0
1 92 10 0
1 92 11 0
1 92 12 0
1 92 13 0
1 92 14 0
1 92 15 0
1 93 0 0
1 93 1 0
1 93 2 0
1 93 3 0
1 93 4 0
1 93 5 0
1 93 6 0
1 93 7 0
1 93 8 0
1 93 9 0
1 93 10 0
1 93 11 0
1 93 12 0
1 93 13 0
1 93 14 0
1 93 15 0
1 94 0 0
1 94 1 0
1 94 2 0
1 94 3 0
1 94 4 0
1 94 5 0
1 94 6 0
1 94 7 0
1 94 8 0
1 94 9 0
1 94 10 0
1 94 11 0
1 94 12 0
1 94 13 0
1 94 14 0
1 94 15 0
1 95 0 0
1 95 1 0
1 95 2 0
1 95 3 0
1 95 4 0
1 95 5 0
1 95 6 0
1 95 7 0
1 95 8 0
1 95 9 0
1 95 10 0
1 95 11 0
1 95 12 0
1 95 13 0
1 95 14 0
1 95 15 0
1 96 0 0
1 96 1 0
1 96 2 0
1 96 3 0
1 96 4 0
1 96 5 0
1 96 6 0
1 96 7 0
1 96 8 0
1 96 9 0
1 96 10 0
1 96 11 0
1 96 12 0
1 96 13 0
1 96 14 0
1 96 15 0
1 97 0 0
1 97 1 0
1 97 2 0
1 97 3 0
1 97 4 0
1 97 5 0
1 97 6 0
1 97 7 0
1 97 8 0
1 97 9 0
1 97 10 0
1 97 11 0
1 97 12 0
1 97 13 0
1 97 14 0
1 97 15 0
1 98 0 0
1 98 1 0
1 98 2 0
1 98 3 0
1 98 4 0
1 98 5 0
1 98 6 0
1 98 7 0
1 98 8 0
1 98 9 0
1 98 10 0
1 98 11 0
1 98 12 0
1 98 13 0
1 98 14 0
1 98 15 0
1 99 0 0
1 99 1 0
1 99 2 0
1 99 3 0
1 99 4 0
1 99 5 0
1 99 6 0
1 99 7 0
1 99 8 0
1 99 9 0
1 99 10 0
1 99 11 0
1 99 12 0
1 99 13 0
1 99 14 0
1 99 15 0
1 100 0 0
1 100 1 0
1 100 2 0
1 100 3 0
1 100 4 0
1 100 5 0
1 100 6 0
1 100 7 0
1 100 8 0
1 100 9 0
1 100 10 0
1 100 11 0
1 100 12 0
1 100 13 0
1 100 14 0
1 100 15 0
1 101 0 0
1 101 1 0
1 101 2 0
1 101 3 0
1 101 4 0
1 101 5 0
1 101 6 0
1 101 7 0
1 101 8 0
1 101 9 0
1 101 10 0
1 101 11 0
1 101 12 0
1 101 13 0
1 101 14 0
1 101 15 0
1 102 0 0
1 102 1 0
1 102 2 0
1 102 3 0
1 102 4 0
1 102 5 0
1 102 6 0
1 102 7 0
1 102 8 0
1 102 9 0
1 102 10 0
1 102 11 0
1 102 12 0
1 102 13 0
1 102 14 0
1 102 15 0
1 103 0 0
1 103 1 0
1 103 2 0
1 103 3 0
1 103 4 0
1 103 5 0
1 103 6 0
1 103 7 0
1 103 8 0
1 103 9 0
1 103 10 0
1 103 11 0
1 103 12 0
1 103 13 0
1 103 14 0
1 103 15 0
1 104 0 0
1 104 1 0
1 104 2 0
1 104 3 0
1 104 4 0
1 104 5 0
1 104 6 0
1 104 7 0
1 104 8 0
1 104 9 0
1 104 10 0
1 104 11 0
1 104 12 0
1 104 13 0
1 104 14 0
1 104 15 0
1 105 0 0
1 105 1 0
1 105 2 0
1 105 3 0
1 105 4 0
1 105 5 0
1 105 6 0
1 105 7 0
1 105 8 0
1 105 9 0
1 105 10 0
1 105 11 0
1 105 12 0
1 105 13 0
1 105 14 0
1 105 15 0
1 106 0 0
1 106 1 0
1 106 2 0
1 106 3 0
1 106 4 0
1 106 5 0
1 106 6 0
1 106 7 0
1 106 8 0
1 106 9 0
1 106 10 0
1 106 11 0
1 106 12 0
1 106 13 0
1 106 14 0
1 106 15 0
1 107 0 0
1 107 1 0
1 107 2 0
1 107 3 0
1 107 4 0
1 107 5 0
1 107 6 0
1 107 7 0
1 107 8 0
1 107 9 0
1 107 10 0
1 107 11 0
1 107 12 0
1 107 13 0
1 107 14 0
1 107 15 0
1 108 0 0
1 108 1 0
1 108 2 0
1 108 3 0
1 108 4 0
1 108 5 0
1 108 6 0
1 108 7 0
1 108 8 0
1 108 9 0
1 108 10 0
1 108 11 0
1 108 12 0
1 108 13 0
1 108 14 0
1 108 15 0
1 109 0 0
1 109 1 0
1 109 2 0
1 109 3 0
1 109 4 0
1 109 5 0
1 109 6 0
1 109 7 0
1 109 8 0
1 109 9 0
1 109 10 0
1 109 11 0
1 109 12 0
1 109 13 0
1 109 14 0
1 109 15 0
1 110 0 0
1 110 1 0
1 110 2 0
1 110 3 0
1 110 4 0
1 110 5 0
1 110 6 0
1 110 7 0
1 110 8 0
1 110 9 0
1 110 10 0
1 110 11 0
1 110 12 0
1 110 13 0
1 110 14 0
1 110 15 0
1 111 0 0
1 111 1 0
1 111 2 0
1 111 3 0
1 111 4 0
1 111 5 0
1 111 6 0
1 111 7 0
1 111 8 0
1 111 9 0
1 111 10 0
1 111 11 0
1 111 12 0
1 111 13 0
1 111 14 0
1 111 15 0
1 112 0 0
1 112 1 0
1 112 2 0
1 112 3 0
1 112 4 0
1 112 5 0
1 112 6 0
1 112 7 0
1 112 8 0
1 112 9 0
1 112 10 0
1 112 11 0
1 112 12 0
1 112 13 0
1 112 14 0
1 112 15 0
1 113 0 0
1 113 1 0
1 113 2 0
1 113 3 0
1 113 4 0
1 113 5 0
1 113 6 0
1 113 7 0
1 113 8 0
1 113 9 0
1 113 10 0
1 113 11 0
1 113 12 0
1 113 13 0
1 113 14 0
1 113 15 0
1 114 0 0
1 114 1 0
1 114 2 0
1 114 3 0
1 114 4 0
1 114 5 0
1 114 6 0
1 114 7 0
1 114 8 0
1 114 9 0
1 114 10 0
1 114 11 0
1 114 12 0
1 114 13 0
1 114 14 0
1 114 15 0
1 115 0 0
1 115 1 0
1 115 2 0
1 115 3 0
1 115 4 0
1 115 5 0
1 115 6 0
1 115 7 0
1 115 8 0
1 115 9 0
1 115 10 0
1 115 11 0
1 115 12 0
1 115 13 0
1 115 14 0
1 115 15 0
1 116 0 0
1 116 1 0
1 116 2 0
1 116 3 0
1 116 4 0
1 116 5 0
1 116 6 0
1 116 7 0
1 116 8 0
1 116 9 0
1 116 10 0
1 116 11 0
1 116 12 0
1 116 13 0
1 116 14 0
1 116 15 0
1 117 0 0
1 117 1 0
1 117 2 0
1 117 3 0
1 117 4 0
1 117 5 0
1 117 6 0
1 117 7 0
1 117 8 0
1 117 9 0
1 117 10 0
1 117 11 0
1 117 12 0
1 117 13 0
1 117 14 0
1 117 15 0
1 118 0 0
1 118 1 0
1 118 2 0
1 118 3 0
1 118 4 0
1 118 5 0
1 118 6 0
1 118 7 0
1 118 8 0
1 118 9 0
1 118 10 0
1 118 11 0
1 118 12 0
1 118 13 0
1 118 14 0
1 118 15 0
1 119 0 0
1 119 1 0
1 119 2 0
1 119 3 0
1 119 4 0
1 119 5 0
1 119 6 0
1 119 7 0
1 119 8 0
1 119 9 0
1 119 10 0
1 119 11 0
1 119 12 0
1 119 13 0
1 119 14 0
1 119 15 0
1 120 0 0
1 120 1 0
1 120 2 0
1 120 3 0
1 120 4 0
1 120 5 0
1 120 6 0
1 120 7 0
1 120 8 0
1 120 9 0
1 120 10 0
1 120 11 0
1 120 12 0
1 120 13 0
1 120 14 0
1 120 15 0
1 121 0 0
1 121 1 0
1 121 2 0
1 121 3 0
1 121 4 0
1 121 5 0
1 121 6 0
1 121 7 0
1 121 8 0
1 121 9 0
1 121 10 0
1 121 11 0
1 121 12 0
1 121 13 0
1 121 14 0
1 121 15 0
1 122 0 0
1 122 1 0
1 122 2 0
1 122 3 0
1 122 4 0
1 122 5 0
1 122 6 0
1 122 7 0
1 122 8 0
1 122 9 0
1 122 10 0
1 122 11 0
1 122 12 0
1 122 13 0
1 122 14 0
1 122 15 0
1 123 0 0
1 123 1 0
1 123 2 0
1 123 3 0
1 123 4 0
1 123 5 0
1 123 6 0
1 123 7 0
1 123 8 0
1 123 9 0
1 123 10 0
1 123 11 0
1 123 12 0
1 123 13 0
1 123 14 0
1 123 15 0
1 124 0 0
1 124 1 0
1 124 2 0
1 124 3 0
1 124 4 0
1 124 5 0
1 124 6 0
1 124 7 0
1 124 8 0
1 124 9 0
1 124 10 0
1 124 11 0
1 124 12 0
1 124 13 0
1 124 14 0
1 124 15 0
