0 0 0 0
0 0 1 0
0 0 2 0
0 0 3 0
0 0 4 0
0 64219 5 0
0 64219 6 0
0 64219 7 0
0 64219 8 0
0 64219 9 0
0 64219 10 0
0 12293 11 0
0 12293 12 0
0 12293 13 0
0 12293 14 0
0 12293 15 0
0 12293 0 0
0 6153 1 0
0 6153 2 0
0 6153 3 0
0 6153 4 0
0 6153 5 0
0 6153 6 0
0 599 7 0
0 599 8 0
0 599 9 0
0 599 10 0
0 599 11 0
0 599 12 0
0 35100 13 0
0 35100 14 0
0 35100 15 0
0 35100 0 0
0 35100 1 0
0 35100 2 0
0 51061 3 0
0 51061 4 0
0 51061 5 0
0 51061 6 0
0 51061 7 0
0 51061 8 0
0 51577 9 0
0 51577 10 0
0 51577 11 0
0 51577 12 0
0 51577 13 0
0 51577 14 0
0 25124 15 0
0 25124 0 0
0 25124 1 0
0 25124 2 0
0 25124 3 0
0 25124 4 0
0 7531 5 0
0 7531 6 0
0 7531 7 0
0 7531 8 0
0 7531 9 0
0 7531 10 0
0 49307 11 0
0 49307 12 0
0 49307 13 0
0 49307 14 0
0 49307 15 0
0 49307 0 0
0 2837 1 0
0 2837 2 0
0 2837 3 0
0 2837 4 0
0 2837 5 0
0 2837 6 0
0 42599 7 0
0 42599 8 0
0 42599 9 0
0 42599 10 0
0 42599 11 0
0 42599 12 0
0 65105 13 0
0 65105 14 0
0 65105 15 0
0 65105 0 0
0 65105 1 0
0 65105 2 0
0 32319 3 0
0 32319 4 0
0 32319 5 0
0 32319 6 0
0 32319 7 0
0 32319 8 0
0 47581 9 0
0 47581 10 0
0 47581 11 0
0 47581 12 0
0 47581 13 0
0 47581 14 0
0 43346 15 0
0 43346 0 0
0 43346 1 0
0 43346 2 0
0 43346 3 0
0 43346 4 0
0 8097 5 0
0 8097 6 0
0 8097 7 0
0 8097 8 0
0 8097 9 0
0 8097 10 0
0 4468 11 0
0 4468 12 0
0 4468 13 0
0 4468 14 0
0 4468 15 0
0 4468 0 0
0 29160 1 0
0 29160 2 0
0 29160 3 0
0 29160 4 0
0 29160 5 0
0 29160 6 0
0 57843 7 0
0 57843 8 0
0 57843 9 0
0 57843 10 0
0 57843 11 0
0 57843 12 0
0 53636 13 0
0 53636 14 0
0 53636 15 0
0 53636 0 0
0 53636 1 0
0 53636 2 0
0 65127 3 0
0 65127 4 0
0 65127 5 0
0 65127 6 0
0 65127 7 0
0 65127 8 0
0 36282 9 0
0 36282 10 0
0 36282 11 0
0 36282 12 0
0 36282 13 0
0 36282 14 0
0 37032 15 0
0 37032 0 0
0 37032 1 0
0 37032 2 0
0 37032 3 0
0 37032 4 0
0 11454 5 0
0 11454 6 0
0 11454 7 0
0 11454 8 0
0 11454 9 0
0 11454 10 0
0 2326 11 0
0 2326 12 0
0 2326 13 0
0 2326 14 0
0 2326 15 0
0 2326 0 0
0 33448 1 0
0 33448 2 0
0 33448 3 0
0 33448 4 0
0 33448 5 0
0 33448 6 0
0 11786 7 0
0 11786 8 0
0 11786 9 0
0 11786 10 0
0 11786 11 0
0 11786 12 0
0 13853 13 0
0 13853 14 0
0 13853 15 0
0 13853 0 0
0 13853 1 0
0 13853 2 0
0 31057 3 0
0 31057 4 0
0 31057 5 0
0 31057 6 0
0 31057 7 0
0 31057 8 0
0 42441 9 0
0 42441 10 0
0 42441 11 0
0 42441 12 0
0 42441 13 0
0 42441 14 0
0 30113 15 0
0 30113 0 0
0 30113 1 0
0 30113 2 0
0 30113 3 0
0 30113 4 0
0 21543 5 0
0 21543 6 0
0 21543 7 0
0 21543 8 0
0 21543 9 0
0 21543 10 0
0 64328 11 0
0 64328 12 0
0 64328 13 0
0 64328 14 0
0 64328 15 0
0 64328 0 0
0 54042 1 0
0 54042 2 0
0 54042 3 0
0 54042 4 0
0 54042 5 0
0 54042 6 0
0 15522 7 0
0 15522 8 0
0 15522 9 0
0 15522 10 0
0 15522 11 0
0 15522 12 0
0 46321 13 0
0 46321 14 0
0 46321 15 0
0 46321 0 0
0 46321 1 0
0 46321 2 0
0 6163 3 0
0 6163 4 0
0 6163 5 0
0 6163 6 0
0 6163 7 0
0 6163 8 0
0 12270 9 0
0 12270 10 0
0 12270 11 0
0 12270 12 0
0 12270 13 0
0 12270 14 0
0 20147 15 0
0 20147 0 0
0 20147 1 0
0 20147 2 0
0 20147 3 0
0 20147 4 0
0 16310 5 0
0 16310 6 0
0 16310 7 0
0 16310 8 0
0 16310 9 0
0 16310 10 0
0 14322 11 0
0 14322 12 0
0 14322 13 0
0 14322 14 0
0 14322 15 0
0 14322 0 0
0 50275 1 0
0 50275 2 0
0 50275 3 0
0 50275 4 0
0 50275 5 0
0 50275 6 0
0 63506 7 0
0 63506 8 0
0 63506 9 0
0 63506 10 0
0 63506 11 0
0 63506 12 0
0 50611 13 0
0 50611 14 0
0 50611 15 0
0 50611 0 0
0 50611 1 0
0 50611 2 0
0 22851 3 0
0 22851 4 0
0 22851 5 0
0 22851 6 0
0 22851 7 0
0 22851 8 0
0 41949 9 0
0 41949 10 0
0 41949 11 0
0 41949 12 0
0 41949 13 0
0 41949 14 0
0 64954 15 0
0 64954 0 0
0 64954 1 0
0 64954 2 0
0 64954 3 0
0 64954 4 0
0 3228 5 0
0 3228 6 0
0 3228 7 0
0 3228 8 0
0 3228 9 0
0 3228 10 0
0 25308 11 0
0 25308 12 0
0 25308 13 0
0 25308 14 0
0 25308 15 0
0 25308 0 0
0 40503 1 0
0 40503 2 0
0 40503 3 0
0 40503 4 0
0 40503 5 0
0 40503 6 0
0 43250 7 0
0 43250 8 0
0 43250 9 0
0 43250 10 0
0 43250 11 0
0 43250 12 0
0 31345 13 0
0 31345 14 0
0 31345 15 0
0 31345 0 0
0 31345 1 0
0 31345 2 0
0 22248 3 0
0 22248 4 0
0 22248 5 0
0 22248 6 0
0 22248 7 0
0 22248 8 0
0 50459 9 0
0 50459 10 0
0 50459 11 0
0 50459 12 0
0 50459 13 0
0 50459 14 0
0 38798 15 0
0 38798 0 0
0 38798 1 0
0 38798 2 0
0 38798 3 0
0 38798 4 0
0 35136 5 0
0 35136 6 0
0 35136 7 0
0 35136 8 0
0 35136 9 0
0 35136 10 0
0 13647 11 0
0 13647 12 0
0 13647 13 0
0 13647 14 0
0 13647 15 0
0 13647 0 0
0 51106 1 0
0 51106 2 0
0 51106 3 0
0 51106 4 0
0 51106 5 0
0 51106 6 0
0 45220 7 0
0 45220 8 0
0 45220 9 0
0 45220 10 0
0 45220 11 0
0 45220 12 0
0 10631 13 0
0 10631 14 0
0 10631 15 0
0 10631 0 0
0 10631 1 0
0 10631 2 0
0 34631 3 0
0 34631 4 0
0 34631 5 0
0 34631 6 0
0 34631 7 0
0 34631 8 0
0 49029 9 0
0 49029 10 0
0 49029 11 0
0 49029 12 0
0 49029 13 0
0 49029 14 0
0 27274 15 0
0 27274 0 0
0 27274 1 0
0 27274 2 0
0 27274 3 0
0 27274 4 0
0 56515 5 0
0 56515 6 0
0 56515 7 0
0 56515 8 0
0 56515 9 0
0 56515 10 0
0 45415 11 0
0 45415 12 0
0 45415 13 0
0 45415 14 0
0 45415 15 0
0 45415 0 0
0 12057 1 0
0 12057 2 0
0 12057 3 0
0 12057 4 0
0 12057 5 0
0 12057 6 0
0 295 7 0
0 295 8 0
0 295 9 0
0 295 10 0
0 295 11 0
0 295 12 0
0 62707 13 0
0 62707 14 0
0 62707 15 0
0 62707 0 0
0 62707 1 0
0 62707 2 0
0 3353 3 0
0 3353 4 0
0 3353 5 0
0 3353 6 0
0 3353 7 0
0 3353 8 0
0 31961 9 0
0 31961 10 0
0 31961 11 0
0 31961 12 0
0 31961 13 0
0 31961 14 0
0 9572 15 0
0 9572 0 0
0 9572 1 0
0 9572 2 0
0 9572 3 0
0 9572 4 0
0 38392 5 0
0 38392 6 0
0 38392 7 0
0 38392 8 0
0 38392 9 0
0 38392 10 0
0 14796 11 0
0 14796 12 0
0 14796 13 0
0 14796 14 0
0 14796 15 0
0 14796 0 0
0 33045 1 0
0 33045 2 0
0 33045 3 0
0 33045 4 0
0 33045 5 0
0 33045 6 0
0 56780 7 0
0 56780 8 0
0 56780 9 0
0 56780 10 0
0 56780 11 0
0 56780 12 0
0 6887 13 0
0 6887 14 0
0 6887 15 0
0 6887 0 0
0 6887 1 0
0 6887 2 0
0 33116 3 0
0 33116 4 0
0 33116 5 0
0 33116 6 0
0 33116 7 0
0 33116 8 0
0 13953 9 0
0 13953 10 0
0 13953 11 0
0 13953 12 0
0 13953 13 0
0 13953 14 0
0 49401 15 0
0 49401 0 0
0 49401 1 0
0 49401 2 0
0 49401 3 0
0 49401 4 0
0 27466 5 0
0 27466 6 0
0 27466 7 0
0 27466 8 0
0 27466 9 0
0 27466 10 0
0 49007 11 0
0 49007 12 0
0 49007 13 0
0 49007 14 0
0 49007 15 0
0 49007 0 0
0 27418 1 0
0 27418 2 0
0 27418 3 0
0 27418 4 0
0 27418 5 0
0 27418 6 0
0 19960 7 0
0 19960 8 0
0 19960 9 0
0 19960 10 0
0 19960 11 0
0 19960 12 0
0 59932 13 0
0 59932 14 0
0 59932 15 0
0 59932 0 0
0 59932 1 0
0 59932 2 0
0 9121 3 0
0 9121 4 0
0 9121 5 0
0 9121 6 0
0 9121 7 0
0 9121 8 0
0 49327 9 0
0 49327 10 0
0 49327 11 0
0 49327 12 0
0 49327 13 0
0 49327 14 0
0 15957 15 0
0 15957 0 0
0 15957 1 0
0 15957 2 0
0 15957 3 0
0 15957 4 0
0 23777 5 0
0 23777 6 0
0 23777 7 0
0 23777 8 0
0 23777 9 0
0 23777 10 0
0 14784 11 0
0 14784 12 0
0 14784 13 0
0 14784 14 0
0 14784 15 0
0 14784 0 0
0 58636 1 0
0 58636 2 0
0 58636 3 0
0 58636 4 0
0 58636 5 0
0 58636 6 0
0 27538 7 0
0 27538 8 0
0 27538 9 0
0 27538 10 0
0 27538 11 0
0 27538 12 0
0 22845 13 0
0 22845 14 0
0 22845 15 0
0 22845 0 0
0 22845 1 0
0 22845 2 0
0 40994 3 0
0 40994 4 0
0 40994 5 0
0 40994 6 0
0 40994 7 0
0 40994 8 0
0 20602 9 0
0 20602 10 0
0 20602 11 0
0 20602 12 0
0 20602 13 0
0 20602 14 0
0 547 15 0
0 547 0 0
0 547 1 0
0 547 2 0
0 547 3 0
0 547 4 0
0 39265 5 0
0 39265 6 0
0 39265 7 0
0 39265 8 0
0 39265 9 0
0 39265 10 0
0 57129 11 0
0 57129 12 0
0 57129 13 0
0 57129 14 0
0 57129 15 0
0 57129 0 0
0 54474 1 0
0 54474 2 0
0 54474 3 0
0 54474 4 0
0 54474 5 0
0 54474 6 0
0 6028 7 0
0 6028 8 0
0 6028 9 0
0 6028 10 0
0 6028 11 0
0 6028 12 0
0 25191 13 0
0 25191 14 0
0 25191 15 0
0 25191 0 0
0 25191 1 0
0 25191 2 0
0 9659 3 0
0 9659 4 0
0 9659 5 0
0 9659 6 0
0 9659 7 0
0 9659 8 0
0 65001 9 0
0 65001 10 0
0 65001 11 0
0 65001 12 0
0 65001 13 0
0 65001 14 0
0 23497 15 0
0 23497 0 0
0 23497 1 0
0 23497 2 0
0 23497 3 0
0 23497 4 0
0 30136 5 0
0 30136 6 0
0 30136 7 0
0 30136 8 0
0 30136 9 0
0 30136 10 0
0 60217 11 0
0 60217 12 0
0 60217 13 0
0 60217 14 0
0 60217 15 0
0 60217 0 0
0 60534 1 0
0 60534 2 0
0 60534 3 0
0 60534 4 0
0 60534 5 0
0 60534 6 0
0 1651 7 0
0 1651 8 0
0 1651 9 0
0 1651 10 0
0 1651 11 0
0 1651 12 0
0 51515 13 0
0 51515 14 0
0 51515 15 0
0 51515 0 0
0 51515 1 0
0 51515 2 0
0 14671 3 0
0 14671 4 0
0 14671 5 0
0 14671 6 0
0 14671 7 0
0 14671 8 0
0 34362 9 0
0 34362 10 0
0 34362 11 0
0 34362 12 0
0 34362 13 0
0 34362 14 0
0 28137 15 0
0 28137 0 0
0 28137 1 0
0 28137 2 0
0 28137 3 0
0 28137 4 0
0 50685 5 0
0 50685 6 0
0 50685 7 0
0 50685 8 0
0 50685 9 0
0 50685 10 0
0 24633 11 0
0 24633 12 0
0 24633 13 0
0 24633 14 0
0 24633 15 0
0 24633 0 0
0 11634 1 0
0 11634 2 0
0 11634 3 0
0 11634 4 0
0 11634 5 0
0 11634 6 0
0 13214 7 0
0 13214 8 0
0 13214 9 0
0 13214 10 0
0 13214 11 0
0 13214 12 0
0 15686 13 0
0 15686 14 0
0 15686 15 0
0 15686 0 0
0 15686 1 0
0 15686 2 0
0 52941 3 0
0 52941 4 0
0 52941 5 0
0 52941 6 0
0 52941 7 0
0 52941 8 0
0 27225 9 0
0 27225 10 0
0 27225 11 0
0 27225 12 0
0 27225 13 0
0 27225 14 0
0 40925 15 0
0 40925 0 0
0 40925 1 0
0 40925 2 0
0 40925 3 0
0 40925 4 0
0 1946 5 0
0 1946 6 0
0 1946 7 0
0 1946 8 0
0 1946 9 0
0 1946 10 0
0 15225 11 0
0 15225 12 0
0 15225 13 0
0 15225 14 0
0 15225 15 0
0 15225 0 0
0 47541 1 0
0 47541 2 0
0 47541 3 0
0 47541 4 0
0 47541 5 0
0 47541 6 0
0 28815 7 0
0 28815 8 0
0 28815 9 0
0 28815 10 0
0 28815 11 0
0 28815 12 0
0 3842 13 0
0 3842 14 0
0 3842 15 0
0 3842 0 0
0 3842 1 0
0 3842 2 0
0 51177 3 0
0 51177 4 0
0 51177 5 0
0 51177 6 0
0 51177 7 0
0 51177 8 0
0 4967 9 0
0 4967 10 0
0 4967 11 0
0 4967 12 0
0 4967 13 0
0 4967 14 0
0 18064 15 0
0 18064 0 0
0 18064 1 0
0 18064 2 0
0 18064 3 0
0 18064 4 0
0 13597 5 0
0 13597 6 0
0 13597 7 0
0 13597 8 0
0 13597 9 0
0 13597 10 0
0 18031 11 0
0 18031 12 0
0 18031 13 0
0 18031 14 0
0 18031 15 0
0 18031 0 0
0 9927 1 0
0 9927 2 0
0 9927 3 0
0 9927 4 0
0 9927 5 0
0 9927 6 0
0 58449 7 0
0 58449 8 0
0 58449 9 0
0 58449 10 0
0 58449 11 0
0 58449 12 0
0 48175 13 0
0 48175 14 0
0 48175 15 0
0 48175 0 0
0 48175 1 0
0 48175 2 0
0 28301 3 0
0 28301 4 0
0 28301 5 0
0 28301 6 0
0 28301 7 0
0 28301 8 0
0 21613 9 0
0 21613 10 0
0 21613 11 0
0 21613 12 0
0 21613 13 0
0 21613 14 0
0 35091 15 0
0 35091 0 0
0 35091 1 0
0 35091 2 0
0 35091 3 0
0 35091 4 0
0 10657 5 0
0 10657 6 0
0 10657 7 0
0 10657 8 0
0 10657 9 0
0 10657 10 0
0 54598 11 0
0 54598 12 0
0 54598 13 0
0 54598 14 0
0 54598 15 0
0 54598 0 0
0 42037 1 0
0 42037 2 0
0 42037 3 0
0 42037 4 0
0 42037 5 0
0 42037 6 0
0 38109 7 0
0 38109 8 0
0 38109 9 0
0 38109 10 0
0 38109 11 0
0 38109 12 0
0 41155 13 0
0 41155 14 0
0 41155 15 0
0 41155 0 0
0 41155 1 0
0 41155 2 0
0 15053 3 0
0 15053 4 0
0 15053 5 0
0 15053 6 0
0 15053 7 0
0 15053 8 0
0 31424 9 0
0 31424 10 0
0 31424 11 0
0 31424 12 0
0 31424 13 0
0 31424 14 0
0 24924 15 0
0 24924 0 0
0 24924 1 0
0 24924 2 0
0 24924 3 0
0 24924 4 0
0 53221 5 0
0 53221 6 0
0 53221 7 0
0 53221 8 0
0 53221 9 0
0 53221 10 0
0 53676 11 0
0 53676 12 0
0 53676 13 0
0 53676 14 0
0 53676 15 0
0 53676 0 0
0 18559 1 0
0 18559 2 0
0 18559 3 0
0 18559 4 0
0 18559 5 0
0 18559 6 0
0 10095 7 0
0 10095 8 0
0 10095 9 0
0 10095 10 0
0 10095 11 0
0 10095 12 0
0 31402 13 0
0 31402 14 0
0 31402 15 0
0 31402 0 0
0 31402 1 0
0 31402 2 0
0 29208 3 0
0 29208 4 0
0 29208 5 0
0 29208 6 0
0 29208 7 0
0 29208 8 0
0 38356 9 0
0 38356 10 0
0 38356 11 0
0 38356 12 0
0 38356 13 0
0 38356 14 0
0 57075 15 0
0 57075 0 0
0 57075 1 0
0 57075 2 0
0 57075 3 0
0 57075 4 0
0 37876 5 0
0 37876 6 0
0 37876 7 0
0 37876 8 0
0 37876 9 0
0 37876 10 0
0 53721 11 0
0 53721 12 0
0 53721 13 0
0 53721 14 0
0 53721 15 0
0 53721 0 0
0 6499 1 0
0 6499 2 0
0 6499 3 0
0 6499 4 0
0 6499 5 0
0 6499 6 0
0 8183 7 0
0 8183 8 0
0 8183 9 0
0 8183 10 0
0 8183 11 0
0 8183 12 0
0 51486 13 0
0 51486 14 0
0 51486 15 0
0 51486 0 0
0 51486 1 0
0 51486 2 0
0 51339 3 0
0 51339 4 0
0 51339 5 0
0 51339 6 0
0 51339 7 0
0 51339 8 0
0 36753 9 0
0 36753 10 0
0 36753 11 0
0 36753 12 0
0 36753 13 0
0 36753 14 0
0 3412 15 0
0 3412 0 0
0 3412 1 0
0 3412 2 0
0 3412 3 0
0 3412 4 0
0 52758 5 0
0 52758 6 0
0 52758 7 0
0 52758 8 0
0 52758 9 0
0 52758 10 0
0 13366 11 0
0 13366 12 0
0 13366 13 0
0 13366 14 0
0 13366 15 0
0 13366 0 0
0 819 1 0
0 819 2 0
0 819 3 0
0 819 4 0
0 819 5 0
0 819 6 0
0 14800 7 0
0 14800 8 0
0 14800 9 0
0 14800 10 0
0 14800 11 0
0 14800 12 0
0 2657 13 0
0 2657 14 0
0 2657 15 0
0 2657 0 0
0 2657 1 0
0 2657 2 0
0 37390 3 0
0 37390 4 0
0 37390 5 0
0 37390 6 0
0 37390 7 0
0 37390 8 0
0 5788 9 0
0 5788 10 0
0 5788 11 0
0 5788 12 0
0 5788 13 0
0 5788 14 0
0 2514 15 0
0 2514 0 0
0 2514 1 0
0 2514 2 0
0 2514 3 0
0 2514 4 0
0 50245 5 0
0 50245 6 0
0 50245 7 0
0 50245 8 0
0 50245 9 0
0 50245 10 0
0 18764 11 0
0 18764 12 0
0 18764 13 0
0 18764 14 0
0 18764 15 0
0 18764 0 0
0 63973 1 0
0 63973 2 0
0 63973 3 0
0 63973 4 0
0 63973 5 0
0 63973 6 0
0 12380 7 0
0 12380 8 0
0 12380 9 0
0 12380 10 0
0 12380 11 0
0 12380 12 0
0 11915 13 0
0 11915 14 0
0 11915 15 0
0 11915 0 0
0 11915 1 0
0 11915 2 0
0 6452 3 0
0 6452 4 0
0 6452 5 0
0 6452 6 0
0 6452 7 0
0 6452 8 0
0 53527 9 0
0 53527 10 0
0 53527 11 0
0 53527 12 0
0 53527 13 0
0 53527 14 0
0 26884 15 0
0 26884 0 0
0 26884 1 0
0 26884 2 0
0 26884 3 0
0 26884 4 0
0 32416 5 0
0 32416 6 0
0 32416 7 0
0 32416 8 0
0 32416 9 0
0 32416 10 0
0 30961 11 0
0 30961 12 0
0 30961 13 0
0 30961 14 0
0 30961 15 0
0 30961 0 0
0 14 1 0
0 14 2 0
0 14 3 0
0 14 4 0
0 14 5 0
0 14 6 0
0 9488 7 0
0 9488 8 0
0 9488 9 0
0 9488 10 0
0 9488 11 0
0 9488 12 0
0 12419 13 0
0 12419 14 0
0 12419 15 0
0 12419 0 0
0 12419 1 0
0 12419 2 0
0 28557 3 0
0 28557 4 0
0 28557 5 0
0 28557 6 0
0 28557 7 0
0 28557 8 0
0 27501 9 0
0 27501 10 0
0 27501 11 0
0 27501 12 0
0 27501 13 0
0 27501 14 0
0 57639 15 0
0 57639 0 0
0 57639 1 0
0 57639 2 0
0 57639 3 0
0 57639 4 0
0 48708 5 0
0 48708 6 0
0 48708 7 0
0 48708 8 0
0 48708 9 0
0 48708 10 0
0 44473 11 0
0 44473 12 0
0 44473 13 0
0 44473 14 0
0 44473 15 0
0 44473 0 0
0 45679 1 0
0 45679 2 0
0 45679 3 0
0 45679 4 0
0 45679 5 0
0 45679 6 0
0 1372 7 0
0 1372 8 0
0 1372 9 0
0 1372 10 0
0 1372 11 0
0 1372 12 0
0 57003 13 0
0 57003 14 0
0 57003 15 0
0 57003 0 0
0 57003 1 0
0 57003 2 0
0 50973 3 0
0 50973 4 0
0 50973 5 0
0 50973 6 0
0 50973 7 0
0 50973 8 0
0 49683 9 0
0 49683 10 0
0 49683 11 0
0 49683 12 0
0 49683 13 0
0 49683 14 0
0 63381 15 0
0 63381 0 0
0 63381 1 0
0 63381 2 0
0 63381 3 0
0 63381 4 0
0 54553 5 0
0 54553 6 0
0 54553 7 0
0 54553 8 0
0 54553 9 0
0 54553 10 0
0 42873 11 0
0 42873 12 0
0 42873 13 0
0 42873 14 0
0 42873 15 0
0 42873 0 0
0 19951 1 0
0 19951 2 0
0 19951 3 0
0 19951 4 0
0 19951 5 0
0 19951 6 0
0 947 7 0
0 947 8 0
0 947 9 0
0 947 10 0
0 947 11 0
0 947 12 0
0 28503 13 0
0 28503 14 0
0 28503 15 0
0 28503 0 0
0 28503 1 0
0 28503 2 0
0 27431 3 0
0 27431 4 0
0 27431 5 0
0 27431 6 0
0 27431 7 0
0 27431 8 0
0 52729 9 0
0 52729 10 0
0 52729 11 0
0 52729 12 0
0 52729 13 0
0 52729 14 0
0 52083 15 0
0 52083 0 0
0 52083 1 0
0 52083 2 0
0 52083 3 0
0 52083 4 0
0 17080 5 0
0 17080 6 0
0 17080 7 0
0 17080 8 0
0 17080 9 0
0 17080 10 0
0 64243 11 0
0 64243 12 0
0 64243 13 0
0 64243 14 0
0 64243 15 0
0 64243 0 0
0 35018 1 0
0 35018 2 0
0 35018 3 0
0 35018 4 0
0 35018 5 0
0 35018 6 0
0 5849 7 0
0 5849 8 0
0 5849 9 0
0 5849 10 0
0 5849 11 0
0 5849 12 0
0 54622 13 0
0 54622 14 0
0 54622 15 0
0 54622 0 0
0 54622 1 0
0 54622 2 0
0 42536 3 0
0 42536 4 0
0 42536 5 0
0 42536 6 0
0 42536 7 0
0 42536 8 0
0 24755 9 0
0 24755 10 0
0 24755 11 0
0 24755 12 0
0 24755 13 0
0 24755 14 0
0 2251 15 0
0 2251 0 0
0 2251 1 0
0 2251 2 0
0 2251 3 0
0 2251 4 0
0 54361 5 0
0 54361 6 0
0 54361 7 0
0 54361 8 0
0 54361 9 0
0 54361 10 0
0 42275 11 0
0 42275 12 0
0 42275 13 0
0 42275 14 0
0 42275 15 0
0 42275 0 0
0 23307 1 0
0 23307 2 0
0 23307 3 0
0 23307 4 0
0 23307 5 0
0 23307 6 0
0 15218 7 0
0 15218 8 0
0 15218 9 0
0 15218 10 0
0 15218 11 0
0 15218 12 0
0 31626 13 0
0 31626 14 0
0 31626 15 0
0 31626 0 0
0 31626 1 0
0 31626 2 0
0 41608 3 0
0 41608 4 0
0 41608 5 0
0 41608 6 0
0 41608 7 0
0 41608 8 0
0 51775 9 0
0 51775 10 0
0 51775 11 0
0 51775 12 0
0 51775 13 0
0 51775 14 0
0 41729 15 0
0 41729 0 0
0 41729 1 0
0 41729 2 0
0 41729 3 0
0 41729 4 0
0 41497 5 0
0 41497 6 0
0 41497 7 0
0 41497 8 0
0 41497 9 0
0 41497 10 0
0 23958 11 0
0 23958 12 0
0 23958 13 0
0 23958 14 0
0 23958 15 0
0 23958 0 0
0 25578 1 0
0 25578 2 0
0 25578 3 0
0 25578 4 0
0 25578 5 0
0 25578 6 0
0 32562 7 0
0 32562 8 0
0 32562 9 0
0 32562 10 0
0 32562 11 0
0 32562 12 0
0 49184 13 0
0 49184 14 0
0 49184 15 0
0 49184 0 0
0 49184 1 0
0 49184 2 0
0 14280 3 0
0 14280 4 0
0 14280 5 0
0 14280 6 0
0 14280 7 0
0 14280 8 0
0 50543 9 0
0 50543 10 0
0 50543 11 0
0 50543 12 0
0 50543 13 0
0 50543 14 0
0 32467 15 0
0 32467 0 0
0 32467 1 0
0 32467 2 0
0 32467 3 0
0 32467 4 0
0 39273 5 0
0 39273 6 0
0 39273 7 0
0 39273 8 0
0 39273 9 0
0 39273 10 0
0 1048 11 0
0 1048 12 0
0 1048 13 0
0 1048 14 0
0 1048 15 0
0 1048 0 0
0 24005 1 0
0 24005 2 0
0 24005 3 0
0 24005 4 0
0 24005 5 0
0 24005 6 0
0 39443 7 0
0 39443 8 0
0 39443 9 0
0 39443 10 0
0 39443 11 0
0 39443 12 0
0 47455 13 0
0 47455 14 0
0 47455 15 0
0 47455 0 0
0 47455 1 0
0 47455 2 0
0 42276 3 0
0 42276 4 0
0 42276 5 0
0 42276 6 0
0 42276 7 0
0 42276 8 0
0 44097 9 0
0 44097 10 0
0 44097 11 0
0 44097 12 0
0 44097 13 0
0 44097 14 0
0 53620 15 0
0 53620 0 0
0 53620 1 0
0 53620 2 0
0 53620 3 0
0 53620 4 0
0 57918 5 0
0 57918 6 0
0 57918 7 0
0 57918 8 0
0 57918 9 0
0 57918 10 0
0 23975 11 0
0 23975 12 0
0 23975 13 0
0 23975 14 0
0 23975 15 0
0 23975 0 0
0 45713 1 0
0 45713 2 0
0 45713 3 0
0 45713 4 0
0 45713 5 0
0 45713 6 0
0 11227 7 0
0 11227 8 0
0 11227 9 0
0 11227 10 0
0 11227 11 0
0 11227 12 0
0 32415 13 0
0 32415 14 0
0 32415 15 0
0 32415 0 0
0 32415 1 0
0 32415 2 0
0 47893 3 0
0 47893 4 0
0 47893 5 0
0 47893 6 0
0 47893 7 0
0 47893 8 0
0 47435 9 0
0 47435 10 0
0 47435 11 0
0 47435 12 0
0 47435 13 0
0 47435 14 0
0 26211 15 0
0 26211 0 0
0 26211 1 0
0 26211 2 0
0 26211 3 0
0 26211 4 0
0 5108 5 0
0 5108 6 0
0 5108 7 0
0 5108 8 0
0 5108 9 0
0 5108 10 0
0 42752 11 0
0 42752 12 0
0 42752 13 0
0 42752 14 0
0 42752 15 0
0 42752 0 0
0 12347 1 0
0 12347 2 0
0 12347 3 0
0 12347 4 0
0 12347 5 0
0 12347 6 0
0 49120 7 0
0 49120 8 0
0 49120 9 0
0 49120 10 0
0 49120 11 0
0 49120 12 0
0 32947 13 0
0 32947 14 0
0 32947 15 0
0 32947 0 0
0 32947 1 0
0 32947 2 0
0 3143 3 0
0 3143 4 0
0 3143 5 0
0 3143 6 0
0 3143 7 0
0 3143 8 0
0 11114 9 0
0 11114 10 0
0 11114 11 0
0 11114 12 0
0 11114 13 0
0 11114 14 0
0 36172 15 0
0 36172 0 0
0 36172 1 0
0 36172 2 0
0 36172 3 0
0 36172 4 0
0 17743 5 0
0 17743 6 0
0 17743 7 0
0 17743 8 0
0 17743 9 0
0 17743 10 0
0 57648 11 0
0 57648 12 0
0 57648 13 0
0 57648 14 0
0 57648 15 0
0 57648 0 0
0 36170 1 0
0 36170 2 0
0 36170 3 0
0 36170 4 0
0 36170 5 0
0 36170 6 0
0 38651 7 0
0 38651 8 0
0 38651 9 0
0 38651 10 0
0 38651 11 0
0 38651 12 0
0 9602 13 0
0 9602 14 0
0 9602 15 0
0 9602 0 0
0 9602 1 0
0 9602 2 0
0 10121 3 0
0 10121 4 0
0 10121 5 0
0 10121 6 0
0 10121 7 0
0 10121 8 0
0 18275 9 0
0 18275 10 0
0 18275 11 0
0 18275 12 0
0 18275 13 0
0 18275 14 0
0 15705 15 0
0 15705 0 0
0 15705 1 0
0 15705 2 0
0 15705 3 0
0 15705 4 0
0 8579 5 0
0 8579 6 0
0 8579 7 0
0 8579 8 0
0 8579 9 0
0 8579 10 0
0 32052 11 0
0 32052 12 0
0 32052 13 0
0 32052 14 0
0 32052 15 0
0 32052 0 0
0 7333 1 0
0 7333 2 0
0 7333 3 0
0 7333 4 0
0 7333 5 0
0 7333 6 0
0 17028 7 0
0 17028 8 0
0 17028 9 0
0 17028 10 0
0 17028 11 0
0 17028 12 0
0 44094 13 0
0 44094 14 0
0 44094 15 0
0 44094 0 0
0 44094 1 0
0 44094 2 0
0 12600 3 0
0 12600 4 0
0 12600 5 0
0 12600 6 0
0 12600 7 0
0 12600 8 0
0 9980 9 0
0 9980 10 0
0 9980 11 0
0 9980 12 0
0 9980 13 0
0 9980 14 0
0 18412 15 0
0 18412 0 0
0 18412 1 0
0 18412 2 0
0 18412 3 0
0 18412 4 0
0 22938 5 0
0 22938 6 0
0 22938 7 0
0 22938 8 0
0 22938 9 0
0 22938 10 0
0 45850 11 0
0 45850 12 0
0 45850 13 0
0 45850 14 0
0 45850 15 0
0 45850 0 0
0 17559 1 0
0 17559 2 0
0 17559 3 0
0 17559 4 0
0 17559 5 0
0 17559 6 0
0 34149 7 0
0 34149 8 0
0 34149 9 0
0 34149 10 0
0 34149 11 0
0 34149 12 0
0 62172 13 0
0 62172 14 0
0 62172 15 0
0 62172 0 0
0 62172 1 0
0 62172 2 0
0 36397 3 0
0 36397 4 0
0 36397 5 0
0 36397 6 0
0 36397 7 0
0 36397 8 0
0 32032 9 0
0 32032 10 0
0 32032 11 0
0 32032 12 0
0 32032 13 0
0 32032 14 0
0 442 15 0
0 442 0 0
0 442 1 0
0 442 2 0
0 442 3 0
0 442 4 0
0 38612 5 0
0 38612 6 0
0 38612 7 0
0 38612 8 0
0 38612 9 0
0 38612 10 0
0 28076 11 0
0 28076 12 0
0 28076 13 0
0 28076 14 0
0 28076 15 0
0 28076 0 0
0 45766 1 0
0 45766 2 0
0 45766 3 0
0 45766 4 0
0 45766 5 0
0 45766 6 0
0 25613 7 0
0 25613 8 0
0 25613 9 0
0 25613 10 0
0 25613 11 0
0 25613 12 0
0 50154 13 0
0 50154 14 0
0 50154 15 0
0 50154 0 0
0 50154 1 0
0 50154 2 0
0 64668 3 0
0 64668 4 0
0 64668 5 0
0 64668 6 0
0 64668 7 0
0 64668 8 0
0 42923 9 0
0 42923 10 0
0 42923 11 0
0 42923 12 0
0 42923 13 0
0 42923 14 0
0 33475 15 0
0 33475 0 0
0 33475 1 0
0 33475 2 0
0 33475 3 0
0 33475 4 0
0 1673 5 0
0 1673 6 0
0 1673 7 0
0 1673 8 0
0 1673 9 0
0 1673 10 0
0 19012 11 0
0 19012 12 0
0 19012 13 0
0 19012 14 0
0 19012 15 0
0 19012 0 0
0 34755 1 0
0 34755 2 0
0 34755 3 0
0 34755 4 0
0 34755 5 0
0 34755 6 0
0 30205 7 0
0 30205 8 0
0 30205 9 0
0 30205 10 0
0 30205 11 0
0 30205 12 0
0 39859 13 0
0 39859 14 0
0 39859 15 0
0 39859 0 0
0 39859 1 0
0 39859 2 0
0 39306 3 0
0 39306 4 0
0 39306 5 0
0 39306 6 0
0 39306 7 0
0 39306 8 0
0 18405 9 0
0 18405 10 0
0 18405 11 0
0 18405 12 0
0 18405 13 0
0 18405 14 0
0 32436 15 0
0 32436 0 0
0 32436 1 0
0 32436 2 0
0 32436 3 0
0 32436 4 0
0 42569 5 0
0 42569 6 0
0 42569 7 0
0 42569 8 0
0 42569 9 0
0 42569 10 0
0 19889 11 0
0 19889 12 0
0 19889 13 0
0 19889 14 0
0 19889 15 0
0 19889 0 0
0 11332 1 0
0 11332 2 0
0 11332 3 0
0 11332 4 0
0 11332 5 0
0 11332 6 0
0 14068 7 0
0 14068 8 0
0 14068 9 0
0 14068 10 0
0 14068 11 0
0 14068 12 0
0 65483 13 0
0 65483 14 0
0 65483 15 0
0 65483 0 0
0 65483 1 0
0 65483 2 0
0 44229 3 0
0 44229 4 0
0 44229 5 0
0 44229 6 0
0 44229 7 0
0 44229 8 0
0 11205 9 0
0 11205 10 0
0 11205 11 0
0 11205 12 0
0 11205 13 0
0 11205 14 0
0 30568 15 0
0 30568 0 0
0 30568 1 0
0 30568 2 0
0 30568 3 0
0 30568 4 0
0 38553 5 0
0 38553 6 0
0 38553 7 0
0 38553 8 0
0 38553 9 0
0 38553 10 0
0 21008 11 0
0 21008 12 0
0 21008 13 0
0 21008 14 0
0 21008 15 0
0 21008 0 0
0 5217 1 0
0 5217 2 0
0 5217 3 0
0 5217 4 0
0 5217 5 0
0 5217 6 0
0 36141 7 0
0 36141 8 0
0 36141 9 0
0 36141 10 0
0 36141 11 0
0 36141 12 0
0 2003 13 0
0 2003 14 0
0 2003 15 0
0 2003 0 0
0 2003 1 0
0 2003 2 0
0 3516 3 0
0 3516 4 0
0 3516 5 0
0 3516 6 0
0 3516 7 0
0 3516 8 0
0 10334 9 0
0 10334 10 0
0 10334 11 0
0 10334 12 0
0 10334 13 0
0 10334 14 0
0 40277 15 0
0 40277 0 0
0 40277 1 0
0 40277 2 0
0 40277 3 0
0 40277 4 0
0 33973 5 0
0 33973 6 0
0 33973 7 0
0 33973 8 0
0 33973 9 0
0 33973 10 0
0 41679 11 0
0 41679 12 0
0 41679 13 0
0 41679 14 0
0 41679 15 0
0 41679 0 0
0 55858 1 0
0 55858 2 0
0 55858 3 0
0 55858 4 0
0 55858 5 0
0 55858 6 0
0 54928 7 0
0 54928 8 0
0 54928 9 0
0 54928 10 0
0 54928 11 0
0 54928 12 0
0 17771 13 0
0 17771 14 0
0 17771 15 0
0 17771 0 0
0 17771 1 0
0 17771 2 0
0 14857 3 0
0 14857 4 0
0 14857 5 0
0 14857 6 0
0 14857 7 0
0 14857 8 0
0 54509 9 0
0 54509 10 0
0 54509 11 0
0 54509 12 0
0 54509 13 0
0 54509 14 0
0 58949 15 0
0 58949 0 0
0 58949 1 0
0 58949 2 0
0 58949 3 0
0 58949 4 0
0 46899 5 0
0 46899 6 0
0 46899 7 0
0 46899 8 0
0 46899 9 0
0 46899 10 0
0 39501 11 0
0 39501 12 0
0 39501 13 0
0 39501 14 0
0 39501 15 0
0 39501 0 0
0 62388 1 0
0 62388 2 0
0 62388 3 0
0 62388 4 0
0 62388 5 0
0 62388 6 0
0 13418 7 0
0 13418 8 0
0 13418 9 0
0 13418 10 0
0 13418 11 0
0 13418 12 0
0 58199 13 0
0 58199 14 0
0 58199 15 0
0 58199 0 0
0 58199 1 0
0 58199 2 0
0 55872 3 0
0 55872 4 0
0 55872 5 0
0 55872 6 0
0 55872 7 0
0 55872 8 0
0 14749 9 0
0 14749 10 0
0 14749 11 0
0 14749 12 0
0 14749 13 0
0 14749 14 0
0 57307 15 0
0 57307 0 0
0 57307 1 0
0 57307 2 0
0 57307 3 0
0 57307 4 0
0 13758 5 0
0 13758 6 0
0 13758 7 0
0 13758 8 0
0 13758 9 0
0 13758 10 0
0 40025 11 0
0 40025 12 0
0 40025 13 0
0 40025 14 0
0 40025 15 0
0 40025 0 0
0 58378 1 0
0 58378 2 0
0 58378 3 0
0 58378 4 0
0 58378 5 0
0 58378 6 0
0 34788 7 0
0 34788 8 0
0 34788 9 0
0 34788 10 0
0 34788 11 0
0 34788 12 0
0 21821 13 0
0 21821 14 0
0 21821 15 0
0 21821 0 0
0 21821 1 0
0 21821 2 0
0 51205 3 0
0 51205 4 0
0 51205 5 0
0 51205 6 0
0 51205 7 0
0 51205 8 0
0 17243 9 0
0 17243 10 0
0 17243 11 0
0 17243 12 0
0 17243 13 0
0 17243 14 0
0 53485 15 0
0 53485 0 0
0 53485 1 0
0 53485 2 0
0 53485 3 0
0 53485 4 0
0 25087 5 0
0 25087 6 0
0 25087 7 0
0 25087 8 0
0 25087 9 0
0 25087 10 0
0 18077 11 0
0 18077 12 0
0 18077 13 0
0 18077 14 0
0 18077 15 0
0 18077 0 0
0 21164 1 0
0 21164 2 0
0 21164 3 0
0 21164 4 0
0 21164 5 0
0 21164 6 0
0 12187 7 0
0 12187 8 0
0 12187 9 0
0 12187 10 0
0 12187 11 0
0 12187 12 0
0 30118 13 0
0 30118 14 0
0 30118 15 0
