0 0 0 0
0 0 1 0
0 0 2 0
0 0 3 0
0 0 4 0
0 58153 5 0
0 58153 6 0
0 58153 7 0
0 58153 8 0
0 58153 9 0
0 58153 10 0
0 2344 11 0
0 2344 12 0
0 2344 13 0
0 2344 14 0
0 2344 15 0
0 2344 0 0
0 44992 1 0
0 44992 2 0
0 44992 3 0
0 44992 4 0
0 44992 5 0
0 44992 6 0
0 42112 7 0
0 42112 8 0
0 42112 9 0
0 42112 10 0
0 42112 11 0
0 42112 12 0
0 31785 13 0
0 31785 14 0
0 31785 15 0
0 31785 0 0
0 31785 1 0
0 31785 2 0
0 46251 3 0
0 46251 4 0
0 46251 5 0
0 46251 6 0
0 46251 7 0
0 46251 8 0
0 47452 9 0
0 47452 10 0
0 47452 11 0
0 47452 12 0
0 47452 13 0
0 47452 14 0
0 46979 15 0
0 46979 0 0
0 46979 1 0
0 46979 2 0
0 46979 3 0
0 46979 4 0
0 49177 5 0
0 49177 6 0
0 49177 7 0
0 49177 8 0
0 49177 9 0
0 49177 10 0
0 26390 11 0
0 26390 12 0
0 26390 13 0
0 26390 14 0
0 26390 15 0
0 26390 0 0
0 2283 1 0
0 2283 2 0
0 2283 3 0
0 2283 4 0
0 2283 5 0
0 2283 6 0
0 51616 7 0
0 51616 8 0
0 51616 9 0
0 51616 10 0
0 51616 11 0
0 51616 12 0
0 40396 13 0
0 40396 14 0
0 40396 15 0
0 40396 0 0
0 40396 1 0
0 40396 2 0
0 52494 3 0
0 52494 4 0
0 52494 5 0
0 52494 6 0
0 52494 7 0
0 52494 8 0
0 2884 9 0
0 2884 10 0
0 2884 11 0
0 2884 12 0
0 2884 13 0
0 2884 14 0
0 15573 15 0
0 15573 0 0
0 15573 1 0
0 15573 2 0
0 15573 3 0
0 15573 4 0
0 41190 5 0
0 41190 6 0
0 41190 7 0
0 41190 8 0
0 41190 9 0
0 41190 10 0
0 3171 11 0
0 3171 12 0
0 3171 13 0
0 3171 14 0
0 3171 15 0
0 3171 0 0
0 56894 1 0
0 56894 2 0
0 56894 3 0
0 56894 4 0
0 56894 5 0
0 56894 6 0
0 18792 7 0
0 18792 8 0
0 18792 9 0
0 18792 10 0
0 18792 11 0
0 18792 12 0
0 12153 13 0
0 12153 14 0
0 12153 15 0
0 12153 0 0
0 12153 1 0
0 12153 2 0
0 16388 3 0
0 16388 4 0
0 16388 5 0
0 16388 6 0
0 16388 7 0
0 16388 8 0
0 6649 9 0
0 6649 10 0
0 6649 11 0
0 6649 12 0
0 6649 13 0
0 6649 14 0
0 38250 15 0
0 38250 0 0
0 38250 1 0
0 38250 2 0
0 38250 3 0
0 38250 4 0
0 25820 5 0
0 25820 6 0
0 25820 7 0
0 25820 8 0
0 25820 9 0
0 25820 10 0
0 47377 11 0
0 47377 12 0
0 47377 13 0
0 47377 14 0
0 47377 15 0
0 47377 0 0
0 31774 1 0
0 31774 2 0
0 31774 3 0
0 31774 4 0
0 31774 5 0
0 31774 6 0
0 10860 7 0
0 10860 8 0
0 10860 9 0
0 10860 10 0
0 10860 11 0
0 10860 12 0
0 29230 13 0
0 29230 14 0
0 29230 15 0
0 29230 0 0
0 29230 1 0
0 29230 2 0
0 56745 3 0
0 56745 4 0
0 56745 5 0
0 56745 6 0
0 56745 7 0
0 56745 8 0
0 41600 9 0
0 41600 10 0
0 41600 11 0
0 41600 12 0
0 41600 13 0
0 41600 14 0
0 37572 15 0
0 37572 0 0
0 37572 1 0
0 37572 2 0
0 37572 3 0
0 37572 4 0
0 2717 5 0
0 2717 6 0
0 2717 7 0
0 2717 8 0
0 2717 9 0
0 2717 10 0
0 8514 11 0
0 8514 12 0
0 8514 13 0
0 8514 14 0
0 8514 15 0
0 8514 0 0
0 60403 1 0
0 60403 2 0
0 60403 3 0
0 60403 4 0
0 60403 5 0
0 60403 6 0
0 36048 7 0
0 36048 8 0
0 36048 9 0
0 36048 10 0
0 36048 11 0
0 36048 12 0
0 50014 13 0
0 50014 14 0
0 50014 15 0
0 50014 0 0
0 50014 1 0
0 50014 2 0
0 28024 3 0
0 28024 4 0
0 28024 5 0
0 28024 6 0
0 28024 7 0
0 28024 8 0
0 21027 9 0
0 21027 10 0
0 21027 11 0
0 21027 12 0
0 21027 13 0
0 21027 14 0
0 59363 15 0
0 59363 0 0
0 59363 1 0
0 59363 2 0
0 59363 3 0
0 59363 4 0
0 1424 5 0
0 1424 6 0
0 1424 7 0
0 1424 8 0
0 1424 9 0
0 1424 10 0
0 20688 11 0
0 20688 12 0
0 20688 13 0
0 20688 14 0
0 20688 15 0
0 20688 0 0
0 344 1 0
0 344 2 0
0 344 3 0
0 344 4 0
0 344 5 0
0 344 6 0
0 21850 7 0
0 21850 8 0
0 21850 9 0
0 21850 10 0
0 21850 11 0
0 21850 12 0
0 6510 13 0
0 6510 14 0
0 6510 15 0
0 6510 0 0
0 6510 1 0
0 6510 2 0
0 12036 3 0
0 12036 4 0
0 12036 5 0
0 12036 6 0
0 12036 7 0
0 12036 8 0
0 48471 9 0
0 48471 10 0
0 48471 11 0
0 48471 12 0
0 48471 13 0
0 48471 14 0
0 7117 15 0
0 7117 0 0
0 7117 1 0
0 7117 2 0
0 7117 3 0
0 7117 4 0
0 29416 5 0
0 29416 6 0
0 29416 7 0
0 29416 8 0
0 29416 9 0
0 29416 10 0
0 29644 11 0
0 29644 12 0
0 29644 13 0
0 29644 14 0
0 29644 15 0
0 29644 0 0
0 65062 1 0
0 65062 2 0
0 65062 3 0
0 65062 4 0
0 65062 5 0
0 65062 6 0
0 33471 7 0
0 33471 8 0
0 33471 9 0
0 33471 10 0
0 33471 11 0
0 33471 12 0
0 40906 13 0
0 40906 14 0
0 40906 15 0
0 40906 0 0
0 40906 1 0
0 40906 2 0
0 49091 3 0
0 49091 4 0
0 49091 5 0
0 49091 6 0
0 49091 7 0
0 49091 8 0
0 41091 9 0
0 41091 10 0
0 41091 11 0
0 41091 12 0
0 41091 13 0
0 41091 14 0
0 65161 15 0
0 65161 0 0
0 65161 1 0
0 65161 2 0
0 65161 3 0
0 65161 4 0
0 6547 5 0
0 6547 6 0
0 6547 7 0
0 6547 8 0
0 6547 9 0
0 6547 10 0
0 31952 11 0
0 31952 12 0
0 31952 13 0
0 31952 14 0
0 31952 15 0
0 31952 0 0
0 17027 1 0
0 17027 2 0
0 17027 3 0
0 17027 4 0
0 17027 5 0
0 17027 6 0
0 27910 7 0
0 27910 8 0
0 27910 9 0
0 27910 10 0
0 27910 11 0
0 27910 12 0
0 30423 13 0
0 30423 14 0
0 30423 15 0
0 30423 0 0
0 30423 1 0
0 30423 2 0
0 12873 3 0
0 12873 4 0
0 12873 5 0
0 12873 6 0
0 12873 7 0
0 12873 8 0
0 18406 9 0
0 18406 10 0
0 18406 11 0
0 18406 12 0
0 18406 13 0
0 18406 14 0
0 13833 15 0
0 13833 0 0
0 13833 1 0
0 13833 2 0
0 13833 3 0
0 13833 4 0
0 5443 5 0
0 5443 6 0
0 5443 7 0
0 5443 8 0
0 5443 9 0
0 5443 10 0
0 11998 11 0
0 11998 12 0
0 11998 13 0
0 11998 14 0
0 11998 15 0
0 11998 0 0
0 56844 1 0
0 56844 2 0
0 56844 3 0
0 56844 4 0
0 56844 5 0
0 56844 6 0
0 59396 7 0
0 59396 8 0
0 59396 9 0
0 59396 10 0
0 59396 11 0
0 59396 12 0
0 58970 13 0
0 58970 14 0
0 58970 15 0
0 58970 0 0
0 58970 1 0
0 58970 2 0
0 51835 3 0
0 51835 4 0
0 51835 5 0
0 51835 6 0
0 51835 7 0
0 51835 8 0
0 1843 9 0
0 1843 10 0
0 1843 11 0
0 1843 12 0
0 1843 13 0
0 1843 14 0
0 41782 15 0
0 41782 0 0
0 41782 1 0
0 41782 2 0
0 41782 3 0
0 41782 4 0
0 27621 5 0
0 27621 6 0
0 27621 7 0
0 27621 8 0
0 27621 9 0
0 27621 10 0
0 16611 11 0
0 16611 12 0
0 16611 13 0
0 16611 14 0
0 16611 15 0
0 16611 0 0
0 39254 1 0
0 39254 2 0
0 39254 3 0
0 39254 4 0
0 39254 5 0
0 39254 6 0
0 38522 7 0
0 38522 8 0
0 38522 9 0
0 38522 10 0
0 38522 11 0
0 38522 12 0
0 52673 13 0
0 52673 14 0
0 52673 15 0
0 52673 0 0
0 52673 1 0
0 52673 2 0
0 6591 3 0
0 6591 4 0
0 6591 5 0
0 6591 6 0
0 6591 7 0
0 6591 8 0
0 60034 9 0
0 60034 10 0
0 60034 11 0
0 60034 12 0
0 60034 13 0
0 60034 14 0
0 32424 15 0
0 32424 0 0
0 32424 1 0
0 32424 2 0
0 32424 3 0
0 32424 4 0
0 51466 5 0
0 51466 6 0
0 51466 7 0
0 51466 8 0
0 51466 9 0
0 51466 10 0
0 34591 11 0
0 34591 12 0
0 34591 13 0
0 34591 14 0
0 34591 15 0
0 34591 0 0
0 40310 1 0
0 40310 2 0
0 40310 3 0
0 40310 4 0
0 40310 5 0
0 40310 6 0
0 15856 7 0
0 15856 8 0
0 15856 9 0
0 15856 10 0
0 15856 11 0
0 15856 12 0
0 41156 13 0
0 41156 14 0
0 41156 15 0
0 41156 0 0
0 41156 1 0
0 41156 2 0
0 33513 3 0
0 33513 4 0
0 33513 5 0
0 33513 6 0
0 33513 7 0
0 33513 8 0
0 35023 9 0
0 35023 10 0
0 35023 11 0
0 35023 12 0
0 35023 13 0
0 35023 14 0
0 59272 15 0
0 59272 0 0
0 59272 1 0
0 59272 2 0
0 59272 3 0
0 59272 4 0
0 58546 5 0
0 58546 6 0
0 58546 7 0
0 58546 8 0
0 58546 9 0
0 58546 10 0
0 13533 11 0
0 13533 12 0
0 13533 13 0
0 13533 14 0
0 13533 15 0
0 13533 0 0
0 40769 1 0
0 40769 2 0
0 40769 3 0
0 40769 4 0
0 40769 5 0
0 40769 6 0
0 42295 7 0
0 42295 8 0
0 42295 9 0
0 42295 10 0
0 42295 11 0
0 42295 12 0
0 9992 13 0
0 9992 14 0
0 9992 15 0
0 9992 0 0
0 9992 1 0
0 9992 2 0
0 57110 3 0
0 57110 4 0
0 57110 5 0
0 57110 6 0
0 57110 7 0
0 57110 8 0
0 44680 9 0
0 44680 10 0
0 44680 11 0
0 44680 12 0
0 44680 13 0
0 44680 14 0
0 894 15 0
0 894 0 0
0 894 1 0
0 894 2 0
0 894 3 0
0 894 4 0
0 14212 5 0
0 14212 6 0
0 14212 7 0
0 14212 8 0
0 14212 9 0
0 14212 10 0
0 43133 11 0
0 43133 12 0
0 43133 13 0
0 43133 14 0
0 43133 15 0
0 43133 0 0
0 13822 1 0
0 13822 2 0
0 13822 3 0
0 13822 4 0
0 13822 5 0
0 13822 6 0
0 25742 7 0
0 25742 8 0
0 25742 9 0
0 25742 10 0
0 25742 11 0
0 25742 12 0
0 657 13 0
0 657 14 0
0 657 15 0
0 657 0 0
0 657 1 0
0 657 2 0
0 2397 3 0
0 2397 4 0
0 2397 5 0
0 2397 6 0
0 2397 7 0
0 2397 8 0
0 2369 9 0
0 2369 10 0
0 2369 11 0
0 2369 12 0
0 2369 13 0
0 2369 14 0
0 40648 15 0
0 40648 0 0
0 40648 1 0
0 40648 2 0
0 40648 3 0
0 40648 4 0
0 60632 5 0
0 60632 6 0
0 60632 7 0
0 60632 8 0
0 60632 9 0
0 60632 10 0
0 14440 11 0
0 14440 12 0
0 14440 13 0
0 14440 14 0
0 14440 15 0
0 14440 0 0
0 2617 1 0
0 2617 2 0
0 2617 3 0
0 2617 4 0
0 2617 5 0
0 2617 6 0
0 65489 7 0
0 65489 8 0
0 65489 9 0
0 65489 10 0
0 65489 11 0
0 65489 12 0
0 31000 13 0
0 31000 14 0
0 31000 15 0
0 31000 0 0
0 31000 1 0
0 31000 2 0
0 35958 3 0
0 35958 4 0
0 35958 5 0
0 35958 6 0
0 35958 7 0
0 35958 8 0
0 39502 9 0
0 39502 10 0
0 39502 11 0
0 39502 12 0
0 39502 13 0
0 39502 14 0
0 34616 15 0
0 34616 0 0
0 34616 1 0
0 34616 2 0
0 34616 3 0
0 34616 4 0
0 26319 5 0
0 26319 6 0
0 26319 7 0
0 26319 8 0
0 26319 9 0
0 26319 10 0
0 52610 11 0
0 52610 12 0
0 52610 13 0
0 52610 14 0
0 52610 15 0
0 52610 0 0
0 58570 1 0
0 58570 2 0
0 58570 3 0
0 58570 4 0
0 58570 5 0
0 58570 6 0
0 62489 7 0
0 62489 8 0
0 62489 9 0
0 62489 10 0
0 62489 11 0
0 62489 12 0
0 40214 13 0
0 40214 14 0
0 40214 15 0
0 40214 0 0
0 40214 1 0
0 40214 2 0
0 43382 3 0
0 43382 4 0
0 43382 5 0
0 43382 6 0
0 43382 7 0
0 43382 8 0
0 1952 9 0
0 1952 10 0
0 1952 11 0
0 1952 12 0
0 1952 13 0
0 1952 14 0
0 38588 15 0
0 38588 0 0
0 38588 1 0
0 38588 2 0
0 38588 3 0
0 38588 4 0
0 13989 5 0
0 13989 6 0
0 13989 7 0
0 13989 8 0
0 13989 9 0
0 13989 10 0
0 44790 11 0
0 44790 12 0
0 44790 13 0
0 44790 14 0
0 44790 15 0
0 44790 0 0
0 11949 1 0
0 11949 2 0
0 11949 3 0
0 11949 4 0
0 11949 5 0
0 11949 6 0
0 20128 7 0
0 20128 8 0
0 20128 9 0
0 20128 10 0
0 20128 11 0
0 20128 12 0
0 50462 13 0
0 50462 14 0
0 50462 15 0
0 50462 0 0
0 50462 1 0
0 50462 2 0
0 59816 3 0
0 59816 4 0
0 59816 5 0
0 59816 6 0
0 59816 7 0
0 59816 8 0
0 34374 9 0
0 34374 10 0
0 34374 11 0
0 34374 12 0
0 34374 13 0
0 34374 14 0
0 45701 15 0
0 45701 0 0
0 45701 1 0
0 45701 2 0
0 45701 3 0
0 45701 4 0
0 36483 5 0
0 36483 6 0
0 36483 7 0
0 36483 8 0
0 36483 9 0
0 36483 10 0
0 29033 11 0
0 29033 12 0
0 29033 13 0
0 29033 14 0
0 29033 15 0
0 29033 0 0
0 23994 1 0
0 23994 2 0
0 23994 3 0
0 23994 4 0
0 23994 5 0
0 23994 6 0
0 59551 7 0
0 59551 8 0
0 59551 9 0
0 59551 10 0
0 59551 11 0
0 59551 12 0
0 61141 13 0
0 61141 14 0
0 61141 15 0
0 61141 0 0
0 61141 1 0
0 61141 2 0
0 33955 3 0
0 33955 4 0
0 33955 5 0
0 33955 6 0
0 33955 7 0
0 33955 8 0
0 62358 9 0
0 62358 10 0
0 62358 11 0
0 62358 12 0
0 62358 13 0
0 62358 14 0
0 12318 15 0
0 12318 0 0
0 12318 1 0
0 12318 2 0
0 12318 3 0
0 12318 4 0
0 10883 5 0
0 10883 6 0
0 10883 7 0
0 10883 8 0
0 10883 9 0
0 10883 10 0
0 22606 11 0
0 22606 12 0
0 22606 13 0
0 22606 14 0
0 22606 15 0
0 22606 0 0
0 6844 1 0
0 6844 2 0
0 6844 3 0
0 6844 4 0
0 6844 5 0
0 6844 6 0
0 32896 7 0
0 32896 8 0
0 32896 9 0
0 32896 10 0
0 32896 11 0
0 32896 12 0
0 47208 13 0
0 47208 14 0
0 47208 15 0
0 47208 0 0
0 47208 1 0
0 47208 2 0
0 43573 3 0
0 43573 4 0
0 43573 5 0
0 43573 6 0
0 43573 7 0
0 43573 8 0
0 47182 9 0
0 47182 10 0
0 47182 11 0
0 47182 12 0
0 47182 13 0
0 47182 14 0
0 7474 15 0
0 7474 0 0
0 7474 1 0
0 7474 2 0
0 7474 3 0
0 7474 4 0
0 50317 5 0
0 50317 6 0
0 50317 7 0
0 50317 8 0
0 50317 9 0
0 50317 10 0
0 44723 11 0
0 44723 12 0
0 44723 13 0
0 44723 14 0
0 44723 15 0
0 44723 0 0
0 22809 1 0
0 22809 2 0
0 22809 3 0
0 22809 4 0
0 22809 5 0
0 22809 6 0
0 37320 7 0
0 37320 8 0
0 37320 9 0
0 37320 10 0
0 37320 11 0
0 37320 12 0
0 62406 13 0
0 62406 14 0
0 62406 15 0
0 62406 0 0
0 62406 1 0
0 62406 2 0
0 5808 3 0
0 5808 4 0
0 5808 5 0
0 5808 6 0
0 5808 7 0
0 5808 8 0
0 39693 9 0
0 39693 10 0
0 39693 11 0
0 39693 12 0
0 39693 13 0
0 39693 14 0
0 41841 15 0
0 41841 0 0
0 41841 1 0
0 41841 2 0
0 41841 3 0
0 41841 4 0
0 35406 5 0
0 35406 6 0
0 35406 7 0
0 35406 8 0
0 35406 9 0
0 35406 10 0
0 41923 11 0
0 41923 12 0
0 41923 13 0
0 41923 14 0
0 41923 15 0
0 41923 0 0
0 9844 1 0
0 9844 2 0
0 9844 3 0
0 9844 4 0
0 9844 5 0
0 9844 6 0
0 45749 7 0
0 45749 8 0
0 45749 9 0
0 45749 10 0
0 45749 11 0
0 45749 12 0
0 2596 13 0
0 2596 14 0
0 2596 15 0
0 2596 0 0
0 2596 1 0
0 2596 2 0
0 58830 3 0
0 58830 4 0
0 58830 5 0
0 58830 6 0
0 58830 7 0
0 58830 8 0
0 22779 9 0
0 22779 10 0
0 22779 11 0
0 22779 12 0
0 22779 13 0
0 22779 14 0
0 47040 15 0
0 47040 0 0
0 47040 1 0
0 47040 2 0
0 47040 3 0
0 47040 4 0
0 38611 5 0
0 38611 6 0
0 38611 7 0
0 38611 8 0
0 38611 9 0
0 38611 10 0
0 34659 11 0
0 34659 12 0
0 34659 13 0
0 34659 14 0
0 34659 15 0
0 34659 0 0
0 64372 1 0
0 64372 2 0
0 64372 3 0
0 64372 4 0
0 64372 5 0
0 64372 6 0
0 239 7 0
0 239 8 0
0 239 9 0
0 239 10 0
0 239 11 0
0 239 12 0
0 58392 13 0
0 58392 14 0
0 58392 15 0
0 58392 0 0
0 58392 1 0
0 58392 2 0
0 20678 3 0
0 20678 4 0
0 20678 5 0
0 20678 6 0
0 20678 7 0
0 20678 8 0
0 31977 9 0
0 31977 10 0
0 31977 11 0
0 31977 12 0
0 31977 13 0
0 31977 14 0
0 45558 15 0
0 45558 0 0
0 45558 1 0
0 45558 2 0
0 45558 3 0
0 45558 4 0
0 30581 5 0
0 30581 6 0
0 30581 7 0
0 30581 8 0
0 30581 9 0
0 30581 10 0
0 14878 11 0
0 14878 12 0
0 14878 13 0
0 14878 14 0
0 14878 15 0
0 14878 0 0
0 6247 1 0
0 6247 2 0
0 6247 3 0
0 6247 4 0
0 6247 5 0
0 6247 6 0
0 49811 7 0
0 49811 8 0
0 49811 9 0
0 49811 10 0
0 49811 11 0
0 49811 12 0
0 58350 13 0
0 58350 14 0
0 58350 15 0
0 58350 0 0
0 58350 1 0
0 58350 2 0
0 49657 3 0
0 49657 4 0
0 49657 5 0
0 49657 6 0
0 49657 7 0
0 49657 8 0
0 4810 9 0
0 4810 10 0
0 4810 11 0
0 4810 12 0
0 4810 13 0
0 4810 14 0
0 42523 15 0
0 42523 0 0
0 42523 1 0
0 42523 2 0
0 42523 3 0
0 42523 4 0
0 3339 5 0
0 3339 6 0
0 3339 7 0
0 3339 8 0
0 3339 9 0
0 3339 10 0
0 1662 11 0
0 1662 12 0
0 1662 13 0
0 1662 14 0
0 1662 15 0
0 1662 0 0
0 60189 1 0
0 60189 2 0
0 60189 3 0
0 60189 4 0
0 60189 5 0
0 60189 6 0
0 32773 7 0
0 32773 8 0
0 32773 9 0
0 32773 10 0
0 32773 11 0
0 32773 12 0
0 27813 13 0
0 27813 14 0
0 27813 15 0
0 27813 0 0
0 27813 1 0
0 27813 2 0
0 23078 3 0
0 23078 4 0
0 23078 5 0
0 23078 6 0
0 23078 7 0
0 23078 8 0
0 60976 9 0
0 60976 10 0
0 60976 11 0
0 60976 12 0
0 60976 13 0
0 60976 14 0
0 13460 15 0
0 13460 0 0
0 13460 1 0
0 13460 2 0
0 13460 3 0
0 13460 4 0
0 52460 5 0
0 52460 6 0
0 52460 7 0
0 52460 8 0
0 52460 9 0
0 52460 10 0
0 7307 11 0
0 7307 12 0
0 7307 13 0
0 7307 14 0
0 7307 15 0
0 7307 0 0
0 34646 1 0
0 34646 2 0
0 34646 3 0
0 34646 4 0
0 34646 5 0
0 34646 6 0
0 13722 7 0
0 13722 8 0
0 13722 9 0
0 13722 10 0
0 13722 11 0
0 13722 12 0
0 17980 13 0
0 17980 14 0
0 17980 15 0
0 17980 0 0
0 17980 1 0
0 17980 2 0
0 7653 3 0
0 7653 4 0
0 7653 5 0
0 7653 6 0
0 7653 7 0
0 7653 8 0
0 1375 9 0
0 1375 10 0
0 1375 11 0
0 1375 12 0
0 1375 13 0
0 1375 14 0
0 33767 15 0
0 33767 0 0
0 33767 1 0
0 33767 2 0
0 33767 3 0
0 33767 4 0
0 55457 5 0
0 55457 6 0
0 55457 7 0
0 55457 8 0
0 55457 9 0
0 55457 10 0
0 37341 11 0
0 37341 12 0
0 37341 13 0
0 37341 14 0
0 37341 15 0
0 37341 0 0
0 8943 1 0
0 8943 2 0
0 8943 3 0
0 8943 4 0
0 8943 5 0
0 8943 6 0
0 43714 7 0
0 43714 8 0
0 43714 9 0
0 43714 10 0
0 43714 11 0
0 43714 12 0
0 63126 13 0
0 63126 14 0
0 63126 15 0
0 63126 0 0
0 63126 1 0
0 63126 2 0
0 44364 3 0
0 44364 4 0
0 44364 5 0
0 44364 6 0
0 44364 7 0
0 44364 8 0
0 34798 9 0
0 34798 10 0
0 34798 11 0
0 34798 12 0
0 34798 13 0
0 34798 14 0
0 43828 15 0
0 43828 0 0
0 43828 1 0
0 43828 2 0
0 43828 3 0
0 43828 4 0
0 30333 5 0
0 30333 6 0
0 30333 7 0
0 30333 8 0
0 30333 9 0
0 30333 10 0
0 6197 11 0
0 6197 12 0
0 6197 13 0
0 6197 14 0
0 6197 15 0
0 6197 0 0
0 31205 1 0
0 31205 2 0
0 31205 3 0
0 31205 4 0
0 31205 5 0
0 31205 6 0
0 57960 7 0
0 57960 8 0
0 57960 9 0
0 57960 10 0
0 57960 11 0
0 57960 12 0
0 2338 13 0
0 2338 14 0
0 2338 15 0
0 2338 0 0
0 2338 1 0
0 2338 2 0
0 50150 3 0
0 50150 4 0
0 50150 5 0
0 50150 6 0
0 50150 7 0
0 50150 8 0
0 41771 9 0
0 41771 10 0
0 41771 11 0
0 41771 12 0
0 41771 13 0
0 41771 14 0
0 5588 15 0
0 5588 0 0
0 5588 1 0
0 5588 2 0
0 5588 3 0
0 5588 4 0
0 26601 5 0
0 26601 6 0
0 26601 7 0
0 26601 8 0
0 26601 9 0
0 26601 10 0
0 14966 11 0
0 14966 12 0
0 14966 13 0
0 14966 14 0
0 14966 15 0
0 14966 0 0
0 31963 1 0
0 31963 2 0
0 31963 3 0
0 31963 4 0
0 31963 5 0
0 31963 6 0
0 3947 7 0
0 3947 8 0
0 3947 9 0
0 3947 10 0
0 3947 11 0
0 3947 12 0
0 41019 13 0
0 41019 14 0
0 41019 15 0
0 41019 0 0
0 41019 1 0
0 41019 2 0
0 19620 3 0
0 19620 4 0
0 19620 5 0
0 19620 6 0
0 19620 7 0
0 19620 8 0
0 31586 9 0
0 31586 10 0
0 31586 11 0
0 31586 12 0
0 31586 13 0
0 31586 14 0
0 64545 15 0
0 64545 0 0
0 64545 1 0
0 64545 2 0
0 64545 3 0
0 64545 4 0
0 64735 5 0
0 64735 6 0
0 64735 7 0
0 64735 8 0
0 64735 9 0
0 64735 10 0
0 56821 11 0
0 56821 12 0
0 56821 13 0
0 56821 14 0
0 56821 15 0
0 56821 0 0
0 23552 1 0
0 23552 2 0
0 23552 3 0
0 23552 4 0
0 23552 5 0
0 23552 6 0
0 58550 7 0
0 58550 8 0
0 58550 9 0
0 58550 10 0
0 58550 11 0
0 58550 12 0
0 34400 13 0
0 34400 14 0
0 34400 15 0
0 34400 0 0
0 34400 1 0
0 34400 2 0
0 22539 3 0
0 22539 4 0
0 22539 5 0
0 22539 6 0
0 22539 7 0
0 22539 8 0
0 5028 9 0
0 5028 10 0
0 5028 11 0
0 5028 12 0
0 5028 13 0
0 5028 14 0
0 47276 15 0
0 47276 0 0
0 47276 1 0
0 47276 2 0
0 47276 3 0
0 47276 4 0
0 38734 5 0
0 38734 6 0
0 38734 7 0
0 38734 8 0
0 38734 9 0
0 38734 10 0
0 44777 11 0
0 44777 12 0
0 44777 13 0
0 44777 14 0
0 44777 15 0
0 44777 0 0
0 35933 1 0
0 35933 2 0
0 35933 3 0
0 35933 4 0
0 35933 5 0
0 35933 6 0
0 30017 7 0
0 30017 8 0
0 30017 9 0
0 30017 10 0
0 30017 11 0
0 30017 12 0
0 51257 13 0
0 51257 14 0
0 51257 15 0
0 51257 0 0
0 51257 1 0
0 51257 2 0
0 717 3 0
0 717 4 0
0 717 5 0
0 717 6 0
0 717 7 0
0 717 8 0
0 7774 9 0
0 7774 10 0
0 7774 11 0
0 7774 12 0
0 7774 13 0
0 7774 14 0
0 13141 15 0
0 13141 0 0
0 13141 1 0
0 13141 2 0
0 13141 3 0
0 13141 4 0
0 17793 5 0
0 17793 6 0
0 17793 7 0
0 17793 8 0
0 17793 9 0
0 17793 10 0
0 43267 11 0
0 43267 12 0
0 43267 13 0
0 43267 14 0
0 43267 15 0
0 43267 0 0
0 21629 1 0
0 21629 2 0
0 21629 3 0
0 21629 4 0
0 21629 5 0
0 21629 6 0
0 2538 7 0
0 2538 8 0
0 2538 9 0
0 2538 10 0
0 2538 11 0
0 2538 12 0
0 5449 13 0
0 5449 14 0
0 5449 15 0
0 5449 0 0
0 5449 1 0
0 5449 2 0
0 21316 3 0
0 21316 4 0
0 21316 5 0
0 21316 6 0
0 21316 7 0
0 21316 8 0
0 20306 9 0
0 20306 10 0
0 20306 11 0
0 20306 12 0
0 20306 13 0
0 20306 14 0
0 10295 15 0
0 10295 0 0
0 10295 1 0
0 10295 2 0
0 10295 3 0
0 10295 4 0
0 18291 5 0
0 18291 6 0
0 18291 7 0
0 18291 8 0
0 18291 9 0
0 18291 10 0
0 19803 11 0
0 19803 12 0
0 19803 13 0
0 19803 14 0
0 19803 15 0
0 19803 0 0
0 24468 1 0
0 24468 2 0
0 24468 3 0
0 24468 4 0
0 24468 5 0
0 24468 6 0
0 53405 7 0
0 53405 8 0
0 53405 9 0
0 53405 10 0
0 53405 11 0
0 53405 12 0
0 50979 13 0
0 50979 14 0
0 50979 15 0
0 50979 0 0
0 50979 1 0
0 50979 2 0
0 2454 3 0
0 2454 4 0
0 2454 5 0
0 2454 6 0
0 2454 7 0
0 2454 8 0
0 48397 9 0
0 48397 10 0
0 48397 11 0
0 48397 12 0
0 48397 13 0
0 48397 14 0
0 37776 15 0
0 37776 0 0
0 37776 1 0
0 37776 2 0
0 37776 3 0
0 37776 4 0
0 45125 5 0
0 45125 6 0
0 45125 7 0
0 45125 8 0
0 45125 9 0
0 45125 10 0
0 2094 11 0
0 2094 12 0
0 2094 13 0
0 2094 14 0
0 2094 15 0
0 2094 0 0
0 31096 1 0
0 31096 2 0
0 31096 3 0
0 31096 4 0
0 31096 5 0
0 31096 6 0
0 1310 7 0
0 1310 8 0
0 1310 9 0
0 1310 10 0
0 1310 11 0
0 1310 12 0
0 48179 13 0
0 48179 14 0
0 48179 15 0
0 48179 0 0
0 48179 1 0
0 48179 2 0
0 48148 3 0
0 48148 4 0
0 48148 5 0
0 48148 6 0
0 48148 7 0
0 48148 8 0
0 44872 9 0
0 44872 10 0
0 44872 11 0
0 44872 12 0
0 44872 13 0
0 44872 14 0
0 11308 15 0
0 11308 0 0
0 11308 1 0
0 11308 2 0
0 11308 3 0
0 11308 4 0
0 48622 5 0
0 48622 6 0
0 48622 7 0
0 48622 8 0
0 48622 9 0
0 48622 10 0
0 47874 11 0
0 47874 12 0
0 47874 13 0
0 47874 14 0
0 47874 15 0
0 47874 0 0
0 8482 1 0
0 8482 2 0
0 8482 3 0
0 8482 4 0
0 8482 5 0
0 8482 6 0
0 53665 7 0
0 53665 8 0
0 53665 9 0
0 53665 10 0
0 53665 11 0
0 53665 12 0
0 24605 13 0
0 24605 14 0
0 24605 15 0
0 24605 0 0
0 24605 1 0
0 24605 2 0
0 47303 3 0
0 47303 4 0
0 47303 5 0
0 47303 6 0
0 47303 7 0
0 47303 8 0
0 33071 9 0
0 33071 10 0
0 33071 11 0
0 33071 12 0
0 33071 13 0
0 33071 14 0
0 19701 15 0
0 19701 0 0
0 19701 1 0
0 19701 2 0
0 19701 3 0
0 19701 4 0
0 27892 5 0
0 27892 6 0
0 27892 7 0
0 27892 8 0
0 27892 9 0
0 27892 10 0
0 24313 11 0
0 24313 12 0
0 24313 13 0
0 24313 14 0
0 24313 15 0
0 24313 0 0
0 17685 1 0
0 17685 2 0
0 17685 3 0
0 17685 4 0
0 17685 5 0
0 17685 6 0
0 14621 7 0
0 14621 8 0
0 14621 9 0
0 14621 10 0
0 14621 11 0
0 14621 12 0
0 41772 13 0
0 41772 14 0
0 41772 15 0
0 41772 0 0
0 41772 1 0
0 41772 2 0
0 12591 3 0
0 12591 4 0
0 12591 5 0
0 12591 6 0
0 12591 7 0
0 12591 8 0
0 21691 9 0
0 21691 10 0
0 21691 11 0
0 21691 12 0
0 21691 13 0
0 21691 14 0
0 46881 15 0
0 46881 0 0
0 46881 1 0
0 46881 2 0
0 46881 3 0
0 46881 4 0
0 33477 5 0
0 33477 6 0
0 33477 7 0
0 33477 8 0
0 33477 9 0
0 33477 10 0
0 61336 11 0
0 61336 12 0
0 61336 13 0
0 61336 14 0
0 61336 15 0
0 61336 0 0
0 34376 1 0
0 34376 2 0
0 34376 3 0
0 34376 4 0
0 34376 5 0
0 34376 6 0
0 58543 7 0
0 58543 8 0
0 58543 9 0
0 58543 10 0
0 58543 11 0
0 58543 12 0
0 24238 13 0
0 24238 14 0
0 24238 15 0
0 24238 0 0
0 24238 1 0
0 24238 2 0
0 51767 3 0
0 51767 4 0
0 51767 5 0
0 51767 6 0
0 51767 7 0
0 51767 8 0
0 54865 9 0
0 54865 10 0
0 54865 11 0
0 54865 12 0
0 54865 13 0
0 54865 14 0
0 47236 15 0
0 47236 0 0
0 47236 1 0
0 47236 2 0
0 47236 3 0
0 47236 4 0
0 12766 5 0
0 12766 6 0
0 12766 7 0
0 12766 8 0
0 12766 9 0
0 12766 10 0
0 41578 11 0
0 41578 12 0
0 41578 13 0
0 41578 14 0
0 41578 15 0
0 41578 0 0
0 19623 1 0
0 19623 2 0
0 19623 3 0
0 19623 4 0
0 19623 5 0
0 19623 6 0
0 34005 7 0
0 34005 8 0
0 34005 9 0
0 34005 10 0
0 34005 11 0
0 34005 12 0
0 23504 13 0
0 23504 14 0
0 23504 15 0
0 23504 0 0
0 23504 1 0
0 23504 2 0
0 44060 3 0
0 44060 4 0
0 44060 5 0
0 44060 6 0
0 44060 7 0
0 44060 8 0
0 58670 9 0
0 58670 10 0
0 58670 11 0
0 58670 12 0
0 58670 13 0
0 58670 14 0
0 10604 15 0
0 10604 0 0
0 10604 1 0
0 10604 2 0
0 10604 3 0
0 10604 4 0
0 49042 5 0
0 49042 6 0
0 49042 7 0
0 49042 8 0
0 49042 9 0
0 49042 10 0
0 48997 11 0
0 48997 12 0
0 48997 13 0
0 48997 14 0
0 48997 15 0
0 48997 0 0
0 35136 1 0
0 35136 2 0
0 35136 3 0
0 35136 4 0
0 35136 5 0
0 35136 6 0
0 46114 7 0
0 46114 8 0
0 46114 9 0
0 46114 10 0
0 46114 11 0
0 46114 12 0
0 19457 13 0
0 19457 14 0
0 19457 15 0
0 19457 0 0
0 19457 1 0
0 19457 2 0
0 54266 3 0
0 54266 4 0
0 54266 5 0
0 54266 6 0
0 54266 7 0
0 54266 8 0
0 27122 9 0
0 27122 10 0
0 27122 11 0
0 27122 12 0
0 27122 13 0
0 27122 14 0
0 26178 15 0
0 26178 0 0
0 26178 1 0
0 26178 2 0
0 26178 3 0
0 26178 4 0
0 20671 5 0
0 20671 6 0
0 20671 7 0
0 20671 8 0
0 20671 9 0
0 20671 10 0
0 60258 11 0
0 60258 12 0
0 60258 13 0
0 60258 14 0
0 60258 15 0
0 60258 0 0
0 55955 1 0
0 55955 2 0
0 55955 3 0
0 55955 4 0
0 55955 5 0
0 55955 6 0
0 32011 7 0
0 32011 8 0
0 32011 9 0
0 32011 10 0
0 32011 11 0
0 32011 12 0
0 206 13 0
0 206 14 0
0 206 15 0
0 206 0 0
0 206 1 0
0 206 2 0
0 47916 3 0
0 47916 4 0
0 47916 5 0
0 47916 6 0
0 47916 7 0
0 47916 8 0
0 17888 9 0
0 17888 10 0
0 17888 11 0
0 17888 12 0
0 17888 13 0
0 17888 14 0
0 4042 15 0
0 4042 0 0
0 4042 1 0
0 4042 2 0
0 4042 3 0
0 4042 4 0
0 57814 5 0
0 57814 6 0
0 57814 7 0
0 57814 8 0
0 57814 9 0
0 57814 10 0
0 53630 11 0
0 53630 12 0
0 53630 13 0
0 53630 14 0
0 53630 15 0
0 53630 0 0
0 12415 1 0
0 12415 2 0
0 12415 3 0
0 12415 4 0
0 12415 5 0
0 12415 6 0
0 6844 7 0
0 6844 8 0
0 6844 9 0
0 6844 10 0
0 6844 11 0
0 6844 12 0
0 50899 13 0
0 50899 14 0
0 50899 15 0
0 50899 0 0
0 50899 1 0
0 50899 2 0
0 37931 3 0
0 37931 4 0
0 37931 5 0
0 37931 6 0
0 37931 7 0
0 37931 8 0
0 26125 9 0
0 26125 10 0
0 26125 11 0
0 26125 12 0
0 26125 13 0
0 26125 14 0
0 56475 15 0
0 56475 0 0
0 56475 1 0
0 56475 2 0
0 56475 3 0
0 56475 4 0
0 403 5 0
0 403 6 0
0 403 7 0
0 403 8 0
0 403 9 0
0 403 10 0
0 30052 11 0
0 30052 12 0
0 30052 13 0
0 30052 14 0
0 30052 15 0
0 30052 0 0
0 52947 1 0
0 52947 2 0
0 52947 3 0
0 52947 4 0
0 52947 5 0
0 52947 6 0
0 63570 7 0
0 63570 8 0
0 63570 9 0
0 63570 10 0
0 63570 11 0
0 63570 12 0
0 64710 13 0
0 64710 14 0
0 64710 15 0
0 64710 0 0
0 64710 1 0
0 64710 2 0
0 55729 3 0
0 55729 4 0
0 55729 5 0
0 55729 6 0
0 55729 7 0
0 55729 8 0
0 52857 9 0
0 52857 10 0
0 52857 11 0
0 52857 12 0
0 52857 13 0
0 52857 14 0
0 53090 15 0
0 53090 0 0
0 53090 1 0
0 53090 2 0
0 53090 3 0
0 53090 4 0
0 8001 5 0
0 8001 6 0
0 8001 7 0
0 8001 8 0
0 8001 9 0
0 8001 10 0
0 40628 11 0
0 40628 12 0
0 40628 13 0
0 40628 14 0
0 40628 15 0
0 40628 0 0
0 23075 1 0
0 23075 2 0
0 23075 3 0
0 23075 4 0
0 23075 5 0
0 23075 6 0
0 21934 7 0
0 21934 8 0
0 21934 9 0
0 21934 10 0
0 21934 11 0
0 21934 12 0
0 41997 13 0
0 41997 14 0
0 41997 15 0
0 41997 0 0
0 41997 1 0
0 41997 2 0
0 15972 3 0
0 15972 4 0
0 15972 5 0
0 15972 6 0
0 15972 7 0
0 15972 8 0
0 58887 9 0
0 58887 10 0
0 58887 11 0
0 58887 12 0
0 58887 13 0
0 58887 14 0
0 20861 15 0
0 20861 0 0
0 20861 1 0
0 20861 2 0
0 20861 3 0
0 20861 4 0
0 51112 5 0
0 51112 6 0
0 51112 7 0
0 51112 8 0
0 51112 9 0
0 51112 10 0
0 29859 11 0
0 29859 12 0
0 29859 13 0
0 29859 14 0
0 29859 15 0
0 29859 0 0
0 16481 1 0
0 16481 2 0
0 16481 3 0
0 16481 4 0
0 16481 5 0
0 16481 6 0
0 33487 7 0
0 33487 8 0
0 33487 9 0
0 33487 10 0
0 33487 11 0
0 33487 12 0
0 2330 13 0
0 2330 14 0
0 2330 15 0
