0 0 0 0
0 0 1 0
0 0 2 0
0 0 3 0
0 0 4 0
0 38199 5 0
0 38199 6 0
0 38199 7 0
0 38199 8 0
0 38199 9 0
0 38199 10 0
0 19268 11 0
0 19268 12 0
0 19268 13 0
0 19268 14 0
0 19268 15 0
0 19268 0 0
0 7685 1 0
0 7685 2 0
0 7685 3 0
0 7685 4 0
0 7685 5 0
0 7685 6 0
0 1202 7 0
0 1202 8 0
0 1202 9 0
0 1202 10 0
0 1202 11 0
0 1202 12 0
0 8387 13 0
0 8387 14 0
0 8387 15 0
0 8387 0 0
0 8387 1 0
0 8387 2 0
0 55367 3 0
0 55367 4 0
0 55367 5 0
0 55367 6 0
0 55367 7 0
0 55367 8 0
0 48753 9 0
0 48753 10 0
0 48753 11 0
0 48753 12 0
0 48753 13 0
0 48753 14 0
0 59460 15 0
0 59460 0 0
0 59460 1 0
0 59460 2 0
0 59460 3 0
0 59460 4 0
0 7280 5 0
0 7280 6 0
0 7280 7 0
0 7280 8 0
0 7280 9 0
0 7280 10 0
0 55188 11 0
0 55188 12 0
0 55188 13 0
0 55188 14 0
0 55188 15 0
0 55188 0 0
0 38361 1 0
0 38361 2 0
0 38361 3 0
0 38361 4 0
0 38361 5 0
0 38361 6 0
0 52149 7 0
0 52149 8 0
0 52149 9 0
0 52149 10 0
0 52149 11 0
0 52149 12 0
0 22454 13 0
0 22454 14 0
0 22454 15 0
0 22454 0 0
0 22454 1 0
0 22454 2 0
0 24644 3 0
0 24644 4 0
0 24644 5 0
0 24644 6 0
0 24644 7 0
0 24644 8 0
0 59027 9 0
0 59027 10 0
0 59027 11 0
0 59027 12 0
0 59027 13 0
0 59027 14 0
0 4417 15 0
0 4417 0 0
0 4417 1 0
0 4417 2 0
0 4417 3 0
0 4417 4 0
0 13820 5 0
0 13820 6 0
0 13820 7 0
0 13820 8 0
0 13820 9 0
0 13820 10 0
0 16962 11 0
0 16962 12 0
0 16962 13 0
0 16962 14 0
0 16962 15 0
0 16962 0 0
0 36881 1 0
0 36881 2 0
0 36881 3 0
0 36881 4 0
0 36881 5 0
0 36881 6 0
0 64797 7 0
0 64797 8 0
0 64797 9 0
0 64797 10 0
0 64797 11 0
0 64797 12 0
0 45584 13 0
0 45584 14 0
0 45584 15 0
0 45584 0 0
0 45584 1 0
0 45584 2 0
0 58440 3 0
0 58440 4 0
0 58440 5 0
0 58440 6 0
0 58440 7 0
0 58440 8 0
0 39812 9 0
0 39812 10 0
0 39812 11 0
0 39812 12 0
0 39812 13 0
0 39812 14 0
0 9230 15 0
0 9230 0 0
0 9230 1 0
0 9230 2 0
0 9230 3 0
0 9230 4 0
0 28888 5 0
0 28888 6 0
0 28888 7 0
0 28888 8 0
0 28888 9 0
0 28888 10 0
0 49390 11 0
0 49390 12 0
0 49390 13 0
0 49390 14 0
0 49390 15 0
0 49390 0 0
0 49939 1 0
0 49939 2 0
0 49939 3 0
0 49939 4 0
0 49939 5 0
0 49939 6 0
0 43475 7 0
0 43475 8 0
0 43475 9 0
0 43475 10 0
0 43475 11 0
0 43475 12 0
0 35546 13 0
0 35546 14 0
0 35546 15 0
0 35546 0 0
0 35546 1 0
0 35546 2 0
0 51491 3 0
0 51491 4 0
0 51491 5 0
0 51491 6 0
0 51491 7 0
0 51491 8 0
0 17993 9 0
0 17993 10 0
0 17993 11 0
0 17993 12 0
0 17993 13 0
0 17993 14 0
0 53265 15 0
0 53265 0 0
0 53265 1 0
0 53265 2 0
0 53265 3 0
0 53265 4 0
0 60032 5 0
0 60032 6 0
0 60032 7 0
0 60032 8 0
0 60032 9 0
0 60032 10 0
0 51465 11 0
0 51465 12 0
0 51465 13 0
0 51465 14 0
0 51465 15 0
0 51465 0 0
0 37641 1 0
0 37641 2 0
0 37641 3 0
0 37641 4 0
0 37641 5 0
0 37641 6 0
0 32156 7 0
0 32156 8 0
0 32156 9 0
0 32156 10 0
0 32156 11 0
0 32156 12 0
0 40866 13 0
0 40866 14 0
0 40866 15 0
0 40866 0 0
0 40866 1 0
0 40866 2 0
0 25809 3 0
0 25809 4 0
0 25809 5 0
0 25809 6 0
0 25809 7 0
0 25809 8 0
0 4745 9 0
0 4745 10 0
0 4745 11 0
0 4745 12 0
0 4745 13 0
0 4745 14 0
0 21556 15 0
0 21556 0 0
0 21556 1 0
0 21556 2 0
0 21556 3 0
0 21556 4 0
0 2316 5 0
0 2316 6 0
0 2316 7 0
0 2316 8 0
0 2316 9 0
0 2316 10 0
0 46981 11 0
0 46981 12 0
0 46981 13 0
0 46981 14 0
0 46981 15 0
0 46981 0 0
0 49831 1 0
0 49831 2 0
0 49831 3 0
0 49831 4 0
0 49831 5 0
0 49831 6 0
0 19880 7 0
0 19880 8 0
0 19880 9 0
0 19880 10 0
0 19880 11 0
0 19880 12 0
0 28162 13 0
0 28162 14 0
0 28162 15 0
0 28162 0 0
0 28162 1 0
0 28162 2 0
0 52343 3 0
0 52343 4 0
0 52343 5 0
0 52343 6 0
0 52343 7 0
0 52343 8 0
0 24729 9 0
0 24729 10 0
0 24729 11 0
0 24729 12 0
0 24729 13 0
0 24729 14 0
0 1928 15 0
0 1928 0 0
0 1928 1 0
0 1928 2 0
0 1928 3 0
0 1928 4 0
0 14031 5 0
0 14031 6 0
0 14031 7 0
0 14031 8 0
0 14031 9 0
0 14031 10 0
0 12700 11 0
0 12700 12 0
0 12700 13 0
0 12700 14 0
0 12700 15 0
0 12700 0 0
0 25844 1 0
0 25844 2 0
0 25844 3 0
0 25844 4 0
0 25844 5 0
0 25844 6 0
0 15773 7 0
0 15773 8 0
0 15773 9 0
0 15773 10 0
0 15773 11 0
0 15773 12 0
0 7848 13 0
0 7848 14 0
0 7848 15 0
0 7848 0 0
0 7848 1 0
0 7848 2 0
0 54264 3 0
0 54264 4 0
0 54264 5 0
0 54264 6 0
0 54264 7 0
0 54264 8 0
0 34389 9 0
0 34389 10 0
0 34389 11 0
0 34389 12 0
0 34389 13 0
0 34389 14 0
0 18347 15 0
0 18347 0 0
0 18347 1 0
0 18347 2 0
0 18347 3 0
0 18347 4 0
0 18429 5 0
0 18429 6 0
0 18429 7 0
0 18429 8 0
0 18429 9 0
0 18429 10 0
0 16908 11 0
0 16908 12 0
0 16908 13 0
0 16908 14 0
0 16908 15 0
0 16908 0 0
0 30350 1 0
0 30350 2 0
0 30350 3 0
0 30350 4 0
0 30350 5 0
0 30350 6 0
0 46760 7 0
0 46760 8 0
0 46760 9 0
0 46760 10 0
0 46760 11 0
0 46760 12 0
0 61503 13 0
0 61503 14 0
0 61503 15 0
0 61503 0 0
0 61503 1 0
0 61503 2 0
0 58642 3 0
0 58642 4 0
0 58642 5 0
0 58642 6 0
0 58642 7 0
0 58642 8 0
0 46170 9 0
0 46170 10 0
0 46170 11 0
0 46170 12 0
0 46170 13 0
0 46170 14 0
0 59167 15 0
0 59167 0 0
0 59167 1 0
0 59167 2 0
0 59167 3 0
0 59167 4 0
0 48719 5 0
0 48719 6 0
0 48719 7 0
0 48719 8 0
0 48719 9 0
0 48719 10 0
0 18330 11 0
0 18330 12 0
0 18330 13 0
0 18330 14 0
0 18330 15 0
0 18330 0 0
0 37358 1 0
0 37358 2 0
0 37358 3 0
0 37358 4 0
0 37358 5 0
0 37358 6 0
0 30747 7 0
0 30747 8 0
0 30747 9 0
0 30747 10 0
0 30747 11 0
0 30747 12 0
0 48756 13 0
0 48756 14 0
0 48756 15 0
0 48756 0 0
0 48756 1 0
0 48756 2 0
0 1581 3 0
0 1581 4 0
0 1581 5 0
0 1581 6 0
0 1581 7 0
0 1581 8 0
0 61790 9 0
0 61790 10 0
0 61790 11 0
0 61790 12 0
0 61790 13 0
0 61790 14 0
0 28346 15 0
0 28346 0 0
0 28346 1 0
0 28346 2 0
0 28346 3 0
0 28346 4 0
0 22575 5 0
0 22575 6 0
0 22575 7 0
0 22575 8 0
0 22575 9 0
0 22575 10 0
0 52931 11 0
0 52931 12 0
0 52931 13 0
0 52931 14 0
0 52931 15 0
0 52931 0 0
0 12905 1 0
0 12905 2 0
0 12905 3 0
0 12905 4 0
0 12905 5 0
0 12905 6 0
0 5076 7 0
0 5076 8 0
0 5076 9 0
0 5076 10 0
0 5076 11 0
0 5076 12 0
0 9954 13 0
0 9954 14 0
0 9954 15 0
0 9954 0 0
0 9954 1 0
0 9954 2 0
0 13348 3 0
0 13348 4 0
0 13348 5 0
0 13348 6 0
0 13348 7 0
0 13348 8 0
0 37486 9 0
0 37486 10 0
0 37486 11 0
0 37486 12 0
0 37486 13 0
0 37486 14 0
0 44728 15 0
0 44728 0 0
0 44728 1 0
0 44728 2 0
0 44728 3 0
0 44728 4 0
0 45723 5 0
0 45723 6 0
0 45723 7 0
0 45723 8 0
0 45723 9 0
0 45723 10 0
0 10657 11 0
0 10657 12 0
0 10657 13 0
0 10657 14 0
0 10657 15 0
0 10657 0 0
0 53412 1 0
0 53412 2 0
0 53412 3 0
0 53412 4 0
0 53412 5 0
0 53412 6 0
0 12389 7 0
0 12389 8 0
0 12389 9 0
0 12389 10 0
0 12389 11 0
0 12389 12 0
0 21783 13 0
0 21783 14 0
0 21783 15 0
0 21783 0 0
0 21783 1 0
0 21783 2 0
0 64958 3 0
0 64958 4 0
0 64958 5 0
0 64958 6 0
0 64958 7 0
0 64958 8 0
0 35311 9 0
0 35311 10 0
0 35311 11 0
0 35311 12 0
0 35311 13 0
0 35311 14 0
0 27242 15 0
0 27242 0 0
0 27242 1 0
0 27242 2 0
0 27242 3 0
0 27242 4 0
0 49133 5 0
0 49133 6 0
0 49133 7 0
0 49133 8 0
0 49133 9 0
0 49133 10 0
0 16116 11 0
0 16116 12 0
0 16116 13 0
0 16116 14 0
0 16116 15 0
0 16116 0 0
0 57233 1 0
0 57233 2 0
0 57233 3 0
0 57233 4 0
0 57233 5 0
0 57233 6 0
0 4599 7 0
0 4599 8 0
0 4599 9 0
0 4599 10 0
0 4599 11 0
0 4599 12 0
0 14627 13 0
0 14627 14 0
0 14627 15 0
0 14627 0 0
0 14627 1 0
0 14627 2 0
0 58601 3 0
0 58601 4 0
0 58601 5 0
0 58601 6 0
0 58601 7 0
0 58601 8 0
0 65022 9 0
0 65022 10 0
0 65022 11 0
0 65022 12 0
0 65022 13 0
0 65022 14 0
0 22061 15 0
0 22061 0 0
0 22061 1 0
0 22061 2 0
0 22061 3 0
0 22061 4 0
0 55160 5 0
0 55160 6 0
0 55160 7 0
0 55160 8 0
0 55160 9 0
0 55160 10 0
0 12118 11 0
0 12118 12 0
0 12118 13 0
0 12118 14 0
0 12118 15 0
0 12118 0 0
0 35313 1 0
0 35313 2 0
0 35313 3 0
0 35313 4 0
0 35313 5 0
0 35313 6 0
0 38482 7 0
0 38482 8 0
0 38482 9 0
0 38482 10 0
0 38482 11 0
0 38482 12 0
0 2234 13 0
0 2234 14 0
0 2234 15 0
0 2234 0 0
0 2234 1 0
0 2234 2 0
0 21658 3 0
0 21658 4 0
0 21658 5 0
0 21658 6 0
0 21658 7 0
0 21658 8 0
0 43577 9 0
0 43577 10 0
0 43577 11 0
0 43577 12 0
0 43577 13 0
0 43577 14 0
0 43826 15 0
0 43826 0 0
0 43826 1 0
0 43826 2 0
0 43826 3 0
0 43826 4 0
0 35817 5 0
0 35817 6 0
0 35817 7 0
0 35817 8 0
0 35817 9 0
0 35817 10 0
0 64233 11 0
0 64233 12 0
0 64233 13 0
0 64233 14 0
0 64233 15 0
0 64233 0 0
0 25857 1 0
0 25857 2 0
0 25857 3 0
0 25857 4 0
0 25857 5 0
0 25857 6 0
0 58874 7 0
0 58874 8 0
0 58874 9 0
0 58874 10 0
0 58874 11 0
0 58874 12 0
0 25852 13 0
0 25852 14 0
0 25852 15 0
0 25852 0 0
0 25852 1 0
0 25852 2 0
0 65504 3 0
0 65504 4 0
0 65504 5 0
0 65504 6 0
0 65504 7 0
0 65504 8 0
0 9282 9 0
0 9282 10 0
0 9282 11 0
0 9282 12 0
0 9282 13 0
0 9282 14 0
0 9653 15 0
0 9653 0 0
0 9653 1 0
0 9653 2 0
0 9653 3 0
0 9653 4 0
0 36658 5 0
0 36658 6 0
0 36658 7 0
0 36658 8 0
0 36658 9 0
0 36658 10 0
0 32101 11 0
0 32101 12 0
0 32101 13 0
0 32101 14 0
0 32101 15 0
0 32101 0 0
0 63078 1 0
0 63078 2 0
0 63078 3 0
0 63078 4 0
0 63078 5 0
0 63078 6 0
0 45518 7 0
0 45518 8 0
0 45518 9 0
0 45518 10 0
0 45518 11 0
0 45518 12 0
0 32697 13 0
0 32697 14 0
0 32697 15 0
0 32697 0 0
0 32697 1 0
0 32697 2 0
0 12250 3 0
0 12250 4 0
0 12250 5 0
0 12250 6 0
0 12250 7 0
0 12250 8 0
0 42676 9 0
0 42676 10 0
0 42676 11 0
0 42676 12 0
0 42676 13 0
0 42676 14 0
0 63072 15 0
0 63072 0 0
0 63072 1 0
0 63072 2 0
0 63072 3 0
0 63072 4 0
0 17987 5 0
0 17987 6 0
0 17987 7 0
0 17987 8 0
0 17987 9 0
0 17987 10 0
0 43957 11 0
0 43957 12 0
0 43957 13 0
0 43957 14 0
0 43957 15 0
0 43957 0 0
0 25031 1 0
0 25031 2 0
0 25031 3 0
0 25031 4 0
0 25031 5 0
0 25031 6 0
0 64868 7 0
0 64868 8 0
0 64868 9 0
0 64868 10 0
0 64868 11 0
0 64868 12 0
0 18218 13 0
0 18218 14 0
0 18218 15 0
0 18218 0 0
0 18218 1 0
0 18218 2 0
0 44470 3 0
0 44470 4 0
0 44470 5 0
0 44470 6 0
0 44470 7 0
0 44470 8 0
0 27972 9 0
0 27972 10 0
0 27972 11 0
0 27972 12 0
0 27972 13 0
0 27972 14 0
0 14424 15 0
0 14424 0 0
0 14424 1 0
0 14424 2 0
0 14424 3 0
0 14424 4 0
0 27918 5 0
0 27918 6 0
0 27918 7 0
0 27918 8 0
0 27918 9 0
0 27918 10 0
0 49625 11 0
0 49625 12 0
0 49625 13 0
0 49625 14 0
0 49625 15 0
0 49625 0 0
0 59809 1 0
0 59809 2 0
0 59809 3 0
0 59809 4 0
0 59809 5 0
0 59809 6 0
0 19155 7 0
0 19155 8 0
0 19155 9 0
0 19155 10 0
0 19155 11 0
0 19155 12 0
0 61917 13 0
0 61917 14 0
0 61917 15 0
0 61917 0 0
0 61917 1 0
0 61917 2 0
0 34065 3 0
0 34065 4 0
0 34065 5 0
0 34065 6 0
0 34065 7 0
0 34065 8 0
0 1384 9 0
0 1384 10 0
0 1384 11 0
0 1384 12 0
0 1384 13 0
0 1384 14 0
0 3788 15 0
0 3788 0 0
0 3788 1 0
0 3788 2 0
0 3788 3 0
0 3788 4 0
0 27003 5 0
0 27003 6 0
0 27003 7 0
0 27003 8 0
0 27003 9 0
0 27003 10 0
0 18468 11 0
0 18468 12 0
0 18468 13 0
0 18468 14 0
0 18468 15 0
0 18468 0 0
0 31881 1 0
0 31881 2 0
0 31881 3 0
0 31881 4 0
0 31881 5 0
0 31881 6 0
0 42681 7 0
0 42681 8 0
0 42681 9 0
0 42681 10 0
0 42681 11 0
0 42681 12 0
0 30436 13 0
0 30436 14 0
0 30436 15 0
0 30436 0 0
0 30436 1 0
0 30436 2 0
0 24990 3 0
0 24990 4 0
0 24990 5 0
0 24990 6 0
0 24990 7 0
0 24990 8 0
0 58149 9 0
0 58149 10 0
0 58149 11 0
0 58149 12 0
0 58149 13 0
0 58149 14 0
0 38108 15 0
0 38108 0 0
0 38108 1 0
0 38108 2 0
0 38108 3 0
0 38108 4 0
0 62099 5 0
0 62099 6 0
0 62099 7 0
0 62099 8 0
0 62099 9 0
0 62099 10 0
0 54874 11 0
0 54874 12 0
0 54874 13 0
0 54874 14 0
0 54874 15 0
0 54874 0 0
0 31253 1 0
0 31253 2 0
0 31253 3 0
0 31253 4 0
0 31253 5 0
0 31253 6 0
0 40027 7 0
0 40027 8 0
0 40027 9 0
0 40027 10 0
0 40027 11 0
0 40027 12 0
0 30985 13 0
0 30985 14 0
0 30985 15 0
0 30985 0 0
0 30985 1 0
0 30985 2 0
0 49213 3 0
0 49213 4 0
0 49213 5 0
0 49213 6 0
0 49213 7 0
0 49213 8 0
0 10789 9 0
0 10789 10 0
0 10789 11 0
0 10789 12 0
0 10789 13 0
0 10789 14 0
0 20793 15 0
0 20793 0 0
0 20793 1 0
0 20793 2 0
0 20793 3 0
0 20793 4 0
0 9150 5 0
0 9150 6 0
0 9150 7 0
0 9150 8 0
0 9150 9 0
0 9150 10 0
0 50866 11 0
0 50866 12 0
0 50866 13 0
0 50866 14 0
0 50866 15 0
0 50866 0 0
0 44824 1 0
0 44824 2 0
0 44824 3 0
0 44824 4 0
0 44824 5 0
0 44824 6 0
0 10545 7 0
0 10545 8 0
0 10545 9 0
0 10545 10 0
0 10545 11 0
0 10545 12 0
0 1076 13 0
0 1076 14 0
0 1076 15 0
0 1076 0 0
0 1076 1 0
0 1076 2 0
0 4064 3 0
0 4064 4 0
0 4064 5 0
0 4064 6 0
0 4064 7 0
0 4064 8 0
0 18358 9 0
0 18358 10 0
0 18358 11 0
0 18358 12 0
0 18358 13 0
0 18358 14 0
0 49891 15 0
0 49891 0 0
0 49891 1 0
0 49891 2 0
0 49891 3 0
0 49891 4 0
0 37881 5 0
0 37881 6 0
0 37881 7 0
0 37881 8 0
0 37881 9 0
0 37881 10 0
0 55115 11 0
0 55115 12 0
0 55115 13 0
0 55115 14 0
0 55115 15 0
0 55115 0 0
0 25658 1 0
0 25658 2 0
0 25658 3 0
0 25658 4 0
0 25658 5 0
0 25658 6 0
0 58791 7 0
0 58791 8 0
0 58791 9 0
0 58791 10 0
0 58791 11 0
0 58791 12 0
0 14084 13 0
0 14084 14 0
0 14084 15 0
0 14084 0 0
0 14084 1 0
0 14084 2 0
0 11963 3 0
0 11963 4 0
0 11963 5 0
0 11963 6 0
0 11963 7 0
0 11963 8 0
0 21295 9 0
0 21295 10 0
0 21295 11 0
0 21295 12 0
0 21295 13 0
0 21295 14 0
0 15115 15 0
0 15115 0 0
0 15115 1 0
0 15115 2 0
0 15115 3 0
0 15115 4 0
0 46878 5 0
0 46878 6 0
0 46878 7 0
0 46878 8 0
0 46878 9 0
0 46878 10 0
0 31991 11 0
0 31991 12 0
0 31991 13 0
0 31991 14 0
0 31991 15 0
0 31991 0 0
0 40131 1 0
0 40131 2 0
0 40131 3 0
0 40131 4 0
0 40131 5 0
0 40131 6 0
0 46166 7 0
0 46166 8 0
0 46166 9 0
0 46166 10 0
0 46166 11 0
0 46166 12 0
0 25566 13 0
0 25566 14 0
0 25566 15 0
0 25566 0 0
0 25566 1 0
0 25566 2 0
0 5020 3 0
0 5020 4 0
0 5020 5 0
0 5020 6 0
0 5020 7 0
0 5020 8 0
0 51104 9 0
0 51104 10 0
0 51104 11 0
0 51104 12 0
0 51104 13 0
0 51104 14 0
0 22268 15 0
0 22268 0 0
0 22268 1 0
0 22268 2 0
0 22268 3 0
0 22268 4 0
0 37104 5 0
0 37104 6 0
0 37104 7 0
0 37104 8 0
0 37104 9 0
0 37104 10 0
0 59818 11 0
0 59818 12 0
0 59818 13 0
0 59818 14 0
0 59818 15 0
0 59818 0 0
0 21349 1 0
0 21349 2 0
0 21349 3 0
0 21349 4 0
0 21349 5 0
0 21349 6 0
0 54728 7 0
0 54728 8 0
0 54728 9 0
0 54728 10 0
0 54728 11 0
0 54728 12 0
0 34494 13 0
0 34494 14 0
0 34494 15 0
0 34494 0 0
0 34494 1 0
0 34494 2 0
0 11090 3 0
0 11090 4 0
0 11090 5 0
0 11090 6 0
0 11090 7 0
0 11090 8 0
0 38408 9 0
0 38408 10 0
0 38408 11 0
0 38408 12 0
0 38408 13 0
0 38408 14 0
0 16642 15 0
0 16642 0 0
0 16642 1 0
0 16642 2 0
0 16642 3 0
0 16642 4 0
0 16910 5 0
0 16910 6 0
0 16910 7 0
0 16910 8 0
0 16910 9 0
0 16910 10 0
0 22228 11 0
0 22228 12 0
0 22228 13 0
0 22228 14 0
0 22228 15 0
0 22228 0 0
0 50541 1 0
0 50541 2 0
0 50541 3 0
0 50541 4 0
0 50541 5 0
0 50541 6 0
0 5762 7 0
0 5762 8 0
0 5762 9 0
0 5762 10 0
0 5762 11 0
0 5762 12 0
0 55222 13 0
0 55222 14 0
0 55222 15 0
0 55222 0 0
0 55222 1 0
0 55222 2 0
0 40557 3 0
0 40557 4 0
0 40557 5 0
0 40557 6 0
0 40557 7 0
0 40557 8 0
0 12456 9 0
0 12456 10 0
0 12456 11 0
0 12456 12 0
0 12456 13 0
0 12456 14 0
0 52812 15 0
0 52812 0 0
0 52812 1 0
0 52812 2 0
0 52812 3 0
0 52812 4 0
0 41305 5 0
0 41305 6 0
0 41305 7 0
0 41305 8 0
0 41305 9 0
0 41305 10 0
0 3412 11 0
0 3412 12 0
0 3412 13 0
0 3412 14 0
0 3412 15 0
0 3412 0 0
0 37846 1 0
0 37846 2 0
0 37846 3 0
0 37846 4 0
0 37846 5 0
0 37846 6 0
0 23951 7 0
0 23951 8 0
0 23951 9 0
0 23951 10 0
0 23951 11 0
0 23951 12 0
0 4512 13 0
0 4512 14 0
0 4512 15 0
0 4512 0 0
0 4512 1 0
0 4512 2 0
0 1938 3 0
0 1938 4 0
0 1938 5 0
0 1938 6 0
0 1938 7 0
0 1938 8 0
0 45669 9 0
0 45669 10 0
0 45669 11 0
0 45669 12 0
0 45669 13 0
0 45669 14 0
0 38297 15 0
0 38297 0 0
0 38297 1 0
0 38297 2 0
0 38297 3 0
0 38297 4 0
0 64842 5 0
0 64842 6 0
0 64842 7 0
0 64842 8 0
0 64842 9 0
0 64842 10 0
0 63052 11 0
0 63052 12 0
0 63052 13 0
0 63052 14 0
0 63052 15 0
0 63052 0 0
0 2880 1 0
0 2880 2 0
0 2880 3 0
0 2880 4 0
0 2880 5 0
0 2880 6 0
0 10304 7 0
0 10304 8 0
0 10304 9 0
0 10304 10 0
0 10304 11 0
0 10304 12 0
0 38210 13 0
0 38210 14 0
0 38210 15 0
0 38210 0 0
0 38210 1 0
0 38210 2 0
0 6700 3 0
0 6700 4 0
0 6700 5 0
0 6700 6 0
0 6700 7 0
0 6700 8 0
0 36773 9 0
0 36773 10 0
0 36773 11 0
0 36773 12 0
0 36773 13 0
0 36773 14 0
0 64156 15 0
0 64156 0 0
0 64156 1 0
0 64156 2 0
0 64156 3 0
0 64156 4 0
0 57787 5 0
0 57787 6 0
0 57787 7 0
0 57787 8 0
0 57787 9 0
0 57787 10 0
0 22395 11 0
0 22395 12 0
0 22395 13 0
0 22395 14 0
0 22395 15 0
0 22395 0 0
0 32398 1 0
0 32398 2 0
0 32398 3 0
0 32398 4 0
0 32398 5 0
0 32398 6 0
0 1708 7 0
0 1708 8 0
0 1708 9 0
0 1708 10 0
0 1708 11 0
0 1708 12 0
0 65288 13 0
0 65288 14 0
0 65288 15 0
0 65288 0 0
0 65288 1 0
0 65288 2 0
0 6172 3 0
0 6172 4 0
0 6172 5 0
0 6172 6 0
0 6172 7 0
0 6172 8 0
0 45025 9 0
0 45025 10 0
0 45025 11 0
0 45025 12 0
0 45025 13 0
0 45025 14 0
0 58306 15 0
0 58306 0 0
0 58306 1 0
0 58306 2 0
0 58306 3 0
0 58306 4 0
0 20321 5 0
0 20321 6 0
0 20321 7 0
0 20321 8 0
0 20321 9 0
0 20321 10 0
0 15486 11 0
0 15486 12 0
0 15486 13 0
0 15486 14 0
0 15486 15 0
0 15486 0 0
0 13395 1 0
0 13395 2 0
0 13395 3 0
0 13395 4 0
0 13395 5 0
0 13395 6 0
0 23400 7 0
0 23400 8 0
0 23400 9 0
0 23400 10 0
0 23400 11 0
0 23400 12 0
0 54469 13 0
0 54469 14 0
0 54469 15 0
0 54469 0 0
0 54469 1 0
0 54469 2 0
0 18123 3 0
0 18123 4 0
0 18123 5 0
0 18123 6 0
0 18123 7 0
0 18123 8 0
0 6886 9 0
0 6886 10 0
0 6886 11 0
0 6886 12 0
0 6886 13 0
0 6886 14 0
0 53729 15 0
0 53729 0 0
0 53729 1 0
0 53729 2 0
0 53729 3 0
0 53729 4 0
0 53759 5 0
0 53759 6 0
0 53759 7 0
0 53759 8 0
0 53759 9 0
0 53759 10 0
0 32448 11 0
0 32448 12 0
0 32448 13 0
0 32448 14 0
0 32448 15 0
0 32448 0 0
0 21801 1 0
0 21801 2 0
0 21801 3 0
0 21801 4 0
0 21801 5 0
0 21801 6 0
0 47638 7 0
0 47638 8 0
0 47638 9 0
0 47638 10 0
0 47638 11 0
0 47638 12 0
0 24013 13 0
0 24013 14 0
0 24013 15 0
0 24013 0 0
0 24013 1 0
0 24013 2 0
0 10849 3 0
0 10849 4 0
0 10849 5 0
0 10849 6 0
0 10849 7 0
0 10849 8 0
0 8124 9 0
0 8124 10 0
0 8124 11 0
0 8124 12 0
0 8124 13 0
0 8124 14 0
0 17084 15 0
0 17084 0 0
0 17084 1 0
0 17084 2 0
0 17084 3 0
0 17084 4 0
0 18939 5 0
0 18939 6 0
0 18939 7 0
0 18939 8 0
0 18939 9 0
0 18939 10 0
0 38366 11 0
0 38366 12 0
0 38366 13 0
0 38366 14 0
0 38366 15 0
0 38366 0 0
0 30147 1 0
0 30147 2 0
0 30147 3 0
0 30147 4 0
0 30147 5 0
0 30147 6 0
0 24462 7 0
0 24462 8 0
0 24462 9 0
0 24462 10 0
0 24462 11 0
0 24462 12 0
0 33023 13 0
0 33023 14 0
0 33023 15 0
0 33023 0 0
0 33023 1 0
0 33023 2 0
0 24671 3 0
0 24671 4 0
0 24671 5 0
0 24671 6 0
0 24671 7 0
0 24671 8 0
0 717 9 0
0 717 10 0
0 717 11 0
0 717 12 0
0 717 13 0
0 717 14 0
0 281 15 0
0 281 0 0
0 281 1 0
0 281 2 0
0 281 3 0
0 281 4 0
0 56076 5 0
0 56076 6 0
0 56076 7 0
0 56076 8 0
0 56076 9 0
0 56076 10 0
0 14019 11 0
0 14019 12 0
0 14019 13 0
0 14019 14 0
0 14019 15 0
0 14019 0 0
0 44543 1 0
0 44543 2 0
0 44543 3 0
0 44543 4 0
0 44543 5 0
0 44543 6 0
0 26744 7 0
0 26744 8 0
0 26744 9 0
0 26744 10 0
0 26744 11 0
0 26744 12 0
0 26934 13 0
0 26934 14 0
0 26934 15 0
0 26934 0 0
0 26934 1 0
0 26934 2 0
0 7851 3 0
0 7851 4 0
0 7851 5 0
0 7851 6 0
0 7851 7 0
0 7851 8 0
0 2877 9 0
0 2877 10 0
0 2877 11 0
0 2877 12 0
0 2877 13 0
0 2877 14 0
0 36943 15 0
0 36943 0 0
0 36943 1 0
0 36943 2 0
0 36943 3 0
0 36943 4 0
0 16210 5 0
0 16210 6 0
0 16210 7 0
0 16210 8 0
0 16210 9 0
0 16210 10 0
0 42578 11 0
0 42578 12 0
0 42578 13 0
0 42578 14 0
0 42578 15 0
0 42578 0 0
0 46625 1 0
0 46625 2 0
0 46625 3 0
0 46625 4 0
0 46625 5 0
0 46625 6 0
0 12214 7 0
0 12214 8 0
0 12214 9 0
0 12214 10 0
0 12214 11 0
0 12214 12 0
0 26211 13 0
0 26211 14 0
0 26211 15 0
0 26211 0 0
0 26211 1 0
0 26211 2 0
0 42672 3 0
0 42672 4 0
0 42672 5 0
0 42672 6 0
0 42672 7 0
0 42672 8 0
0 32115 9 0
0 32115 10 0
0 32115 11 0
0 32115 12 0
0 32115 13 0
0 32115 14 0
0 33164 15 0
0 33164 0 0
0 33164 1 0
0 33164 2 0
0 33164 3 0
0 33164 4 0
0 36079 5 0
0 36079 6 0
0 36079 7 0
0 36079 8 0
0 36079 9 0
0 36079 10 0
0 41003 11 0
0 41003 12 0
0 41003 13 0
0 41003 14 0
0 41003 15 0
0 41003 0 0
0 60969 1 0
0 60969 2 0
0 60969 3 0
0 60969 4 0
0 60969 5 0
0 60969 6 0
0 1425 7 0
0 1425 8 0
0 1425 9 0
0 1425 10 0
0 1425 11 0
0 1425 12 0
0 38334 13 0
0 38334 14 0
0 38334 15 0
0 38334 0 0
0 38334 1 0
0 38334 2 0
0 48296 3 0
0 48296 4 0
0 48296 5 0
0 48296 6 0
0 48296 7 0
0 48296 8 0
0 45966 9 0
0 45966 10 0
0 45966 11 0
0 45966 12 0
0 45966 13 0
0 45966 14 0
0 31897 15 0
0 31897 0 0
0 31897 1 0
0 31897 2 0
0 31897 3 0
0 31897 4 0
0 6332 5 0
0 6332 6 0
0 6332 7 0
0 6332 8 0
0 6332 9 0
0 6332 10 0
0 54389 11 0
0 54389 12 0
0 54389 13 0
0 54389 14 0
0 54389 15 0
0 54389 0 0
0 6972 1 0
0 6972 2 0
0 6972 3 0
0 6972 4 0
0 6972 5 0
0 6972 6 0
0 16433 7 0
0 16433 8 0
0 16433 9 0
0 16433 10 0
0 16433 11 0
0 16433 12 0
0 38403 13 0
0 38403 14 0
0 38403 15 0
0 38403 0 0
0 38403 1 0
0 38403 2 0
0 62926 3 0
0 62926 4 0
0 62926 5 0
0 62926 6 0
0 62926 7 0
0 62926 8 0
0 1458 9 0
0 1458 10 0
0 1458 11 0
0 1458 12 0
0 1458 13 0
0 1458 14 0
0 40277 15 0
0 40277 0 0
0 40277 1 0
0 40277 2 0
0 40277 3 0
0 40277 4 0
0 10022 5 0
0 10022 6 0
0 10022 7 0
0 10022 8 0
0 10022 9 0
0 10022 10 0
0 15250 11 0
0 15250 12 0
0 15250 13 0
0 15250 14 0
0 15250 15 0
0 15250 0 0
0 30917 1 0
0 30917 2 0
0 30917 3 0
0 30917 4 0
0 30917 5 0
0 30917 6 0
0 64753 7 0
0 64753 8 0
0 64753 9 0
0 64753 10 0
0 64753 11 0
0 64753 12 0
0 6627 13 0
0 6627 14 0
0 6627 15 0
0 6627 0 0
0 6627 1 0
0 6627 2 0
0 6217 3 0
0 6217 4 0
0 6217 5 0
0 6217 6 0
0 6217 7 0
0 6217 8 0
0 49319 9 0
0 49319 10 0
0 49319 11 0
0 49319 12 0
0 49319 13 0
0 49319 14 0
0 24910 15 0
0 24910 0 0
0 24910 1 0
0 24910 2 0
0 24910 3 0
0 24910 4 0
0 41181 5 0
0 41181 6 0
0 41181 7 0
0 41181 8 0
0 41181 9 0
0 41181 10 0
0 54861 11 0
0 54861 12 0
0 54861 13 0
0 54861 14 0
0 54861 15 0
0 54861 0 0
0 63958 1 0
0 63958 2 0
0 63958 3 0
0 63958 4 0
0 63958 5 0
0 63958 6 0
0 49310 7 0
0 49310 8 0
0 49310 9 0
0 49310 10 0
0 49310 11 0
0 49310 12 0
0 16291 13 0
0 16291 14 0
0 16291 15 0
0 16291 0 0
0 16291 1 0
0 16291 2 0
0 58775 3 0
0 58775 4 0
0 58775 5 0
0 58775 6 0
0 58775 7 0
0 58775 8 0
0 18464 9 0
0 18464 10 0
0 18464 11 0
0 18464 12 0
0 18464 13 0
0 18464 14 0
0 13774 15 0
0 13774 0 0
0 13774 1 0
0 13774 2 0
0 13774 3 0
0 13774 4 0
0 3935 5 0
0 3935 6 0
0 3935 7 0
0 3935 8 0
0 3935 9 0
0 3935 10 0
0 35674 11 0
0 35674 12 0
0 35674 13 0
0 35674 14 0
0 35674 15 0
0 35674 0 0
0 3344 1 0
0 3344 2 0
0 3344 3 0
0 3344 4 0
0 3344 5 0
0 3344 6 0
0 64466 7 0
0 64466 8 0
0 64466 9 0
0 64466 10 0
0 64466 11 0
0 64466 12 0
0 12552 13 0
0 12552 14 0
0 12552 15 0
0 12552 0 0
0 12552 1 0
0 12552 2 0
0 46989 3 0
0 46989 4 0
0 46989 5 0
0 46989 6 0
0 46989 7 0
0 46989 8 0
0 12876 9 0
0 12876 10 0
0 12876 11 0
0 12876 12 0
0 12876 13 0
0 12876 14 0
0 16596 15 0
0 16596 0 0
0 16596 1 0
0 16596 2 0
0 16596 3 0
0 16596 4 0
0 7538 5 0
0 7538 6 0
0 7538 7 0
0 7538 8 0
0 7538 9 0
0 7538 10 0
0 27032 11 0
0 27032 12 0
0 27032 13 0
0 27032 14 0
0 27032 15 0
0 27032 0 0
0 4794 1 0
0 4794 2 0
0 4794 3 0
0 4794 4 0
0 4794 5 0
0 4794 6 0
0 23293 7 0
0 23293 8 0
0 23293 9 0
0 23293 10 0
0 23293 11 0
0 23293 12 0
0 9208 13 0
0 9208 14 0
0 9208 15 0
0 9208 0 0
0 9208 1 0
0 9208 2 0
0 61561 3 0
0 61561 4 0
0 61561 5 0
0 61561 6 0
0 61561 7 0
0 61561 8 0
0 52844 9 0
0 52844 10 0
0 52844 11 0
0 52844 12 0
0 52844 13 0
0 52844 14 0
0 59876 15 0
0 59876 0 0
0 59876 1 0
0 59876 2 0
0 59876 3 0
0 59876 4 0
0 24221 5 0
0 24221 6 0
0 24221 7 0
0 24221 8 0
0 24221 9 0
0 24221 10 0
0 42553 11 0
0 42553 12 0
0 42553 13 0
0 42553 14 0
0 42553 15 0
0 42553 0 0
0 26770 1 0
0 26770 2 0
0 26770 3 0
0 26770 4 0
0 26770 5 0
0 26770 6 0
0 27562 7 0
0 27562 8 0
0 27562 9 0
0 27562 10 0
0 27562 11 0
0 27562 12 0
0 57653 13 0
0 57653 14 0
0 57653 15 0
0 57653 0 0
0 57653 1 0
0 57653 2 0
0 58006 3 0
0 58006 4 0
0 58006 5 0
0 58006 6 0
0 58006 7 0
0 58006 8 0
0 26720 9 0
0 26720 10 0
0 26720 11 0
0 26720 12 0
0 26720 13 0
0 26720 14 0
0 1940 15 0
0 1940 0 0
0 1940 1 0
0 1940 2 0
0 1940 3 0
0 1940 4 0
0 677 5 0
0 677 6 0
0 677 7 0
0 677 8 0
0 677 9 0
0 677 10 0
0 3523 11 0
0 3523 12 0
0 3523 13 0
0 3523 14 0
0 3523 15 0
0 3523 0 0
0 31338 1 0
0 31338 2 0
0 31338 3 0
0 31338 4 0
0 31338 5 0
0 31338 6 0
0 49882 7 0
0 49882 8 0
0 49882 9 0
0 49882 10 0
0 49882 11 0
0 49882 12 0
0 2604 13 0
0 2604 14 0
0 2604 15 0
0 2604 0 0
0 2604 1 0
0 2604 2 0
0 16472 3 0
0 16472 4 0
0 16472 5 0
0 16472 6 0
0 16472 7 0
0 16472 8 0
0 4347 9 0
0 4347 10 0
0 4347 11 0
0 4347 12 0
0 4347 13 0
0 4347 14 0
0 24257 15 0
0 24257 0 0
0 24257 1 0
0 24257 2 0
0 24257 3 0
0 24257 4 0
0 38074 5 0
0 38074 6 0
0 38074 7 0
0 38074 8 0
0 38074 9 0
0 38074 10 0
0 47645 11 0
0 47645 12 0
0 47645 13 0
0 47645 14 0
0 47645 15 0
0 47645 0 0
0 30626 1 0
0 30626 2 0
0 30626 3 0
0 30626 4 0
0 30626 5 0
0 30626 6 0
0 7514 7 0
0 7514 8 0
0 7514 9 0
0 7514 10 0
0 7514 11 0
0 7514 12 0
0 63290 13 0
0 63290 14 0
0 63290 15 0
0 63290 0 0
0 63290 1 0
0 63290 2 0
0 44067 3 0
0 44067 4 0
0 44067 5 0
0 44067 6 0
0 44067 7 0
0 44067 8 0
0 60574 9 0
0 60574 10 0
0 60574 11 0
0 60574 12 0
0 60574 13 0
0 60574 14 0
0 31146 15 0
0 31146 0 0
0 31146 1 0
0 31146 2 0
0 31146 3 0
0 31146 4 0
0 43337 5 0
0 43337 6 0
0 43337 7 0
0 43337 8 0
0 43337 9 0
0 43337 10 0
0 41233 11 0
0 41233 12 0
0 41233 13 0
0 41233 14 0
0 41233 15 0
0 41233 0 0
0 35560 1 0
0 35560 2 0
0 35560 3 0
0 35560 4 0
0 35560 5 0
0 35560 6 0
0 47231 7 0
0 47231 8 0
0 47231 9 0
0 47231 10 0
0 47231 11 0
0 47231 12 0
0 18870 13 0
0 18870 14 0
0 18870 15 0
