0 0 0 0
0 0 1 0
0 0 2 0
0 0 3 0
0 0 4 0
0 7246 5 0
0 7246 6 0
0 7246 7 0
0 7246 8 0
0 7246 9 0
0 7246 10 0
0 4343 11 0
0 4343 12 0
0 4343 13 0
0 4343 14 0
0 4343 15 0
0 4343 0 0
0 2855 1 0
0 2855 2 0
0 2855 3 0
0 2855 4 0
0 2855 5 0
0 2855 6 0
0 30598 7 0
0 30598 8 0
0 30598 9 0
0 30598 10 0
0 30598 11 0
0 30598 12 0
0 42931 13 0
0 42931 14 0
0 42931 15 0
0 42931 0 0
0 42931 1 0
0 42931 2 0
0 14687 3 0
0 14687 4 0
0 14687 5 0
0 14687 6 0
0 14687 7 0
0 14687 8 0
0 11968 9 0
0 11968 10 0
0 11968 11 0
0 11968 12 0
0 11968 13 0
0 11968 14 0
0 37320 15 0
0 37320 0 0
0 37320 1 0
0 37320 2 0
0 37320 3 0
0 37320 4 0
0 33536 5 0
0 33536 6 0
0 33536 7 0
0 33536 8 0
0 33536 9 0
0 33536 10 0
0 61164 11 0
0 61164 12 0
0 61164 13 0
0 61164 14 0
0 61164 15 0
0 61164 0 0
0 7552 1 0
0 7552 2 0
0 7552 3 0
0 7552 4 0
0 7552 5 0
0 7552 6 0
0 13976 7 0
0 13976 8 0
0 13976 9 0
0 13976 10 0
0 13976 11 0
0 13976 12 0
0 55486 13 0
0 55486 14 0
0 55486 15 0
0 55486 0 0
0 55486 1 0
0 55486 2 0
0 30649 3 0
0 30649 4 0
0 30649 5 0
0 30649 6 0
0 30649 7 0
0 30649 8 0
0 34712 9 0
0 34712 10 0
0 34712 11 0
0 34712 12 0
0 34712 13 0
0 34712 14 0
0 35537 15 0
0 35537 0 0
0 35537 1 0
0 35537 2 0
0 35537 3 0
0 35537 4 0
0 14511 5 0
0 14511 6 0
0 14511 7 0
0 14511 8 0
0 14511 9 0
0 14511 10 0
0 17694 11 0
0 17694 12 0
0 17694 13 0
0 17694 14 0
0 17694 15 0
0 17694 0 0
0 15463 1 0
0 15463 2 0
0 15463 3 0
0 15463 4 0
0 15463 5 0
0 15463 6 0
0 48536 7 0
0 48536 8 0
0 48536 9 0
0 48536 10 0
0 48536 11 0
0 48536 12 0
0 47423 13 0
0 47423 14 0
0 47423 15 0
0 47423 0 0
0 47423 1 0
0 47423 2 0
0 35032 3 0
0 35032 4 0
0 35032 5 0
0 35032 6 0
0 35032 7 0
0 35032 8 0
0 47921 9 0
0 47921 10 0
0 47921 11 0
0 47921 12 0
0 47921 13 0
0 47921 14 0
0 7074 15 0
0 7074 0 0
0 7074 1 0
0 7074 2 0
0 7074 3 0
0 7074 4 0
0 8213 5 0
0 8213 6 0
0 8213 7 0
0 8213 8 0
0 8213 9 0
0 8213 10 0
0 53566 11 0
0 53566 12 0
0 53566 13 0
0 53566 14 0
0 53566 15 0
0 53566 0 0
0 38184 1 0
0 38184 2 0
0 38184 3 0
0 38184 4 0
0 38184 5 0
0 38184 6 0
0 47488 7 0
0 47488 8 0
0 47488 9 0
0 47488 10 0
0 47488 11 0
0 47488 12 0
0 36675 13 0
0 36675 14 0
0 36675 15 0
0 36675 0 0
0 36675 1 0
0 36675 2 0
0 928 3 0
0 928 4 0
0 928 5 0
0 928 6 0
0 928 7 0
0 928 8 0
0 18064 9 0
0 18064 10 0
0 18064 11 0
0 18064 12 0
0 18064 13 0
0 18064 14 0
0 64146 15 0
0 64146 0 0
0 64146 1 0
0 64146 2 0
0 64146 3 0
0 64146 4 0
0 43968 5 0
0 43968 6 0
0 43968 7 0
0 43968 8 0
0 43968 9 0
0 43968 10 0
0 28901 11 0
0 28901 12 0
0 28901 13 0
0 28901 14 0
0 28901 15 0
0 28901 0 0
0 26800 1 0
0 26800 2 0
0 26800 3 0
0 26800 4 0
0 26800 5 0
0 26800 6 0
0 9924 7 0
0 9924 8 0
0 9924 9 0
0 9924 10 0
0 9924 11 0
0 9924 12 0
0 55597 13 0
0 55597 14 0
0 55597 15 0
0 55597 0 0
0 55597 1 0
0 55597 2 0
0 45511 3 0
0 45511 4 0
0 45511 5 0
0 45511 6 0
0 45511 7 0
0 45511 8 0
0 9562 9 0
0 9562 10 0
0 9562 11 0
0 9562 12 0
0 9562 13 0
0 9562 14 0
0 21202 15 0
0 21202 0 0
0 21202 1 0
0 21202 2 0
0 21202 3 0
0 21202 4 0
0 23065 5 0
0 23065 6 0
0 23065 7 0
0 23065 8 0
0 23065 9 0
0 23065 10 0
0 30586 11 0
0 30586 12 0
0 30586 13 0
0 30586 14 0
0 30586 15 0
0 30586 0 0
0 11638 1 0
0 11638 2 0
0 11638 3 0
0 11638 4 0
0 11638 5 0
0 11638 6 0
0 37540 7 0
0 37540 8 0
0 37540 9 0
0 37540 10 0
0 37540 11 0
0 37540 12 0
0 49666 13 0
0 49666 14 0
0 49666 15 0
0 49666 0 0
0 49666 1 0
0 49666 2 0
0 7668 3 0
0 7668 4 0
0 7668 5 0
0 7668 6 0
0 7668 7 0
0 7668 8 0
0 46832 9 0
0 46832 10 0
0 46832 11 0
0 46832 12 0
0 46832 13 0
0 46832 14 0
0 28210 15 0
0 28210 0 0
0 28210 1 0
0 28210 2 0
0 28210 3 0
0 28210 4 0
0 60537 5 0
0 60537 6 0
0 60537 7 0
0 60537 8 0
0 60537 9 0
0 60537 10 0
0 26448 11 0
0 26448 12 0
0 26448 13 0
0 26448 14 0
0 26448 15 0
0 26448 0 0
0 61226 1 0
0 61226 2 0
0 61226 3 0
0 61226 4 0
0 61226 5 0
0 61226 6 0
0 13348 7 0
0 13348 8 0
0 13348 9 0
0 13348 10 0
0 13348 11 0
0 13348 12 0
0 58018 13 0
0 58018 14 0
0 58018 15 0
0 58018 0 0
0 58018 1 0
0 58018 2 0
0 25775 3 0
0 25775 4 0
0 25775 5 0
0 25775 6 0
0 25775 7 0
0 25775 8 0
0 46073 9 0
0 46073 10 0
0 46073 11 0
0 46073 12 0
0 46073 13 0
0 46073 14 0
0 41041 15 0
0 41041 0 0
0 41041 1 0
0 41041 2 0
0 41041 3 0
0 41041 4 0
0 44749 5 0
0 44749 6 0
0 44749 7 0
0 44749 8 0
0 44749 9 0
0 44749 10 0
0 3225 11 0
0 3225 12 0
0 3225 13 0
0 3225 14 0
0 3225 15 0
0 3225 0 0
0 55576 1 0
0 55576 2 0
0 55576 3 0
0 55576 4 0
0 55576 5 0
0 55576 6 0
0 13991 7 0
0 13991 8 0
0 13991 9 0
0 13991 10 0
0 13991 11 0
0 13991 12 0
0 41366 13 0
0 41366 14 0
0 41366 15 0
0 41366 0 0
0 41366 1 0
0 41366 2 0
0 50992 3 0
0 50992 4 0
0 50992 5 0
0 50992 6 0
0 50992 7 0
0 50992 8 0
0 55329 9 0
0 55329 10 0
0 55329 11 0
0 55329 12 0
0 55329 13 0
0 55329 14 0
0 49014 15 0
0 49014 0 0
0 49014 1 0
0 49014 2 0
0 49014 3 0
0 49014 4 0
0 31328 5 0
0 31328 6 0
0 31328 7 0
0 31328 8 0
0 31328 9 0
0 31328 10 0
0 17396 11 0
0 17396 12 0
0 17396 13 0
0 17396 14 0
0 17396 15 0
0 17396 0 0
0 48935 1 0
0 48935 2 0
0 48935 3 0
0 48935 4 0
0 48935 5 0
0 48935 6 0
0 49175 7 0
0 49175 8 0
0 49175 9 0
0 49175 10 0
0 49175 11 0
0 49175 12 0
0 50830 13 0
0 50830 14 0
0 50830 15 0
0 50830 0 0
0 50830 1 0
0 50830 2 0
0 36982 3 0
0 36982 4 0
0 36982 5 0
0 36982 6 0
0 36982 7 0
0 36982 8 0
0 24823 9 0
0 24823 10 0
0 24823 11 0
0 24823 12 0
0 24823 13 0
0 24823 14 0
0 27207 15 0
0 27207 0 0
0 27207 1 0
0 27207 2 0
0 27207 3 0
0 27207 4 0
0 8960 5 0
0 8960 6 0
0 8960 7 0
0 8960 8 0
0 8960 9 0
0 8960 10 0
0 49371 11 0
0 49371 12 0
0 49371 13 0
0 49371 14 0
0 49371 15 0
0 49371 0 0
0 27196 1 0
0 27196 2 0
0 27196 3 0
0 27196 4 0
0 27196 5 0
0 27196 6 0
0 24013 7 0
0 24013 8 0
0 24013 9 0
0 24013 10 0
0 24013 11 0
0 24013 12 0
0 25342 13 0
0 25342 14 0
0 25342 15 0
0 25342 0 0
0 25342 1 0
0 25342 2 0
0 6376 3 0
0 6376 4 0
0 6376 5 0
0 6376 6 0
0 6376 7 0
0 6376 8 0
0 44176 9 0
0 44176 10 0
0 44176 11 0
0 44176 12 0
0 44176 13 0
0 44176 14 0
0 49507 15 0
0 49507 0 0
0 49507 1 0
0 49507 2 0
0 49507 3 0
0 49507 4 0
0 8262 5 0
0 8262 6 0
0 8262 7 0
0 8262 8 0
0 8262 9 0
0 8262 10 0
0 13596 11 0
0 13596 12 0
0 13596 13 0
0 13596 14 0
0 13596 15 0
0 13596 0 0
0 6087 1 0
0 6087 2 0
0 6087 3 0
0 6087 4 0
0 6087 5 0
0 6087 6 0
0 47823 7 0
0 47823 8 0
0 47823 9 0
0 47823 10 0
0 47823 11 0
0 47823 12 0
0 20031 13 0
0 20031 14 0
0 20031 15 0
0 20031 0 0
0 20031 1 0
0 20031 2 0
0 21514 3 0
0 21514 4 0
0 21514 5 0
0 21514 6 0
0 21514 7 0
0 21514 8 0
0 46880 9 0
0 46880 10 0
0 46880 11 0
0 46880 12 0
0 46880 13 0
0 46880 14 0
0 60506 15 0
0 60506 0 0
0 60506 1 0
0 60506 2 0
0 60506 3 0
0 60506 4 0
0 54427 5 0
0 54427 6 0
0 54427 7 0
0 54427 8 0
0 54427 9 0
0 54427 10 0
0 44513 11 0
0 44513 12 0
0 44513 13 0
0 44513 14 0
0 44513 15 0
0 44513 0 0
0 39328 1 0
0 39328 2 0
0 39328 3 0
0 39328 4 0
0 39328 5 0
0 39328 6 0
0 37899 7 0
0 37899 8 0
0 37899 9 0
0 37899 10 0
0 37899 11 0
0 37899 12 0
0 42238 13 0
0 42238 14 0
0 42238 15 0
0 42238 0 0
0 42238 1 0
0 42238 2 0
0 56042 3 0
0 56042 4 0
0 56042 5 0
0 56042 6 0
0 56042 7 0
0 56042 8 0
0 22404 9 0
0 22404 10 0
0 22404 11 0
0 22404 12 0
0 22404 13 0
0 22404 14 0
0 59192 15 0
0 59192 0 0
0 59192 1 0
0 59192 2 0
0 59192 3 0
0 59192 4 0
0 18080 5 0
0 18080 6 0
0 18080 7 0
0 18080 8 0
0 18080 9 0
0 18080 10 0
0 60813 11 0
0 60813 12 0
0 60813 13 0
0 60813 14 0
0 60813 15 0
0 60813 0 0
0 18293 1 0
0 18293 2 0
0 18293 3 0
0 18293 4 0
0 18293 5 0
0 18293 6 0
0 53638 7 0
0 53638 8 0
0 53638 9 0
0 53638 10 0
0 53638 11 0
0 53638 12 0
0 46184 13 0
0 46184 14 0
0 46184 15 0
0 46184 0 0
0 46184 1 0
0 46184 2 0
0 41573 3 0
0 41573 4 0
0 41573 5 0
0 41573 6 0
0 41573 7 0
0 41573 8 0
0 15982 9 0
0 15982 10 0
0 15982 11 0
0 15982 12 0
0 15982 13 0
0 15982 14 0
0 3935 15 0
0 3935 0 0
0 3935 1 0
0 3935 2 0
0 3935 3 0
0 3935 4 0
0 18989 5 0
0 18989 6 0
0 18989 7 0
0 18989 8 0
0 18989 9 0
0 18989 10 0
0 46841 11 0
0 46841 12 0
0 46841 13 0
0 46841 14 0
0 46841 15 0
0 46841 0 0
0 42659 1 0
0 42659 2 0
0 42659 3 0
0 42659 4 0
0 42659 5 0
0 42659 6 0
0 26671 7 0
0 26671 8 0
0 26671 9 0
0 26671 10 0
0 26671 11 0
0 26671 12 0
0 16028 13 0
0 16028 14 0
0 16028 15 0
0 16028 0 0
0 16028 1 0
0 16028 2 0
0 37948 3 0
0 37948 4 0
0 37948 5 0
0 37948 6 0
0 37948 7 0
0 37948 8 0
0 47558 9 0
0 47558 10 0
0 47558 11 0
0 47558 12 0
0 47558 13 0
0 47558 14 0
0 6338 15 0
0 6338 0 0
0 6338 1 0
0 6338 2 0
0 6338 3 0
0 6338 4 0
0 12298 5 0
0 12298 6 0
0 12298 7 0
0 12298 8 0
0 12298 9 0
0 12298 10 0
0 57398 11 0
0 57398 12 0
0 57398 13 0
0 57398 14 0
0 57398 15 0
0 57398 0 0
0 30207 1 0
0 30207 2 0
0 30207 3 0
0 30207 4 0
0 30207 5 0
0 30207 6 0
0 2162 7 0
0 2162 8 0
0 2162 9 0
0 2162 10 0
0 2162 11 0
0 2162 12 0
0 59632 13 0
0 59632 14 0
0 59632 15 0
0 59632 0 0
0 59632 1 0
0 59632 2 0
0 62388 3 0
0 62388 4 0
0 62388 5 0
0 62388 6 0
0 62388 7 0
0 62388 8 0
0 8596 9 0
0 8596 10 0
0 8596 11 0
0 8596 12 0
0 8596 13 0
0 8596 14 0
0 31104 15 0
0 31104 0 0
0 31104 1 0
0 31104 2 0
0 31104 3 0
0 31104 4 0
0 9967 5 0
0 9967 6 0
0 9967 7 0
0 9967 8 0
0 9967 9 0
0 9967 10 0
0 26839 11 0
0 26839 12 0
0 26839 13 0
0 26839 14 0
0 26839 15 0
0 26839 0 0
0 27139 1 0
0 27139 2 0
0 27139 3 0
0 27139 4 0
0 27139 5 0
0 27139 6 0
0 25937 7 0
0 25937 8 0
0 25937 9 0
0 25937 10 0
0 25937 11 0
0 25937 12 0
0 46673 13 0
0 46673 14 0
0 46673 15 0
0 46673 0 0
0 46673 1 0
0 46673 2 0
0 48689 3 0
0 48689 4 0
0 48689 5 0
0 48689 6 0
0 48689 7 0
0 48689 8 0
0 958 9 0
0 958 10 0
0 958 11 0
0 958 12 0
0 958 13 0
0 958 14 0
0 38931 15 0
0 38931 0 0
0 38931 1 0
0 38931 2 0
0 38931 3 0
0 38931 4 0
0 36672 5 0
0 36672 6 0
0 36672 7 0
0 36672 8 0
0 36672 9 0
0 36672 10 0
0 1263 11 0
0 1263 12 0
0 1263 13 0
0 1263 14 0
0 1263 15 0
0 1263 0 0
0 44440 1 0
0 44440 2 0
0 44440 3 0
0 44440 4 0
0 44440 5 0
0 44440 6 0
0 7782 7 0
0 7782 8 0
0 7782 9 0
0 7782 10 0
0 7782 11 0
0 7782 12 0
0 45161 13 0
0 45161 14 0
0 45161 15 0
0 45161 0 0
0 45161 1 0
0 45161 2 0
0 21596 3 0
0 21596 4 0
0 21596 5 0
0 21596 6 0
0 21596 7 0
0 21596 8 0
0 53835 9 0
0 53835 10 0
0 53835 11 0
0 53835 12 0
0 53835 13 0
0 53835 14 0
0 10261 15 0
0 10261 0 0
0 10261 1 0
0 10261 2 0
0 10261 3 0
0 10261 4 0
0 56829 5 0
0 56829 6 0
0 56829 7 0
0 56829 8 0
0 56829 9 0
0 56829 10 0
0 19044 11 0
0 19044 12 0
0 19044 13 0
0 19044 14 0
0 19044 15 0
0 19044 0 0
0 59726 1 0
0 59726 2 0
0 59726 3 0
0 59726 4 0
0 59726 5 0
0 59726 6 0
0 62361 7 0
0 62361 8 0
0 62361 9 0
0 62361 10 0
0 62361 11 0
0 62361 12 0
0 41177 13 0
0 41177 14 0
0 41177 15 0
0 41177 0 0
0 41177 1 0
0 41177 2 0
0 1762 3 0
0 1762 4 0
0 1762 5 0
0 1762 6 0
0 1762 7 0
0 1762 8 0
0 49115 9 0
0 49115 10 0
0 49115 11 0
0 49115 12 0
0 49115 13 0
0 49115 14 0
0 3037 15 0
0 3037 0 0
0 3037 1 0
0 3037 2 0
0 3037 3 0
0 3037 4 0
0 10793 5 0
0 10793 6 0
0 10793 7 0
0 10793 8 0
0 10793 9 0
0 10793 10 0
0 61014 11 0
0 61014 12 0
0 61014 13 0
0 61014 14 0
0 61014 15 0
0 61014 0 0
0 63720 1 0
0 63720 2 0
0 63720 3 0
0 63720 4 0
0 63720 5 0
0 63720 6 0
0 908 7 0
0 908 8 0
0 908 9 0
0 908 10 0
0 908 11 0
0 908 12 0
0 32439 13 0
0 32439 14 0
0 32439 15 0
0 32439 0 0
0 32439 1 0
0 32439 2 0
0 7639 3 0
0 7639 4 0
0 7639 5 0
0 7639 6 0
0 7639 7 0
0 7639 8 0
0 14265 9 0
0 14265 10 0
0 14265 11 0
0 14265 12 0
0 14265 13 0
0 14265 14 0
0 49646 15 0
0 49646 0 0
0 49646 1 0
0 49646 2 0
0 49646 3 0
0 49646 4 0
0 13041 5 0
0 13041 6 0
0 13041 7 0
0 13041 8 0
0 13041 9 0
0 13041 10 0
0 53710 11 0
0 53710 12 0
0 53710 13 0
0 53710 14 0
0 53710 15 0
0 53710 0 0
0 16703 1 0
0 16703 2 0
0 16703 3 0
0 16703 4 0
0 16703 5 0
0 16703 6 0
0 62473 7 0
0 62473 8 0
0 62473 9 0
0 62473 10 0
0 62473 11 0
0 62473 12 0
0 39829 13 0
0 39829 14 0
0 39829 15 0
0 39829 0 0
0 39829 1 0
0 39829 2 0
0 50630 3 0
0 50630 4 0
0 50630 5 0
0 50630 6 0
0 50630 7 0
0 50630 8 0
0 732 9 0
0 732 10 0
0 732 11 0
0 732 12 0
0 732 13 0
0 732 14 0
0 4139 15 0
0 4139 0 0
0 4139 1 0
0 4139 2 0
0 4139 3 0
0 4139 4 0
0 28446 5 0
0 28446 6 0
0 28446 7 0
0 28446 8 0
0 28446 9 0
0 28446 10 0
0 21772 11 0
0 21772 12 0
0 21772 13 0
0 21772 14 0
0 21772 15 0
0 21772 0 0
0 23259 1 0
0 23259 2 0
0 23259 3 0
0 23259 4 0
0 23259 5 0
0 23259 6 0
0 60561 7 0
0 60561 8 0
0 60561 9 0
0 60561 10 0
0 60561 11 0
0 60561 12 0
0 23361 13 0
0 23361 14 0
0 23361 15 0
0 23361 0 0
0 23361 1 0
0 23361 2 0
0 59326 3 0
0 59326 4 0
0 59326 5 0
0 59326 6 0
0 59326 7 0
0 59326 8 0
0 25044 9 0
0 25044 10 0
0 25044 11 0
0 25044 12 0
0 25044 13 0
0 25044 14 0
0 1447 15 0
0 1447 0 0
0 1447 1 0
0 1447 2 0
0 1447 3 0
0 1447 4 0
0 5939 5 0
0 5939 6 0
0 5939 7 0
0 5939 8 0
0 5939 9 0
0 5939 10 0
0 61690 11 0
0 61690 12 0
0 61690 13 0
0 61690 14 0
0 61690 15 0
0 61690 0 0
0 63533 1 0
0 63533 2 0
0 63533 3 0
0 63533 4 0
0 63533 5 0
0 63533 6 0
0 50911 7 0
0 50911 8 0
0 50911 9 0
0 50911 10 0
0 50911 11 0
0 50911 12 0
0 35128 13 0
0 35128 14 0
0 35128 15 0
0 35128 0 0
0 35128 1 0
0 35128 2 0
0 59509 3 0
0 59509 4 0
0 59509 5 0
0 59509 6 0
0 59509 7 0
0 59509 8 0
0 44304 9 0
0 44304 10 0
0 44304 11 0
0 44304 12 0
0 44304 13 0
0 44304 14 0
0 13024 15 0
0 13024 0 0
0 13024 1 0
0 13024 2 0
0 13024 3 0
0 13024 4 0
0 22303 5 0
0 22303 6 0
0 22303 7 0
0 22303 8 0
0 22303 9 0
0 22303 10 0
0 5321 11 0
0 5321 12 0
0 5321 13 0
0 5321 14 0
0 5321 15 0
0 5321 0 0
0 58658 1 0
0 58658 2 0
0 58658 3 0
0 58658 4 0
0 58658 5 0
0 58658 6 0
0 63603 7 0
0 63603 8 0
0 63603 9 0
0 63603 10 0
0 63603 11 0
0 63603 12 0
0 62871 13 0
0 62871 14 0
0 62871 15 0
0 62871 0 0
0 62871 1 0
0 62871 2 0
0 35039 3 0
0 35039 4 0
0 35039 5 0
0 35039 6 0
0 35039 7 0
0 35039 8 0
0 55632 9 0
0 55632 10 0
0 55632 11 0
0 55632 12 0
0 55632 13 0
0 55632 14 0
0 29540 15 0
0 29540 0 0
0 29540 1 0
0 29540 2 0
0 29540 3 0
0 29540 4 0
0 6119 5 0
0 6119 6 0
0 6119 7 0
0 6119 8 0
0 6119 9 0
0 6119 10 0
0 4102 11 0
0 4102 12 0
0 4102 13 0
0 4102 14 0
0 4102 15 0
0 4102 0 0
0 42909 1 0
0 42909 2 0
0 42909 3 0
0 42909 4 0
0 42909 5 0
0 42909 6 0
0 50103 7 0
0 50103 8 0
0 50103 9 0
0 50103 10 0
0 50103 11 0
0 50103 12 0
0 63688 13 0
0 63688 14 0
0 63688 15 0
0 63688 0 0
0 63688 1 0
0 63688 2 0
0 30856 3 0
0 30856 4 0
0 30856 5 0
0 30856 6 0
0 30856 7 0
0 30856 8 0
0 3025 9 0
0 3025 10 0
0 3025 11 0
0 3025 12 0
0 3025 13 0
0 3025 14 0
0 26173 15 0
0 26173 0 0
0 26173 1 0
0 26173 2 0
0 26173 3 0
0 26173 4 0
0 43879 5 0
0 43879 6 0
0 43879 7 0
0 43879 8 0
0 43879 9 0
0 43879 10 0
0 25466 11 0
0 25466 12 0
0 25466 13 0
0 25466 14 0
0 25466 15 0
0 25466 0 0
0 20470 1 0
0 20470 2 0
0 20470 3 0
0 20470 4 0
0 20470 5 0
0 20470 6 0
0 38568 7 0
0 38568 8 0
0 38568 9 0
0 38568 10 0
0 38568 11 0
0 38568 12 0
0 23816 13 0
0 23816 14 0
0 23816 15 0
0 23816 0 0
0 23816 1 0
0 23816 2 0
0 57269 3 0
0 57269 4 0
0 57269 5 0
0 57269 6 0
0 57269 7 0
0 57269 8 0
0 13877 9 0
0 13877 10 0
0 13877 11 0
0 13877 12 0
0 13877 13 0
0 13877 14 0
0 33588 15 0
0 33588 0 0
0 33588 1 0
0 33588 2 0
0 33588 3 0
0 33588 4 0
0 50273 5 0
0 50273 6 0
0 50273 7 0
0 50273 8 0
0 50273 9 0
0 50273 10 0
0 28446 11 0
0 28446 12 0
0 28446 13 0
0 28446 14 0
0 28446 15 0
0 28446 0 0
0 8233 1 0
0 8233 2 0
0 8233 3 0
0 8233 4 0
0 8233 5 0
0 8233 6 0
0 48447 7 0
0 48447 8 0
0 48447 9 0
0 48447 10 0
0 48447 11 0
0 48447 12 0
0 51998 13 0
0 51998 14 0
0 51998 15 0
0 51998 0 0
0 51998 1 0
0 51998 2 0
0 19566 3 0
0 19566 4 0
0 19566 5 0
0 19566 6 0
0 19566 7 0
0 19566 8 0
0 53892 9 0
0 53892 10 0
0 53892 11 0
0 53892 12 0
0 53892 13 0
0 53892 14 0
0 64203 15 0
0 64203 0 0
0 64203 1 0
0 64203 2 0
0 64203 3 0
0 64203 4 0
0 13688 5 0
0 13688 6 0
0 13688 7 0
0 13688 8 0
0 13688 9 0
0 13688 10 0
0 34627 11 0
0 34627 12 0
0 34627 13 0
0 34627 14 0
0 34627 15 0
0 34627 0 0
0 55335 1 0
0 55335 2 0
0 55335 3 0
0 55335 4 0
0 55335 5 0
0 55335 6 0
0 46843 7 0
0 46843 8 0
0 46843 9 0
0 46843 10 0
0 46843 11 0
0 46843 12 0
0 48110 13 0
0 48110 14 0
0 48110 15 0
0 48110 0 0
0 48110 1 0
0 48110 2 0
0 52313 3 0
0 52313 4 0
0 52313 5 0
0 52313 6 0
0 52313 7 0
0 52313 8 0
0 46622 9 0
0 46622 10 0
0 46622 11 0
0 46622 12 0
0 46622 13 0
0 46622 14 0
0 53934 15 0
0 53934 0 0
0 53934 1 0
0 53934 2 0
0 53934 3 0
0 53934 4 0
0 34230 5 0
0 34230 6 0
0 34230 7 0
0 34230 8 0
0 34230 9 0
0 34230 10 0
0 927 11 0
0 927 12 0
0 927 13 0
0 927 14 0
0 927 15 0
0 927 0 0
0 27310 1 0
0 27310 2 0
0 27310 3 0
0 27310 4 0
0 27310 5 0
0 27310 6 0
0 59976 7 0
0 59976 8 0
0 59976 9 0
0 59976 10 0
0 59976 11 0
0 59976 12 0
0 48097 13 0
0 48097 14 0
0 48097 15 0
0 48097 0 0
0 48097 1 0
0 48097 2 0
0 28157 3 0
0 28157 4 0
0 28157 5 0
0 28157 6 0
0 28157 7 0
0 28157 8 0
0 12120 9 0
0 12120 10 0
0 12120 11 0
0 12120 12 0
0 12120 13 0
0 12120 14 0
0 41515 15 0
0 41515 0 0
0 41515 1 0
0 41515 2 0
0 41515 3 0
0 41515 4 0
0 1662 5 0
0 1662 6 0
0 1662 7 0
0 1662 8 0
0 1662 9 0
0 1662 10 0
0 49179 11 0
0 49179 12 0
0 49179 13 0
0 49179 14 0
0 49179 15 0
0 49179 0 0
0 54853 1 0
0 54853 2 0
0 54853 3 0
0 54853 4 0
0 54853 5 0
0 54853 6 0
0 26658 7 0
0 26658 8 0
0 26658 9 0
0 26658 10 0
0 26658 11 0
0 26658 12 0
0 55720 13 0
0 55720 14 0
0 55720 15 0
0 55720 0 0
0 55720 1 0
0 55720 2 0
0 32551 3 0
0 32551 4 0
0 32551 5 0
0 32551 6 0
0 32551 7 0
0 32551 8 0
0 54960 9 0
0 54960 10 0
0 54960 11 0
0 54960 12 0
0 54960 13 0
0 54960 14 0
0 41711 15 0
0 41711 0 0
0 41711 1 0
0 41711 2 0
0 41711 3 0
0 41711 4 0
0 15203 5 0
0 15203 6 0
0 15203 7 0
0 15203 8 0
0 15203 9 0
0 15203 10 0
0 2208 11 0
0 2208 12 0
0 2208 13 0
0 2208 14 0
0 2208 15 0
0 2208 0 0
0 27137 1 0
0 27137 2 0
0 27137 3 0
0 27137 4 0
0 27137 5 0
0 27137 6 0
0 39052 7 0
0 39052 8 0
0 39052 9 0
0 39052 10 0
0 39052 11 0
0 39052 12 0
0 9779 13 0
0 9779 14 0
0 9779 15 0
0 9779 0 0
0 9779 1 0
0 9779 2 0
0 28057 3 0
0 28057 4 0
0 28057 5 0
0 28057 6 0
0 28057 7 0
0 28057 8 0
0 39554 9 0
0 39554 10 0
0 39554 11 0
0 39554 12 0
0 39554 13 0
0 39554 14 0
0 11221 15 0
0 11221 0 0
0 11221 1 0
0 11221 2 0
0 11221 3 0
0 11221 4 0
0 26873 5 0
0 26873 6 0
0 26873 7 0
0 26873 8 0
0 26873 9 0
0 26873 10 0
0 20958 11 0
0 20958 12 0
0 20958 13 0
0 20958 14 0
0 20958 15 0
0 20958 0 0
0 30857 1 0
0 30857 2 0
0 30857 3 0
0 30857 4 0
0 30857 5 0
0 30857 6 0
0 56954 7 0
0 56954 8 0
0 56954 9 0
0 56954 10 0
0 56954 11 0
0 56954 12 0
0 42647 13 0
0 42647 14 0
0 42647 15 0
0 42647 0 0
0 42647 1 0
0 42647 2 0
0 38416 3 0
0 38416 4 0
0 38416 5 0
0 38416 6 0
0 38416 7 0
0 38416 8 0
0 20491 9 0
0 20491 10 0
0 20491 11 0
0 20491 12 0
0 20491 13 0
0 20491 14 0
0 31509 15 0
0 31509 0 0
0 31509 1 0
0 31509 2 0
0 31509 3 0
0 31509 4 0
0 64764 5 0
0 64764 6 0
0 64764 7 0
0 64764 8 0
0 64764 9 0
0 64764 10 0
0 914 11 0
0 914 12 0
0 914 13 0
0 914 14 0
0 914 15 0
0 914 0 0
0 17221 1 0
0 17221 2 0
0 17221 3 0
0 17221 4 0
0 17221 5 0
0 17221 6 0
0 63686 7 0
0 63686 8 0
0 63686 9 0
0 63686 10 0
0 63686 11 0
0 63686 12 0
0 8700 13 0
0 8700 14 0
0 8700 15 0
0 8700 0 0
0 8700 1 0
0 8700 2 0
0 399 3 0
0 399 4 0
0 399 5 0
0 399 6 0
0 399 7 0
0 399 8 0
0 40323 9 0
0 40323 10 0
0 40323 11 0
0 40323 12 0
0 40323 13 0
0 40323 14 0
0 58101 15 0
0 58101 0 0
0 58101 1 0
0 58101 2 0
0 58101 3 0
0 58101 4 0
0 35085 5 0
0 35085 6 0
0 35085 7 0
0 35085 8 0
0 35085 9 0
0 35085 10 0
0 25889 11 0
0 25889 12 0
0 25889 13 0
0 25889 14 0
0 25889 15 0
0 25889 0 0
0 18398 1 0
0 18398 2 0
0 18398 3 0
0 18398 4 0
0 18398 5 0
0 18398 6 0
0 44671 7 0
0 44671 8 0
0 44671 9 0
0 44671 10 0
0 44671 11 0
0 44671 12 0
0 39974 13 0
0 39974 14 0
0 39974 15 0
0 39974 0 0
0 39974 1 0
0 39974 2 0
0 17808 3 0
0 17808 4 0
0 17808 5 0
0 17808 6 0
0 17808 7 0
0 17808 8 0
0 24244 9 0
0 24244 10 0
0 24244 11 0
0 24244 12 0
0 24244 13 0
0 24244 14 0
0 42422 15 0
0 42422 0 0
0 42422 1 0
0 42422 2 0
0 42422 3 0
0 42422 4 0
0 52878 5 0
0 52878 6 0
0 52878 7 0
0 52878 8 0
0 52878 9 0
0 52878 10 0
0 38777 11 0
0 38777 12 0
0 38777 13 0
0 38777 14 0
0 38777 15 0
0 38777 0 0
0 45887 1 0
0 45887 2 0
0 45887 3 0
0 45887 4 0
0 45887 5 0
0 45887 6 0
0 59104 7 0
0 59104 8 0
0 59104 9 0
0 59104 10 0
0 59104 11 0
0 59104 12 0
0 63150 13 0
0 63150 14 0
0 63150 15 0
0 63150 0 0
0 63150 1 0
0 63150 2 0
0 54346 3 0
0 54346 4 0
0 54346 5 0
0 54346 6 0
0 54346 7 0
0 54346 8 0
0 23261 9 0
0 23261 10 0
0 23261 11 0
0 23261 12 0
0 23261 13 0
0 23261 14 0
0 59493 15 0
0 59493 0 0
0 59493 1 0
0 59493 2 0
0 59493 3 0
0 59493 4 0
0 27434 5 0
0 27434 6 0
0 27434 7 0
0 27434 8 0
0 27434 9 0
0 27434 10 0
0 34611 11 0
0 34611 12 0
0 34611 13 0
0 34611 14 0
0 34611 15 0
0 34611 0 0
0 54982 1 0
0 54982 2 0
0 54982 3 0
0 54982 4 0
0 54982 5 0
0 54982 6 0
0 57320 7 0
0 57320 8 0
0 57320 9 0
0 57320 10 0
0 57320 11 0
0 57320 12 0
0 64293 13 0
0 64293 14 0
0 64293 15 0
0 64293 0 0
0 64293 1 0
0 64293 2 0
0 8084 3 0
0 8084 4 0
0 8084 5 0
0 8084 6 0
0 8084 7 0
0 8084 8 0
0 44923 9 0
0 44923 10 0
0 44923 11 0
0 44923 12 0
0 44923 13 0
0 44923 14 0
0 64408 15 0
0 64408 0 0
0 64408 1 0
0 64408 2 0
0 64408 3 0
0 64408 4 0
0 44955 5 0
0 44955 6 0
0 44955 7 0
0 44955 8 0
0 44955 9 0
0 44955 10 0
0 6419 11 0
0 6419 12 0
0 6419 13 0
0 6419 14 0
0 6419 15 0
0 6419 0 0
0 42380 1 0
0 42380 2 0
0 42380 3 0
0 42380 4 0
0 42380 5 0
0 42380 6 0
0 64804 7 0
0 64804 8 0
0 64804 9 0
0 64804 10 0
0 64804 11 0
0 64804 12 0
0 47826 13 0
0 47826 14 0
0 47826 15 0
0 47826 0 0
0 47826 1 0
0 47826 2 0
0 57512 3 0
0 57512 4 0
0 57512 5 0
0 57512 6 0
0 57512 7 0
0 57512 8 0
0 8828 9 0
0 8828 10 0
0 8828 11 0
0 8828 12 0
0 8828 13 0
0 8828 14 0
0 12254 15 0
0 12254 0 0
0 12254 1 0
0 12254 2 0
0 12254 3 0
0 12254 4 0
0 37129 5 0
0 37129 6 0
0 37129 7 0
0 37129 8 0
0 37129 9 0
0 37129 10 0
0 38750 11 0
0 38750 12 0
0 38750 13 0
0 38750 14 0
0 38750 15 0
0 38750 0 0
0 57196 1 0
0 57196 2 0
0 57196 3 0
0 57196 4 0
0 57196 5 0
0 57196 6 0
0 44738 7 0
0 44738 8 0
0 44738 9 0
0 44738 10 0
0 44738 11 0
0 44738 12 0
0 59650 13 0
0 59650 14 0
0 59650 15 0
0 59650 0 0
0 59650 1 0
0 59650 2 0
0 14615 3 0
0 14615 4 0
0 14615 5 0
0 14615 6 0
0 14615 7 0
0 14615 8 0
0 45423 9 0
0 45423 10 0
0 45423 11 0
0 45423 12 0
0 45423 13 0
0 45423 14 0
0 58576 15 0
0 58576 0 0
0 58576 1 0
0 58576 2 0
0 58576 3 0
0 58576 4 0
0 54054 5 0
0 54054 6 0
0 54054 7 0
0 54054 8 0
0 54054 9 0
0 54054 10 0
0 4316 11 0
0 4316 12 0
0 4316 13 0
0 4316 14 0
0 4316 15 0
0 4316 0 0
0 52204 1 0
0 52204 2 0
0 52204 3 0
0 52204 4 0
0 52204 5 0
0 52204 6 0
0 46061 7 0
0 46061 8 0
0 46061 9 0
0 46061 10 0
0 46061 11 0
0 46061 12 0
0 850 13 0
0 850 14 0
0 850 15 0
0 850 0 0
0 850 1 0
0 850 2 0
0 46443 3 0
0 46443 4 0
0 46443 5 0
0 46443 6 0
0 46443 7 0
0 46443 8 0
0 3011 9 0
0 3011 10 0
0 3011 11 0
0 3011 12 0
0 3011 13 0
0 3011 14 0
0 61648 15 0
0 61648 0 0
0 61648 1 0
0 61648 2 0
0 61648 3 0
0 61648 4 0
0 55792 5 0
0 55792 6 0
0 55792 7 0
0 55792 8 0
0 55792 9 0
0 55792 10 0
0 28894 11 0
0 28894 12 0
0 28894 13 0
0 28894 14 0
0 28894 15 0
0 28894 0 0
0 7726 1 0
0 7726 2 0
0 7726 3 0
0 7726 4 0
0 7726 5 0
0 7726 6 0
0 39999 7 0
0 39999 8 0
0 39999 9 0
0 39999 10 0
0 39999 11 0
0 39999 12 0
0 25521 13 0
0 25521 14 0
0 25521 15 0
0 25521 0 0
0 25521 1 0
0 25521 2 0
0 28502 3 0
0 28502 4 0
0 28502 5 0
0 28502 6 0
0 28502 7 0
0 28502 8 0
0 15044 9 0
0 15044 10 0
0 15044 11 0
0 15044 12 0
0 15044 13 0
0 15044 14 0
0 53070 15 0
0 53070 0 0
0 53070 1 0
0 53070 2 0
0 53070 3 0
0 53070 4 0
0 15465 5 0
0 15465 6 0
0 15465 7 0
0 15465 8 0
0 15465 9 0
0 15465 10 0
0 7038 11 0
0 7038 12 0
0 7038 13 0
0 7038 14 0
0 7038 15 0
0 7038 0 0
0 34387 1 0
0 34387 2 0
0 34387 3 0
0 34387 4 0
0 34387 5 0
0 34387 6 0
0 41777 7 0
0 41777 8 0
0 41777 9 0
0 41777 10 0
0 41777 11 0
0 41777 12 0
0 44533 13 0
0 44533 14 0
0 44533 15 0
0 44533 0 0
0 44533 1 0
0 44533 2 0
0 6689 3 0
0 6689 4 0
0 6689 5 0
0 6689 6 0
0 6689 7 0
0 6689 8 0
0 59182 9 0
0 59182 10 0
0 59182 11 0
0 59182 12 0
0 59182 13 0
0 59182 14 0
0 19578 15 0
0 19578 0 0
0 19578 1 0
0 19578 2 0
0 19578 3 0
0 19578 4 0
0 2379 5 0
0 2379 6 0
0 2379 7 0
0 2379 8 0
0 2379 9 0
0 2379 10 0
0 53281 11 0
0 53281 12 0
0 53281 13 0
0 53281 14 0
0 53281 15 0
0 53281 0 0
0 32806 1 0
0 32806 2 0
0 32806 3 0
0 32806 4 0
0 32806 5 0
0 32806 6 0
0 63199 7 0
0 63199 8 0
0 63199 9 0
0 63199 10 0
0 63199 11 0
0 63199 12 0
0 35701 13 0
0 35701 14 0
0 35701 15 0
0 35701 0 0
0 35701 1 0
0 35701 2 0
0 29238 3 0
0 29238 4 0
0 29238 5 0
0 29238 6 0
0 29238 7 0
0 29238 8 0
0 38499 9 0
0 38499 10 0
0 38499 11 0
0 38499 12 0
0 38499 13 0
0 38499 14 0
0 21252 15 0
0 21252 0 0
0 21252 1 0
0 21252 2 0
0 21252 3 0
0 21252 4 0
0 32317 5 0
0 32317 6 0
0 32317 7 0
0 32317 8 0
0 32317 9 0
0 32317 10 0
0 26360 11 0
0 26360 12 0
0 26360 13 0
0 26360 14 0
0 26360 15 0
0 26360 0 0
0 64316 1 0
0 64316 2 0
0 64316 3 0
0 64316 4 0
0 64316 5 0
0 64316 6 0
0 31815 7 0
0 31815 8 0
0 31815 9 0
0 31815 10 0
0 31815 11 0
0 31815 12 0
0 31957 13 0
0 31957 14 0
0 31957 15 0
