0 0 0 0
0 0 1 0
0 0 2 0
0 0 3 0
0 0 4 0
0 45233 5 0
0 45233 6 0
0 45233 7 0
0 45233 8 0
0 45233 9 0
0 45233 10 0
0 7464 11 0
0 7464 12 0
0 7464 13 0
0 7464 14 0
0 7464 15 0
0 7464 0 0
0 61043 1 0
0 61043 2 0
0 61043 3 0
0 61043 4 0
0 61043 5 0
0 61043 6 0
0 30607 7 0
0 30607 8 0
0 30607 9 0
0 30607 10 0
0 30607 11 0
0 30607 12 0
0 58190 13 0
0 58190 14 0
0 58190 15 0
0 58190 0 0
0 58190 1 0
0 58190 2 0
0 44905 3 0
0 44905 4 0
0 44905 5 0
0 44905 6 0
0 44905 7 0
0 44905 8 0
0 20441 9 0
0 20441 10 0
0 20441 11 0
0 20441 12 0
0 20441 13 0
0 20441 14 0
0 29016 15 0
0 29016 0 0
0 29016 1 0
0 29016 2 0
0 29016 3 0
0 29016 4 0
0 1523 5 0
0 1523 6 0
0 1523 7 0
0 1523 8 0
0 1523 9 0
0 1523 10 0
0 1082 11 0
0 1082 12 0
0 1082 13 0
0 1082 14 0
0 1082 15 0
0 1082 0 0
0 53987 1 0
0 53987 2 0
0 53987 3 0
0 53987 4 0
0 53987 5 0
0 53987 6 0
0 65488 7 0
0 65488 8 0
0 65488 9 0
0 65488 10 0
0 65488 11 0
0 65488 12 0
0 20847 13 0
0 20847 14 0
0 20847 15 0
0 20847 0 0
0 20847 1 0
0 20847 2 0
0 60775 3 0
0 60775 4 0
0 60775 5 0
0 60775 6 0
0 60775 7 0
0 60775 8 0
0 42041 9 0
0 42041 10 0
0 42041 11 0
0 42041 12 0
0 42041 13 0
0 42041 14 0
0 27046 15 0
0 27046 0 0
0 27046 1 0
0 27046 2 0
0 27046 3 0
0 27046 4 0
0 20653 5 0
0 20653 6 0
0 20653 7 0
0 20653 8 0
0 20653 9 0
0 20653 10 0
0 9341 11 0
0 9341 12 0
0 9341 13 0
0 9341 14 0
0 9341 15 0
0 9341 0 0
0 10826 1 0
0 10826 2 0
0 10826 3 0
0 10826 4 0
0 10826 5 0
0 10826 6 0
0 58802 7 0
0 58802 8 0
0 58802 9 0
0 58802 10 0
0 58802 11 0
0 58802 12 0
0 43689 13 0
0 43689 14 0
0 43689 15 0
0 43689 0 0
0 43689 1 0
0 43689 2 0
0 48020 3 0
0 48020 4 0
0 48020 5 0
0 48020 6 0
0 48020 7 0
0 48020 8 0
0 50813 9 0
0 50813 10 0
0 50813 11 0
0 50813 12 0
0 50813 13 0
0 50813 14 0
0 31395 15 0
0 31395 0 0
0 31395 1 0
0 31395 2 0
0 31395 3 0
0 31395 4 0
0 32727 5 0
0 32727 6 0
0 32727 7 0
0 32727 8 0
0 32727 9 0
0 32727 10 0
0 45694 11 0
0 45694 12 0
0 45694 13 0
0 45694 14 0
0 45694 15 0
0 45694 0 0
0 57179 1 0
0 57179 2 0
0 57179 3 0
0 57179 4 0
0 57179 5 0
0 57179 6 0
0 7497 7 0
0 7497 8 0
0 7497 9 0
0 7497 10 0
0 7497 11 0
0 7497 12 0
0 49803 13 0
0 49803 14 0
0 49803 15 0
0 49803 0 0
0 49803 1 0
0 49803 2 0
0 566 3 0
0 566 4 0
0 566 5 0
0 566 6 0
0 566 7 0
0 566 8 0
0 11920 9 0
0 11920 10 0
0 11920 11 0
0 11920 12 0
0 11920 13 0
0 11920 14 0
0 21227 15 0
0 21227 0 0
0 21227 1 0
0 21227 2 0
0 21227 3 0
0 21227 4 0
0 53687 5 0
0 53687 6 0
0 53687 7 0
0 53687 8 0
0 53687 9 0
0 53687 10 0
0 55629 11 0
0 55629 12 0
0 55629 13 0
0 55629 14 0
0 55629 15 0
0 55629 0 0
0 23430 1 0
0 23430 2 0
0 23430 3 0
0 23430 4 0
0 23430 5 0
0 23430 6 0
0 59298 7 0
0 59298 8 0
0 59298 9 0
0 59298 10 0
0 59298 11 0
0 59298 12 0
0 27892 13 0
0 27892 14 0
0 27892 15 0
0 27892 0 0
0 27892 1 0
0 27892 2 0
0 20578 3 0
0 20578 4 0
0 20578 5 0
0 20578 6 0
0 20578 7 0
0 20578 8 0
0 12791 9 0
0 12791 10 0
0 12791 11 0
0 12791 12 0
0 12791 13 0
0 12791 14 0
0 20092 15 0
0 20092 0 0
0 20092 1 0
0 20092 2 0
0 20092 3 0
0 20092 4 0
0 57271 5 0
0 57271 6 0
0 57271 7 0
0 57271 8 0
0 57271 9 0
0 57271 10 0
0 36410 11 0
0 36410 12 0
0 36410 13 0
0 36410 14 0
0 36410 15 0
0 36410 0 0
0 16221 1 0
0 16221 2 0
0 16221 3 0
0 16221 4 0
0 16221 5 0
0 16221 6 0
0 14294 7 0
0 14294 8 0
0 14294 9 0
0 14294 10 0
0 14294 11 0
0 14294 12 0
0 64747 13 0
0 64747 14 0
0 64747 15 0
0 64747 0 0
0 64747 1 0
0 64747 2 0
0 62839 3 0
0 62839 4 0
0 62839 5 0
0 62839 6 0
0 62839 7 0
0 62839 8 0
0 13368 9 0
0 13368 10 0
0 13368 11 0
0 13368 12 0
0 13368 13 0
0 13368 14 0
0 3605 15 0
0 3605 0 0
0 3605 1 0
0 3605 2 0
0 3605 3 0
0 3605 4 0
0 56085 5 0
0 56085 6 0
0 56085 7 0
0 56085 8 0
0 56085 9 0
0 56085 10 0
0 19530 11 0
0 19530 12 0
0 19530 13 0
0 19530 14 0
0 19530 15 0
0 19530 0 0
0 24050 1 0
0 24050 2 0
0 24050 3 0
0 24050 4 0
0 24050 5 0
0 24050 6 0
0 32031 7 0
0 32031 8 0
0 32031 9 0
0 32031 10 0
0 32031 11 0
0 32031 12 0
0 51347 13 0
0 51347 14 0
0 51347 15 0
0 51347 0 0
0 51347 1 0
0 51347 2 0
0 58491 3 0
0 58491 4 0
0 58491 5 0
0 58491 6 0
0 58491 7 0
0 58491 8 0
0 29199 9 0
0 29199 10 0
0 29199 11 0
0 29199 12 0
0 29199 13 0
0 29199 14 0
0 16396 15 0
0 16396 0 0
0 16396 1 0
0 16396 2 0
0 16396 3 0
0 16396 4 0
0 52004 5 0
0 52004 6 0
0 52004 7 0
0 52004 8 0
0 52004 9 0
0 52004 10 0
0 38176 11 0
0 38176 12 0
0 38176 13 0
0 38176 14 0
0 38176 15 0
0 38176 0 0
0 42338 1 0
0 42338 2 0
0 42338 3 0
0 42338 4 0
0 42338 5 0
0 42338 6 0
0 16891 7 0
0 16891 8 0
0 16891 9 0
0 16891 10 0
0 16891 11 0
0 16891 12 0
0 60261 13 0
0 60261 14 0
0 60261 15 0
0 60261 0 0
0 60261 1 0
0 60261 2 0
0 30916 3 0
0 30916 4 0
0 30916 5 0
0 30916 6 0
0 30916 7 0
0 30916 8 0
0 24532 9 0
0 24532 10 0
0 24532 11 0
0 24532 12 0
0 24532 13 0
0 24532 14 0
0 25783 15 0
0 25783 0 0
0 25783 1 0
0 25783 2 0
0 25783 3 0
0 25783 4 0
0 8263 5 0
0 8263 6 0
0 8263 7 0
0 8263 8 0
0 8263 9 0
0 8263 10 0
0 21969 11 0
0 21969 12 0
0 21969 13 0
0 21969 14 0
0 21969 15 0
0 21969 0 0
0 6436 1 0
0 6436 2 0
0 6436 3 0
0 6436 4 0
0 6436 5 0
0 6436 6 0
0 51041 7 0
0 51041 8 0
0 51041 9 0
0 51041 10 0
0 51041 11 0
0 51041 12 0
0 63938 13 0
0 63938 14 0
0 63938 15 0
0 63938 0 0
0 63938 1 0
0 63938 2 0
0 39937 3 0
0 39937 4 0
0 39937 5 0
0 39937 6 0
0 39937 7 0
0 39937 8 0
0 28972 9 0
0 28972 10 0
0 28972 11 0
0 28972 12 0
0 28972 13 0
0 28972 14 0
0 16541 15 0
0 16541 0 0
0 16541 1 0
0 16541 2 0
0 16541 3 0
0 16541 4 0
0 36728 5 0
0 36728 6 0
0 36728 7 0
0 36728 8 0
0 36728 9 0
0 36728 10 0
0 52244 11 0
0 52244 12 0
0 52244 13 0
0 52244 14 0
0 52244 15 0
0 52244 0 0
0 11575 1 0
0 11575 2 0
0 11575 3 0
0 11575 4 0
0 11575 5 0
0 11575 6 0
0 34532 7 0
0 34532 8 0
0 34532 9 0
0 34532 10 0
0 34532 11 0
0 34532 12 0
0 49242 13 0
0 49242 14 0
0 49242 15 0
0 49242 0 0
0 49242 1 0
0 49242 2 0
0 62642 3 0
0 62642 4 0
0 62642 5 0
0 62642 6 0
0 62642 7 0
0 62642 8 0
0 13924 9 0
0 13924 10 0
0 13924 11 0
0 13924 12 0
0 13924 13 0
0 13924 14 0
0 11021 15 0
0 11021 0 0
0 11021 1 0
0 11021 2 0
0 11021 3 0
0 11021 4 0
0 3832 5 0
0 3832 6 0
0 3832 7 0
0 3832 8 0
0 3832 9 0
0 3832 10 0
0 10375 11 0
0 10375 12 0
0 10375 13 0
0 10375 14 0
0 10375 15 0
0 10375 0 0
0 46107 1 0
0 46107 2 0
0 46107 3 0
0 46107 4 0
0 46107 5 0
0 46107 6 0
0 44400 7 0
0 44400 8 0
0 44400 9 0
0 44400 10 0
0 44400 11 0
0 44400 12 0
0 6953 13 0
0 6953 14 0
0 6953 15 0
0 6953 0 0
0 6953 1 0
0 6953 2 0
0 56841 3 0
0 56841 4 0
0 56841 5 0
0 56841 6 0
0 56841 7 0
0 56841 8 0
0 24618 9 0
0 24618 10 0
0 24618 11 0
0 24618 12 0
0 24618 13 0
0 24618 14 0
0 26438 15 0
0 26438 0 0
0 26438 1 0
0 26438 2 0
0 26438 3 0
0 26438 4 0
0 879 5 0
0 879 6 0
0 879 7 0
0 879 8 0
0 879 9 0
0 879 10 0
0 3896 11 0
0 3896 12 0
0 3896 13 0
0 3896 14 0
0 3896 15 0
0 3896 0 0
0 31841 1 0
0 31841 2 0
0 31841 3 0
0 31841 4 0
0 31841 5 0
0 31841 6 0
0 6209 7 0
0 6209 8 0
0 6209 9 0
0 6209 10 0
0 6209 11 0
0 6209 12 0
0 55656 13 0
0 55656 14 0
0 55656 15 0
0 55656 0 0
0 55656 1 0
0 55656 2 0
0 50170 3 0
0 50170 4 0
0 50170 5 0
0 50170 6 0
0 50170 7 0
0 50170 8 0
0 29566 9 0
0 29566 10 0
0 29566 11 0
0 29566 12 0
0 29566 13 0
0 29566 14 0
0 26416 15 0
0 26416 0 0
0 26416 1 0
0 26416 2 0
0 26416 3 0
0 26416 4 0
0 3496 5 0
0 3496 6 0
0 3496 7 0
0 3496 8 0
0 3496 9 0
0 3496 10 0
0 17530 11 0
0 17530 12 0
0 17530 13 0
0 17530 14 0
0 17530 15 0
0 17530 0 0
0 15657 1 0
0 15657 2 0
0 15657 3 0
0 15657 4 0
0 15657 5 0
0 15657 6 0
0 48888 7 0
0 48888 8 0
0 48888 9 0
0 48888 10 0
0 48888 11 0
0 48888 12 0
0 31774 13 0
0 31774 14 0
0 31774 15 0
0 31774 0 0
0 31774 1 0
0 31774 2 0
0 53179 3 0
0 53179 4 0
0 53179 5 0
0 53179 6 0
0 53179 7 0
0 53179 8 0
0 38498 9 0
0 38498 10 0
0 38498 11 0
0 38498 12 0
0 38498 13 0
0 38498 14 0
0 8764 15 0
0 8764 0 0
0 8764 1 0
0 8764 2 0
0 8764 3 0
0 8764 4 0
0 2987 5 0
0 2987 6 0
0 2987 7 0
0 2987 8 0
0 2987 9 0
0 2987 10 0
0 3759 11 0
0 3759 12 0
0 3759 13 0
0 3759 14 0
0 3759 15 0
0 3759 0 0
0 14867 1 0
0 14867 2 0
0 14867 3 0
0 14867 4 0
0 14867 5 0
0 14867 6 0
0 2823 7 0
0 2823 8 0
0 2823 9 0
0 2823 10 0
0 2823 11 0
0 2823 12 0
0 53021 13 0
0 53021 14 0
0 53021 15 0
0 53021 0 0
0 53021 1 0
0 53021 2 0
0 1247 3 0
0 1247 4 0
0 1247 5 0
0 1247 6 0
0 1247 7 0
0 1247 8 0
0 38275 9 0
0 38275 10 0
0 38275 11 0
0 38275 12 0
0 38275 13 0
0 38275 14 0
0 37538 15 0
0 37538 0 0
0 37538 1 0
0 37538 2 0
0 37538 3 0
0 37538 4 0
0 32163 5 0
0 32163 6 0
0 32163 7 0
0 32163 8 0
0 32163 9 0
0 32163 10 0
0 19256 11 0
0 19256 12 0
0 19256 13 0
0 19256 14 0
0 19256 15 0
0 19256 0 0
0 41632 1 0
0 41632 2 0
0 41632 3 0
0 41632 4 0
0 41632 5 0
0 41632 6 0
0 27342 7 0
0 27342 8 0
0 27342 9 0
0 27342 10 0
0 27342 11 0
0 27342 12 0
0 2824 13 0
0 2824 14 0
0 2824 15 0
0 2824 0 0
0 2824 1 0
0 2824 2 0
0 18224 3 0
0 18224 4 0
0 18224 5 0
0 18224 6 0
0 18224 7 0
0 18224 8 0
0 29270 9 0
0 29270 10 0
0 29270 11 0
0 29270 12 0
0 29270 13 0
0 29270 14 0
0 29469 15 0
0 29469 0 0
0 29469 1 0
0 29469 2 0
0 29469 3 0
0 29469 4 0
0 43212 5 0
0 43212 6 0
0 43212 7 0
0 43212 8 0
0 43212 9 0
0 43212 10 0
0 39935 11 0
0 39935 12 0
0 39935 13 0
0 39935 14 0
0 39935 15 0
0 39935 0 0
0 38532 1 0
0 38532 2 0
0 38532 3 0
0 38532 4 0
0 38532 5 0
0 38532 6 0
0 15840 7 0
0 15840 8 0
0 15840 9 0
0 15840 10 0
0 15840 11 0
0 15840 12 0
0 50791 13 0
0 50791 14 0
0 50791 15 0
0 50791 0 0
0 50791 1 0
0 50791 2 0
0 839 3 0
0 839 4 0
0 839 5 0
0 839 6 0
0 839 7 0
0 839 8 0
0 13552 9 0
0 13552 10 0
0 13552 11 0
0 13552 12 0
0 13552 13 0
0 13552 14 0
0 45543 15 0
0 45543 0 0
0 45543 1 0
0 45543 2 0
0 45543 3 0
0 45543 4 0
0 27129 5 0
0 27129 6 0
0 27129 7 0
0 27129 8 0
0 27129 9 0
0 27129 10 0
0 49748 11 0
0 49748 12 0
0 49748 13 0
0 49748 14 0
0 49748 15 0
0 49748 0 0
0 20500 1 0
0 20500 2 0
0 20500 3 0
0 20500 4 0
0 20500 5 0
0 20500 6 0
0 24701 7 0
0 24701 8 0
0 24701 9 0
0 24701 10 0
0 24701 11 0
0 24701 12 0
0 35122 13 0
0 35122 14 0
0 35122 15 0
0 35122 0 0
0 35122 1 0
0 35122 2 0
0 35874 3 0
0 35874 4 0
0 35874 5 0
0 35874 6 0
0 35874 7 0
0 35874 8 0
0 21906 9 0
0 21906 10 0
0 21906 11 0
0 21906 12 0
0 21906 13 0
0 21906 14 0
0 36861 15 0
0 36861 0 0
0 36861 1 0
0 36861 2 0
0 36861 3 0
0 36861 4 0
0 36527 5 0
0 36527 6 0
0 36527 7 0
0 36527 8 0
0 36527 9 0
0 36527 10 0
0 29831 11 0
0 29831 12 0
0 29831 13 0
0 29831 14 0
0 29831 15 0
0 29831 0 0
0 43109 1 0
0 43109 2 0
0 43109 3 0
0 43109 4 0
0 43109 5 0
0 43109 6 0
0 40485 7 0
0 40485 8 0
0 40485 9 0
0 40485 10 0
0 40485 11 0
0 40485 12 0
0 9722 13 0
0 9722 14 0
0 9722 15 0
0 9722 0 0
0 9722 1 0
0 9722 2 0
0 58578 3 0
0 58578 4 0
0 58578 5 0
0 58578 6 0
0 58578 7 0
0 58578 8 0
0 3837 9 0
0 3837 10 0
0 3837 11 0
0 3837 12 0
0 3837 13 0
0 3837 14 0
0 29682 15 0
0 29682 0 0
0 29682 1 0
0 29682 2 0
0 29682 3 0
0 29682 4 0
0 61217 5 0
0 61217 6 0
0 61217 7 0
0 61217 8 0
0 61217 9 0
0 61217 10 0
0 20418 11 0
0 20418 12 0
0 20418 13 0
0 20418 14 0
0 20418 15 0
0 20418 0 0
0 20736 1 0
0 20736 2 0
0 20736 3 0
0 20736 4 0
0 20736 5 0
0 20736 6 0
0 48745 7 0
0 48745 8 0
0 48745 9 0
0 48745 10 0
0 48745 11 0
0 48745 12 0
0 60795 13 0
0 60795 14 0
0 60795 15 0
0 60795 0 0
0 60795 1 0
0 60795 2 0
0 23668 3 0
0 23668 4 0
0 23668 5 0
0 23668 6 0
0 23668 7 0
0 23668 8 0
0 5357 9 0
0 5357 10 0
0 5357 11 0
0 5357 12 0
0 5357 13 0
0 5357 14 0
0 54088 15 0
0 54088 0 0
0 54088 1 0
0 54088 2 0
0 54088 3 0
0 54088 4 0
0 64213 5 0
0 64213 6 0
0 64213 7 0
0 64213 8 0
0 64213 9 0
0 64213 10 0
0 38045 11 0
0 38045 12 0
0 38045 13 0
0 38045 14 0
0 38045 15 0
0 38045 0 0
0 22628 1 0
0 22628 2 0
0 22628 3 0
0 22628 4 0
0 22628 5 0
0 22628 6 0
0 36111 7 0
0 36111 8 0
0 36111 9 0
0 36111 10 0
0 36111 11 0
0 36111 12 0
0 23682 13 0
0 23682 14 0
0 23682 15 0
0 23682 0 0
0 23682 1 0
0 23682 2 0
0 41066 3 0
0 41066 4 0
0 41066 5 0
0 41066 6 0
0 41066 7 0
0 41066 8 0
0 45417 9 0
0 45417 10 0
0 45417 11 0
0 45417 12 0
0 45417 13 0
0 45417 14 0
0 64694 15 0
0 64694 0 0
0 64694 1 0
0 64694 2 0
0 64694 3 0
0 64694 4 0
0 14240 5 0
0 14240 6 0
0 14240 7 0
0 14240 8 0
0 14240 9 0
0 14240 10 0
0 28397 11 0
0 28397 12 0
0 28397 13 0
0 28397 14 0
0 28397 15 0
0 28397 0 0
0 40132 1 0
0 40132 2 0
0 40132 3 0
0 40132 4 0
0 40132 5 0
0 40132 6 0
0 40650 7 0
0 40650 8 0
0 40650 9 0
0 40650 10 0
0 40650 11 0
0 40650 12 0
0 24947 13 0
0 24947 14 0
0 24947 15 0
0 24947 0 0
0 24947 1 0
0 24947 2 0
0 58793 3 0
0 58793 4 0
0 58793 5 0
0 58793 6 0
0 58793 7 0
0 58793 8 0
0 4762 9 0
0 4762 10 0
0 4762 11 0
0 4762 12 0
0 4762 13 0
0 4762 14 0
0 4886 15 0
0 4886 0 0
0 4886 1 0
0 4886 2 0
0 4886 3 0
0 4886 4 0
0 45662 5 0
0 45662 6 0
0 45662 7 0
0 45662 8 0
0 45662 9 0
0 45662 10 0
0 34972 11 0
0 34972 12 0
0 34972 13 0
0 34972 14 0
0 34972 15 0
0 34972 0 0
0 50707 1 0
0 50707 2 0
0 50707 3 0
0 50707 4 0
0 50707 5 0
0 50707 6 0
0 53181 7 0
0 53181 8 0
0 53181 9 0
0 53181 10 0
0 53181 11 0
0 53181 12 0
0 24579 13 0
0 24579 14 0
0 24579 15 0
0 24579 0 0
0 24579 1 0
0 24579 2 0
0 16217 3 0
0 16217 4 0
0 16217 5 0
0 16217 6 0
0 16217 7 0
0 16217 8 0
0 3353 9 0
0 3353 10 0
0 3353 11 0
0 3353 12 0
0 3353 13 0
0 3353 14 0
0 20918 15 0
0 20918 0 0
0 20918 1 0
0 20918 2 0
0 20918 3 0
0 20918 4 0
0 13268 5 0
0 13268 6 0
0 13268 7 0
0 13268 8 0
0 13268 9 0
0 13268 10 0
0 8806 11 0
0 8806 12 0
0 8806 13 0
0 8806 14 0
0 8806 15 0
0 8806 0 0
0 64198 1 0
0 64198 2 0
0 64198 3 0
0 64198 4 0
0 64198 5 0
0 64198 6 0
0 64344 7 0
0 64344 8 0
0 64344 9 0
0 64344 10 0
0 64344 11 0
0 64344 12 0
0 11737 13 0
0 11737 14 0
0 11737 15 0
0 11737 0 0
0 11737 1 0
0 11737 2 0
0 11207 3 0
0 11207 4 0
0 11207 5 0
0 11207 6 0
0 11207 7 0
0 11207 8 0
0 36351 9 0
0 36351 10 0
0 36351 11 0
0 36351 12 0
0 36351 13 0
0 36351 14 0
0 17190 15 0
0 17190 0 0
0 17190 1 0
0 17190 2 0
0 17190 3 0
0 17190 4 0
0 39782 5 0
0 39782 6 0
0 39782 7 0
0 39782 8 0
0 39782 9 0
0 39782 10 0
0 15862 11 0
0 15862 12 0
0 15862 13 0
0 15862 14 0
0 15862 15 0
0 15862 0 0
0 7773 1 0
0 7773 2 0
0 7773 3 0
0 7773 4 0
0 7773 5 0
0 7773 6 0
0 34825 7 0
0 34825 8 0
0 34825 9 0
0 34825 10 0
0 34825 11 0
0 34825 12 0
0 9328 13 0
0 9328 14 0
0 9328 15 0
0 9328 0 0
0 9328 1 0
0 9328 2 0
0 20717 3 0
0 20717 4 0
0 20717 5 0
0 20717 6 0
0 20717 7 0
0 20717 8 0
0 30831 9 0
0 30831 10 0
0 30831 11 0
0 30831 12 0
0 30831 13 0
0 30831 14 0
0 63386 15 0
0 63386 0 0
0 63386 1 0
0 63386 2 0
0 63386 3 0
0 63386 4 0
0 32459 5 0
0 32459 6 0
0 32459 7 0
0 32459 8 0
0 32459 9 0
0 32459 10 0
0 17909 11 0
0 17909 12 0
0 17909 13 0
0 17909 14 0
0 17909 15 0
0 17909 0 0
0 45560 1 0
0 45560 2 0
0 45560 3 0
0 45560 4 0
0 45560 5 0
0 45560 6 0
0 4004 7 0
0 4004 8 0
0 4004 9 0
0 4004 10 0
0 4004 11 0
0 4004 12 0
0 43367 13 0
0 43367 14 0
0 43367 15 0
0 43367 0 0
0 43367 1 0
0 43367 2 0
0 59000 3 0
0 59000 4 0
0 59000 5 0
0 59000 6 0
0 59000 7 0
0 59000 8 0
0 30590 9 0
0 30590 10 0
0 30590 11 0
0 30590 12 0
0 30590 13 0
0 30590 14 0
0 63533 15 0
0 63533 0 0
0 63533 1 0
0 63533 2 0
0 63533 3 0
0 63533 4 0
0 30893 5 0
0 30893 6 0
0 30893 7 0
0 30893 8 0
0 30893 9 0
0 30893 10 0
0 65281 11 0
0 65281 12 0
0 65281 13 0
0 65281 14 0
0 65281 15 0
0 65281 0 0
0 22314 1 0
0 22314 2 0
0 22314 3 0
0 22314 4 0
0 22314 5 0
0 22314 6 0
0 27224 7 0
0 27224 8 0
0 27224 9 0
0 27224 10 0
0 27224 11 0
0 27224 12 0
0 1437 13 0
0 1437 14 0
0 1437 15 0
0 1437 0 0
0 1437 1 0
0 1437 2 0
0 1551 3 0
0 1551 4 0
0 1551 5 0
0 1551 6 0
0 1551 7 0
0 1551 8 0
0 3298 9 0
0 3298 10 0
0 3298 11 0
0 3298 12 0
0 3298 13 0
0 3298 14 0
0 32503 15 0
0 32503 0 0
0 32503 1 0
0 32503 2 0
0 32503 3 0
0 32503 4 0
0 7914 5 0
0 7914 6 0
0 7914 7 0
0 7914 8 0
0 7914 9 0
0 7914 10 0
0 32695 11 0
0 32695 12 0
0 32695 13 0
0 32695 14 0
0 32695 15 0
0 32695 0 0
0 59756 1 0
0 59756 2 0
0 59756 3 0
0 59756 4 0
0 59756 5 0
0 59756 6 0
0 37082 7 0
0 37082 8 0
0 37082 9 0
0 37082 10 0
0 37082 11 0
0 37082 12 0
0 59645 13 0
0 59645 14 0
0 59645 15 0
0 59645 0 0
0 59645 1 0
0 59645 2 0
0 25019 3 0
0 25019 4 0
0 25019 5 0
0 25019 6 0
0 25019 7 0
0 25019 8 0
0 26855 9 0
0 26855 10 0
0 26855 11 0
0 26855 12 0
0 26855 13 0
0 26855 14 0
0 48331 15 0
0 48331 0 0
0 48331 1 0
0 48331 2 0
0 48331 3 0
0 48331 4 0
0 40692 5 0
0 40692 6 0
0 40692 7 0
0 40692 8 0
0 40692 9 0
0 40692 10 0
0 50217 11 0
0 50217 12 0
0 50217 13 0
0 50217 14 0
0 50217 15 0
0 50217 0 0
0 58705 1 0
0 58705 2 0
0 58705 3 0
0 58705 4 0
0 58705 5 0
0 58705 6 0
0 1626 7 0
0 1626 8 0
0 1626 9 0
0 1626 10 0
0 1626 11 0
0 1626 12 0
0 1139 13 0
0 1139 14 0
0 1139 15 0
0 1139 0 0
0 1139 1 0
0 1139 2 0
0 30232 3 0
0 30232 4 0
0 30232 5 0
0 30232 6 0
0 30232 7 0
0 30232 8 0
0 52428 9 0
0 52428 10 0
0 52428 11 0
0 52428 12 0
0 52428 13 0
0 52428 14 0
0 405 15 0
0 405 0 0
0 405 1 0
0 405 2 0
0 405 3 0
0 405 4 0
0 22287 5 0
0 22287 6 0
0 22287 7 0
0 22287 8 0
0 22287 9 0
0 22287 10 0
0 6803 11 0
0 6803 12 0
0 6803 13 0
0 6803 14 0
0 6803 15 0
0 6803 0 0
0 21766 1 0
0 21766 2 0
0 21766 3 0
0 21766 4 0
0 21766 5 0
0 21766 6 0
0 40629 7 0
0 40629 8 0
0 40629 9 0
0 40629 10 0
0 40629 11 0
0 40629 12 0
0 17751 13 0
0 17751 14 0
0 17751 15 0
0 17751 0 0
0 17751 1 0
0 17751 2 0
0 9798 3 0
0 9798 4 0
0 9798 5 0
0 9798 6 0
0 9798 7 0
0 9798 8 0
0 54888 9 0
0 54888 10 0
0 54888 11 0
0 54888 12 0
0 54888 13 0
0 54888 14 0
0 55518 15 0
0 55518 0 0
0 55518 1 0
0 55518 2 0
0 55518 3 0
0 55518 4 0
0 49688 5 0
0 49688 6 0
0 49688 7 0
0 49688 8 0
0 49688 9 0
0 49688 10 0
0 20525 11 0
0 20525 12 0
0 20525 13 0
0 20525 14 0
0 20525 15 0
0 20525 0 0
0 9620 1 0
0 9620 2 0
0 9620 3 0
0 9620 4 0
0 9620 5 0
0 9620 6 0
0 64539 7 0
0 64539 8 0
0 64539 9 0
0 64539 10 0
0 64539 11 0
0 64539 12 0
0 29310 13 0
0 29310 14 0
0 29310 15 0
0 29310 0 0
0 29310 1 0
0 29310 2 0
0 20104 3 0
0 20104 4 0
0 20104 5 0
0 20104 6 0
0 20104 7 0
0 20104 8 0
0 6257 9 0
0 6257 10 0
0 6257 11 0
0 6257 12 0
0 6257 13 0
0 6257 14 0
0 48663 15 0
0 48663 0 0
0 48663 1 0
0 48663 2 0
0 48663 3 0
0 48663 4 0
0 62049 5 0
0 62049 6 0
0 62049 7 0
0 62049 8 0
0 62049 9 0
0 62049 10 0
0 12124 11 0
0 12124 12 0
0 12124 13 0
0 12124 14 0
0 12124 15 0
0 12124 0 0
0 49261 1 0
0 49261 2 0
0 49261 3 0
0 49261 4 0
0 49261 5 0
0 49261 6 0
0 7107 7 0
0 7107 8 0
0 7107 9 0
0 7107 10 0
0 7107 11 0
0 7107 12 0
0 51328 13 0
0 51328 14 0
0 51328 15 0
0 51328 0 0
0 51328 1 0
0 51328 2 0
0 5323 3 0
0 5323 4 0
0 5323 5 0
0 5323 6 0
0 5323 7 0
0 5323 8 0
0 60228 9 0
0 60228 10 0
0 60228 11 0
0 60228 12 0
0 60228 13 0
0 60228 14 0
0 9315 15 0
0 9315 0 0
0 9315 1 0
0 9315 2 0
0 9315 3 0
0 9315 4 0
0 55855 5 0
0 55855 6 0
0 55855 7 0
0 55855 8 0
0 55855 9 0
0 55855 10 0
0 5465 11 0
0 5465 12 0
0 5465 13 0
0 5465 14 0
0 5465 15 0
0 5465 0 0
0 2730 1 0
0 2730 2 0
0 2730 3 0
0 2730 4 0
0 2730 5 0
0 2730 6 0
0 33674 7 0
0 33674 8 0
0 33674 9 0
0 33674 10 0
0 33674 11 0
0 33674 12 0
0 14416 13 0
0 14416 14 0
0 14416 15 0
0 14416 0 0
0 14416 1 0
0 14416 2 0
0 50554 3 0
0 50554 4 0
0 50554 5 0
0 50554 6 0
0 50554 7 0
0 50554 8 0
0 56693 9 0
0 56693 10 0
0 56693 11 0
0 56693 12 0
0 56693 13 0
0 56693 14 0
0 51503 15 0
0 51503 0 0
0 51503 1 0
0 51503 2 0
0 51503 3 0
0 51503 4 0
0 55185 5 0
0 55185 6 0
0 55185 7 0
0 55185 8 0
0 55185 9 0
0 55185 10 0
0 4654 11 0
0 4654 12 0
0 4654 13 0
0 4654 14 0
0 4654 15 0
0 4654 0 0
0 13579 1 0
0 13579 2 0
0 13579 3 0
0 13579 4 0
0 13579 5 0
0 13579 6 0
0 21943 7 0
0 21943 8 0
0 21943 9 0
0 21943 10 0
0 21943 11 0
0 21943 12 0
0 57234 13 0
0 57234 14 0
0 57234 15 0
0 57234 0 0
0 57234 1 0
0 57234 2 0
0 11422 3 0
0 11422 4 0
0 11422 5 0
0 11422 6 0
0 11422 7 0
0 11422 8 0
0 9092 9 0
0 9092 10 0
0 9092 11 0
0 9092 12 0
0 9092 13 0
0 9092 14 0
0 60018 15 0
0 60018 0 0
0 60018 1 0
0 60018 2 0
0 60018 3 0
0 60018 4 0
0 6052 5 0
0 6052 6 0
0 6052 7 0
0 6052 8 0
0 6052 9 0
0 6052 10 0
0 51873 11 0
0 51873 12 0
0 51873 13 0
0 51873 14 0
0 51873 15 0
0 51873 0 0
0 48914 1 0
0 48914 2 0
0 48914 3 0
0 48914 4 0
0 48914 5 0
0 48914 6 0
0 6262 7 0
0 6262 8 0
0 6262 9 0
0 6262 10 0
0 6262 11 0
0 6262 12 0
0 51628 13 0
0 51628 14 0
0 51628 15 0
0 51628 0 0
0 51628 1 0
0 51628 2 0
0 32840 3 0
0 32840 4 0
0 32840 5 0
0 32840 6 0
0 32840 7 0
0 32840 8 0
0 25395 9 0
0 25395 10 0
0 25395 11 0
0 25395 12 0
0 25395 13 0
0 25395 14 0
0 19432 15 0
0 19432 0 0
0 19432 1 0
0 19432 2 0
0 19432 3 0
0 19432 4 0
0 30518 5 0
0 30518 6 0
0 30518 7 0
0 30518 8 0
0 30518 9 0
0 30518 10 0
0 35712 11 0
0 35712 12 0
0 35712 13 0
0 35712 14 0
0 35712 15 0
0 35712 0 0
0 5946 1 0
0 5946 2 0
0 5946 3 0
0 5946 4 0
0 5946 5 0
0 5946 6 0
0 504 7 0
0 504 8 0
0 504 9 0
0 504 10 0
0 504 11 0
0 504 12 0
0 1517 13 0
0 1517 14 0
0 1517 15 0
0 1517 0 0
0 1517 1 0
0 1517 2 0
0 7029 3 0
0 7029 4 0
0 7029 5 0
0 7029 6 0
0 7029 7 0
0 7029 8 0
0 41952 9 0
0 41952 10 0
0 41952 11 0
0 41952 12 0
0 41952 13 0
0 41952 14 0
0 3071 15 0
0 3071 0 0
0 3071 1 0
0 3071 2 0
0 3071 3 0
0 3071 4 0
0 3969 5 0
0 3969 6 0
0 3969 7 0
0 3969 8 0
0 3969 9 0
0 3969 10 0
0 56631 11 0
0 56631 12 0
0 56631 13 0
0 56631 14 0
0 56631 15 0
0 56631 0 0
0 50895 1 0
0 50895 2 0
0 50895 3 0
0 50895 4 0
0 50895 5 0
0 50895 6 0
0 57482 7 0
0 57482 8 0
0 57482 9 0
0 57482 10 0
0 57482 11 0
0 57482 12 0
0 57249 13 0
0 57249 14 0
0 57249 15 0
0 57249 0 0
0 57249 1 0
0 57249 2 0
0 51459 3 0
0 51459 4 0
0 51459 5 0
0 51459 6 0
0 51459 7 0
0 51459 8 0
0 42721 9 0
0 42721 10 0
0 42721 11 0
0 42721 12 0
0 42721 13 0
0 42721 14 0
0 35912 15 0
0 35912 0 0
0 35912 1 0
0 35912 2 0
0 35912 3 0
0 35912 4 0
0 20684 5 0
0 20684 6 0
0 20684 7 0
0 20684 8 0
0 20684 9 0
0 20684 10 0
0 38230 11 0
0 38230 12 0
0 38230 13 0
0 38230 14 0
0 38230 15 0
0 38230 0 0
0 36136 1 0
0 36136 2 0
0 36136 3 0
0 36136 4 0
0 36136 5 0
0 36136 6 0
0 27862 7 0
0 27862 8 0
0 27862 9 0
0 27862 10 0
0 27862 11 0
0 27862 12 0
0 38596 13 0
0 38596 14 0
0 38596 15 0
0 38596 0 0
0 38596 1 0
0 38596 2 0
0 26554 3 0
0 26554 4 0
0 26554 5 0
0 26554 6 0
0 26554 7 0
0 26554 8 0
0 65509 9 0
0 65509 10 0
0 65509 11 0
0 65509 12 0
0 65509 13 0
0 65509 14 0
0 34839 15 0
0 34839 0 0
0 34839 1 0
0 34839 2 0
0 34839 3 0
0 34839 4 0
0 14588 5 0
0 14588 6 0
0 14588 7 0
0 14588 8 0
0 14588 9 0
0 14588 10 0
0 15219 11 0
0 15219 12 0
0 15219 13 0
0 15219 14 0
0 15219 15 0
0 15219 0 0
0 30393 1 0
0 30393 2 0
0 30393 3 0
0 30393 4 0
0 30393 5 0
0 30393 6 0
0 29340 7 0
0 29340 8 0
0 29340 9 0
0 29340 10 0
0 29340 11 0
0 29340 12 0
0 4411 13 0
0 4411 14 0
0 4411 15 0
0 4411 0 0
0 4411 1 0
0 4411 2 0
0 13618 3 0
0 13618 4 0
0 13618 5 0
0 13618 6 0
0 13618 7 0
0 13618 8 0
0 41125 9 0
0 41125 10 0
0 41125 11 0
0 41125 12 0
0 41125 13 0
0 41125 14 0
0 7223 15 0
0 7223 0 0
0 7223 1 0
0 7223 2 0
0 7223 3 0
0 7223 4 0
0 51221 5 0
0 51221 6 0
0 51221 7 0
0 51221 8 0
0 51221 9 0
0 51221 10 0
0 38632 11 0
0 38632 12 0
0 38632 13 0
0 38632 14 0
0 38632 15 0
0 38632 0 0
0 39972 1 0
0 39972 2 0
0 39972 3 0
0 39972 4 0
0 39972 5 0
0 39972 6 0
0 58829 7 0
0 58829 8 0
0 58829 9 0
0 58829 10 0
0 58829 11 0
0 58829 12 0
0 36988 13 0
0 36988 14 0
0 36988 15 0
0 36988 0 0
0 36988 1 0
0 36988 2 0
0 30994 3 0
0 30994 4 0
0 30994 5 0
0 30994 6 0
0 30994 7 0
0 30994 8 0
0 3823 9 0
0 3823 10 0
0 3823 11 0
0 3823 12 0
0 3823 13 0
0 3823 14 0
0 25227 15 0
0 25227 0 0
0 25227 1 0
0 25227 2 0
0 25227 3 0
0 25227 4 0
0 22389 5 0
0 22389 6 0
0 22389 7 0
0 22389 8 0
0 22389 9 0
0 22389 10 0
0 102 11 0
0 102 12 0
0 102 13 0
0 102 14 0
0 102 15 0
0 102 0 0
0 55754 1 0
0 55754 2 0
0 55754 3 0
0 55754 4 0
0 55754 5 0
0 55754 6 0
0 22451 7 0
0 22451 8 0
0 22451 9 0
0 22451 10 0
0 22451 11 0
0 22451 12 0
0 63741 13 0
0 63741 14 0
0 63741 15 0
0 63741 0 0
0 63741 1 0
0 63741 2 0
0 42169 3 0
0 42169 4 0
0 42169 5 0
0 42169 6 0
0 42169 7 0
0 42169 8 0
0 49731 9 0
0 49731 10 0
0 49731 11 0
0 49731 12 0
0 49731 13 0
0 49731 14 0
0 49706 15 0
0 49706 0 0
0 49706 1 0
0 49706 2 0
0 49706 3 0
0 49706 4 0
0 2744 5 0
0 2744 6 0
0 2744 7 0
0 2744 8 0
0 2744 9 0
0 2744 10 0
0 5965 11 0
0 5965 12 0
0 5965 13 0
0 5965 14 0
0 5965 15 0
0 5965 0 0
0 36456 1 0
0 36456 2 0
0 36456 3 0
0 36456 4 0
0 36456 5 0
0 36456 6 0
0 55211 7 0
0 55211 8 0
0 55211 9 0
0 55211 10 0
0 55211 11 0
0 55211 12 0
0 833 13 0
0 833 14 0
0 833 15 0
0 833 0 0
0 833 1 0
0 833 2 0
0 28018 3 0
0 28018 4 0
0 28018 5 0
0 28018 6 0
0 28018 7 0
0 28018 8 0
0 19727 9 0
0 19727 10 0
0 19727 11 0
0 19727 12 0
0 19727 13 0
0 19727 14 0
0 5161 15 0
0 5161 0 0
0 5161 1 0
0 5161 2 0
0 5161 3 0
0 5161 4 0
0 46824 5 0
0 46824 6 0
0 46824 7 0
0 46824 8 0
0 46824 9 0
0 46824 10 0
0 38493 11 0
0 38493 12 0
0 38493 13 0
0 38493 14 0
0 38493 15 0
0 38493 0 0
0 35442 1 0
0 35442 2 0
0 35442 3 0
0 35442 4 0
0 35442 5 0
0 35442 6 0
0 30299 7 0
0 30299 8 0
0 30299 9 0
0 30299 10 0
0 30299 11 0
0 30299 12 0
0 26517 13 0
0 26517 14 0
0 26517 15 0
