0 0 0 0
0 0 1 0
0 0 2 0
0 0 3 0
0 0 4 0
0 12967 5 0
0 12967 6 0
0 12967 7 0
0 12967 8 0
0 12967 9 0
0 12967 10 0
0 2156 11 0
0 2156 12 0
0 2156 13 0
0 2156 14 0
0 2156 15 0
0 2156 0 0
0 57584 1 0
0 57584 2 0
0 57584 3 0
0 57584 4 0
0 57584 5 0
0 57584 6 0
0 6377 7 0
0 6377 8 0
0 6377 9 0
0 6377 10 0
0 6377 11 0
0 6377 12 0
0 43109 13 0
0 43109 14 0
0 43109 15 0
0 43109 0 0
0 43109 1 0
0 43109 2 0
0 15766 3 0
0 15766 4 0
0 15766 5 0
0 15766 6 0
0 15766 7 0
0 15766 8 0
0 27069 9 0
0 27069 10 0
0 27069 11 0
0 27069 12 0
0 27069 13 0
0 27069 14 0
0 16860 15 0
0 16860 0 0
0 16860 1 0
0 16860 2 0
0 16860 3 0
0 16860 4 0
0 24035 5 0
0 24035 6 0
0 24035 7 0
0 24035 8 0
0 24035 9 0
0 24035 10 0
0 12496 11 0
0 12496 12 0
0 12496 13 0
0 12496 14 0
0 12496 15 0
0 12496 0 0
0 15357 1 0
0 15357 2 0
0 15357 3 0
0 15357 4 0
0 15357 5 0
0 15357 6 0
0 46706 7 0
0 46706 8 0
0 46706 9 0
0 46706 10 0
0 46706 11 0
0 46706 12 0
0 37254 13 0
0 37254 14 0
0 37254 15 0
0 37254 0 0
0 37254 1 0
0 37254 2 0
0 18077 3 0
0 18077 4 0
0 18077 5 0
0 18077 6 0
0 18077 7 0
0 18077 8 0
0 36269 9 0
0 36269 10 0
0 36269 11 0
0 36269 12 0
0 36269 13 0
0 36269 14 0
0 33238 15 0
0 33238 0 0
0 33238 1 0
0 33238 2 0
0 33238 3 0
0 33238 4 0
0 4335 5 0
0 4335 6 0
0 4335 7 0
0 4335 8 0
0 4335 9 0
0 4335 10 0
0 45249 11 0
0 45249 12 0
0 45249 13 0
0 45249 14 0
0 45249 15 0
0 45249 0 0
0 49829 1 0
0 49829 2 0
0 49829 3 0
0 49829 4 0
0 49829 5 0
0 49829 6 0
0 60879 7 0
0 60879 8 0
0 60879 9 0
0 60879 10 0
0 60879 11 0
0 60879 12 0
0 41172 13 0
0 41172 14 0
0 41172 15 0
0 41172 0 0
0 41172 1 0
0 41172 2 0
0 20180 3 0
0 20180 4 0
0 20180 5 0
0 20180 6 0
0 20180 7 0
0 20180 8 0
0 22875 9 0
0 22875 10 0
0 22875 11 0
0 22875 12 0
0 22875 13 0
0 22875 14 0
0 18581 15 0
0 18581 0 0
0 18581 1 0
0 18581 2 0
0 18581 3 0
0 18581 4 0
0 55484 5 0
0 55484 6 0
0 55484 7 0
0 55484 8 0
0 55484 9 0
0 55484 10 0
0 25798 11 0
0 25798 12 0
0 25798 13 0
0 25798 14 0
0 25798 15 0
0 25798 0 0
0 32062 1 0
0 32062 2 0
0 32062 3 0
0 32062 4 0
0 32062 5 0
0 32062 6 0
0 11616 7 0
0 11616 8 0
0 11616 9 0
0 11616 10 0
0 11616 11 0
0 11616 12 0
0 18045 13 0
0 18045 14 0
0 18045 15 0
0 18045 0 0
0 18045 1 0
0 18045 2 0
0 61992 3 0
0 61992 4 0
0 61992 5 0
0 61992 6 0
0 61992 7 0
0 61992 8 0
0 35364 9 0
0 35364 10 0
0 35364 11 0
0 35364 12 0
0 35364 13 0
0 35364 14 0
0 11960 15 0
0 11960 0 0
0 11960 1 0
0 11960 2 0
0 11960 3 0
0 11960 4 0
0 23912 5 0
0 23912 6 0
0 23912 7 0
0 23912 8 0
0 23912 9 0
0 23912 10 0
0 3284 11 0
0 3284 12 0
0 3284 13 0
0 3284 14 0
0 3284 15 0
0 3284 0 0
0 19922 1 0
0 19922 2 0
0 19922 3 0
0 19922 4 0
0 19922 5 0
0 19922 6 0
0 40761 7 0
0 40761 8 0
0 40761 9 0
0 40761 10 0
0 40761 11 0
0 40761 12 0
0 65129 13 0
0 65129 14 0
0 65129 15 0
0 65129 0 0
0 65129 1 0
0 65129 2 0
0 31700 3 0
0 31700 4 0
0 31700 5 0
0 31700 6 0
0 31700 7 0
0 31700 8 0
0 24212 9 0
0 24212 10 0
0 24212 11 0
0 24212 12 0
0 24212 13 0
0 24212 14 0
0 48994 15 0
0 48994 0 0
0 48994 1 0
0 48994 2 0
0 48994 3 0
0 48994 4 0
0 6679 5 0
0 6679 6 0
0 6679 7 0
0 6679 8 0
0 6679 9 0
0 6679 10 0
0 30732 11 0
0 30732 12 0
0 30732 13 0
0 30732 14 0
0 30732 15 0
0 30732 0 0
0 57159 1 0
0 57159 2 0
0 57159 3 0
0 57159 4 0
0 57159 5 0
0 57159 6 0
0 64553 7 0
0 64553 8 0
0 64553 9 0
0 64553 10 0
0 64553 11 0
0 64553 12 0
0 4082 13 0
0 4082 14 0
0 4082 15 0
0 4082 0 0
0 4082 1 0
0 4082 2 0
0 1074 3 0
0 1074 4 0
0 1074 5 0
0 1074 6 0
0 1074 7 0
0 1074 8 0
0 14260 9 0
0 14260 10 0
0 14260 11 0
0 14260 12 0
0 14260 13 0
0 14260 14 0
0 29283 15 0
0 29283 0 0
0 29283 1 0
0 29283 2 0
0 29283 3 0
0 29283 4 0
0 6903 5 0
0 6903 6 0
0 6903 7 0
0 6903 8 0
0 6903 9 0
0 6903 10 0
0 2339 11 0
0 2339 12 0
0 2339 13 0
0 2339 14 0
0 2339 15 0
0 2339 0 0
0 47288 1 0
0 47288 2 0
0 47288 3 0
0 47288 4 0
0 47288 5 0
0 47288 6 0
0 28318 7 0
0 28318 8 0
0 28318 9 0
0 28318 10 0
0 28318 11 0
0 28318 12 0
0 6993 13 0
0 6993 14 0
0 6993 15 0
0 6993 0 0
0 6993 1 0
0 6993 2 0
0 61795 3 0
0 61795 4 0
0 61795 5 0
0 61795 6 0
0 61795 7 0
0 61795 8 0
0 6387 9 0
0 6387 10 0
0 6387 11 0
0 6387 12 0
0 6387 13 0
0 6387 14 0
0 32099 15 0
0 32099 0 0
0 32099 1 0
0 32099 2 0
0 32099 3 0
0 32099 4 0
0 33732 5 0
0 33732 6 0
0 33732 7 0
0 33732 8 0
0 33732 9 0
0 33732 10 0
0 17560 11 0
0 17560 12 0
0 17560 13 0
0 17560 14 0
0 17560 15 0
0 17560 0 0
0 43662 1 0
0 43662 2 0
0 43662 3 0
0 43662 4 0
0 43662 5 0
0 43662 6 0
0 39764 7 0
0 39764 8 0
0 39764 9 0
0 39764 10 0
0 39764 11 0
0 39764 12 0
0 29065 13 0
0 29065 14 0
0 29065 15 0
0 29065 0 0
0 29065 1 0
0 29065 2 0
0 57633 3 0
0 57633 4 0
0 57633 5 0
0 57633 6 0
0 57633 7 0
0 57633 8 0
0 810 9 0
0 810 10 0
0 810 11 0
0 810 12 0
0 810 13 0
0 810 14 0
0 1234 15 0
0 1234 0 0
0 1234 1 0
0 1234 2 0
0 1234 3 0
0 1234 4 0
0 33703 5 0
0 33703 6 0
0 33703 7 0
0 33703 8 0
0 33703 9 0
0 33703 10 0
0 58648 11 0
0 58648 12 0
0 58648 13 0
0 58648 14 0
0 58648 15 0
0 58648 0 0
0 43596 1 0
0 43596 2 0
0 43596 3 0
0 43596 4 0
0 43596 5 0
0 43596 6 0
0 49232 7 0
0 49232 8 0
0 49232 9 0
0 49232 10 0
0 49232 11 0
0 49232 12 0
0 54323 13 0
0 54323 14 0
0 54323 15 0
0 54323 0 0
0 54323 1 0
0 54323 2 0
0 42921 3 0
0 42921 4 0
0 42921 5 0
0 42921 6 0
0 42921 7 0
0 42921 8 0
0 32934 9 0
0 32934 10 0
0 32934 11 0
0 32934 12 0
0 32934 13 0
0 32934 14 0
0 4178 15 0
0 4178 0 0
0 4178 1 0
0 4178 2 0
0 4178 3 0
0 4178 4 0
0 13617 5 0
0 13617 6 0
0 13617 7 0
0 13617 8 0
0 13617 9 0
0 13617 10 0
0 2322 11 0
0 2322 12 0
0 2322 13 0
0 2322 14 0
0 2322 15 0
0 2322 0 0
0 44639 1 0
0 44639 2 0
0 44639 3 0
0 44639 4 0
0 44639 5 0
0 44639 6 0
0 63262 7 0
0 63262 8 0
0 63262 9 0
0 63262 10 0
0 63262 11 0
0 63262 12 0
0 57722 13 0
0 57722 14 0
0 57722 15 0
0 57722 0 0
0 57722 1 0
0 57722 2 0
0 24095 3 0
0 24095 4 0
0 24095 5 0
0 24095 6 0
0 24095 7 0
0 24095 8 0
0 31948 9 0
0 31948 10 0
0 31948 11 0
0 31948 12 0
0 31948 13 0
0 31948 14 0
0 12717 15 0
0 12717 0 0
0 12717 1 0
0 12717 2 0
0 12717 3 0
0 12717 4 0
0 8315 5 0
0 8315 6 0
0 8315 7 0
0 8315 8 0
0 8315 9 0
0 8315 10 0
0 17217 11 0
0 17217 12 0
0 17217 13 0
0 17217 14 0
0 17217 15 0
0 17217 0 0
0 33516 1 0
0 33516 2 0
0 33516 3 0
0 33516 4 0
0 33516 5 0
0 33516 6 0
0 56045 7 0
0 56045 8 0
0 56045 9 0
0 56045 10 0
0 56045 11 0
0 56045 12 0
0 1899 13 0
0 1899 14 0
0 1899 15 0
0 1899 0 0
0 1899 1 0
0 1899 2 0
0 14732 3 0
0 14732 4 0
0 14732 5 0
0 14732 6 0
0 14732 7 0
0 14732 8 0
0 65148 9 0
0 65148 10 0
0 65148 11 0
0 65148 12 0
0 65148 13 0
0 65148 14 0
0 36748 15 0
0 36748 0 0
0 36748 1 0
0 36748 2 0
0 36748 3 0
0 36748 4 0
0 40218 5 0
0 40218 6 0
0 40218 7 0
0 40218 8 0
0 40218 9 0
0 40218 10 0
0 28835 11 0
0 28835 12 0
0 28835 13 0
0 28835 14 0
0 28835 15 0
0 28835 0 0
0 15487 1 0
0 15487 2 0
0 15487 3 0
0 15487 4 0
0 15487 5 0
0 15487 6 0
0 22336 7 0
0 22336 8 0
0 22336 9 0
0 22336 10 0
0 22336 11 0
0 22336 12 0
0 17342 13 0
0 17342 14 0
0 17342 15 0
0 17342 0 0
0 17342 1 0
0 17342 2 0
0 451 3 0
0 451 4 0
0 451 5 0
0 451 6 0
0 451 7 0
0 451 8 0
0 20913 9 0
0 20913 10 0
0 20913 11 0
0 20913 12 0
0 20913 13 0
0 20913 14 0
0 14332 15 0
0 14332 0 0
0 14332 1 0
0 14332 2 0
0 14332 3 0
0 14332 4 0
0 11883 5 0
0 11883 6 0
0 11883 7 0
0 11883 8 0
0 11883 9 0
0 11883 10 0
0 38731 11 0
0 38731 12 0
0 38731 13 0
0 38731 14 0
0 38731 15 0
0 38731 0 0
0 61433 1 0
0 61433 2 0
0 61433 3 0
0 61433 4 0
0 61433 5 0
0 61433 6 0
0 53169 7 0
0 53169 8 0
0 53169 9 0
0 53169 10 0
0 53169 11 0
0 53169 12 0
0 1344 13 0
0 1344 14 0
0 1344 15 0
0 1344 0 0
0 1344 1 0
0 1344 2 0
0 17564 3 0
0 17564 4 0
0 17564 5 0
0 17564 6 0
0 17564 7 0
0 17564 8 0
0 30168 9 0
0 30168 10 0
0 30168 11 0
0 30168 12 0
0 30168 13 0
0 30168 14 0
0 26923 15 0
0 26923 0 0
0 26923 1 0
0 26923 2 0
0 26923 3 0
0 26923 4 0
0 63235 5 0
0 63235 6 0
0 63235 7 0
0 63235 8 0
0 63235 9 0
0 63235 10 0
0 56090 11 0
0 56090 12 0
0 56090 13 0
0 56090 14 0
0 56090 15 0
0 56090 0 0
0 56035 1 0
0 56035 2 0
0 56035 3 0
0 56035 4 0
0 56035 5 0
0 56035 6 0
0 32792 7 0
0 32792 8 0
0 32792 9 0
0 32792 10 0
0 32792 11 0
0 32792 12 0
0 30774 13 0
0 30774 14 0
0 30774 15 0
0 30774 0 0
0 30774 1 0
0 30774 2 0
0 3096 3 0
0 3096 4 0
0 3096 5 0
0 3096 6 0
0 3096 7 0
0 3096 8 0
0 52479 9 0
0 52479 10 0
0 52479 11 0
0 52479 12 0
0 52479 13 0
0 52479 14 0
0 49524 15 0
0 49524 0 0
0 49524 1 0
0 49524 2 0
0 49524 3 0
0 49524 4 0
0 18925 5 0
0 18925 6 0
0 18925 7 0
0 18925 8 0
0 18925 9 0
0 18925 10 0
0 44285 11 0
0 44285 12 0
0 44285 13 0
0 44285 14 0
0 44285 15 0
0 44285 0 0
0 15138 1 0
0 15138 2 0
0 15138 3 0
0 15138 4 0
0 15138 5 0
0 15138 6 0
0 32333 7 0
0 32333 8 0
0 32333 9 0
0 32333 10 0
0 32333 11 0
0 32333 12 0
0 10210 13 0
0 10210 14 0
0 10210 15 0
0 10210 0 0
0 10210 1 0
0 10210 2 0
0 27254 3 0
0 27254 4 0
0 27254 5 0
0 27254 6 0
0 27254 7 0
0 27254 8 0
0 48044 9 0
0 48044 10 0
0 48044 11 0
0 48044 12 0
0 48044 13 0
0 48044 14 0
0 57255 15 0
0 57255 0 0
0 57255 1 0
0 57255 2 0
0 57255 3 0
0 57255 4 0
0 17869 5 0
0 17869 6 0
0 17869 7 0
0 17869 8 0
0 17869 9 0
0 17869 10 0
0 23518 11 0
0 23518 12 0
0 23518 13 0
0 23518 14 0
0 23518 15 0
0 23518 0 0
0 15319 1 0
0 15319 2 0
0 15319 3 0
0 15319 4 0
0 15319 5 0
0 15319 6 0
0 10524 7 0
0 10524 8 0
0 10524 9 0
0 10524 10 0
0 10524 11 0
0 10524 12 0
0 63146 13 0
0 63146 14 0
0 63146 15 0
0 63146 0 0
0 63146 1 0
0 63146 2 0
0 7039 3 0
0 7039 4 0
0 7039 5 0
0 7039 6 0
0 7039 7 0
0 7039 8 0
0 43309 9 0
0 43309 10 0
0 43309 11 0
0 43309 12 0
0 43309 13 0
0 43309 14 0
0 9481 15 0
0 9481 0 0
0 9481 1 0
0 9481 2 0
0 9481 3 0
0 9481 4 0
0 63969 5 0
0 63969 6 0
0 63969 7 0
0 63969 8 0
0 63969 9 0
0 63969 10 0
0 12207 11 0
0 12207 12 0
0 12207 13 0
0 12207 14 0
0 12207 15 0
0 12207 0 0
0 53124 1 0
0 53124 2 0
0 53124 3 0
0 53124 4 0
0 53124 5 0
0 53124 6 0
0 14131 7 0
0 14131 8 0
0 14131 9 0
0 14131 10 0
0 14131 11 0
0 14131 12 0
0 29173 13 0
0 29173 14 0
0 29173 15 0
0 29173 0 0
0 29173 1 0
0 29173 2 0
0 13069 3 0
0 13069 4 0
0 13069 5 0
0 13069 6 0
0 13069 7 0
0 13069 8 0
0 46091 9 0
0 46091 10 0
0 46091 11 0
0 46091 12 0
0 46091 13 0
0 46091 14 0
0 36919 15 0
0 36919 0 0
0 36919 1 0
0 36919 2 0
0 36919 3 0
0 36919 4 0
0 55278 5 0
0 55278 6 0
0 55278 7 0
0 55278 8 0
0 55278 9 0
0 55278 10 0
0 39790 11 0
0 39790 12 0
0 39790 13 0
0 39790 14 0
0 39790 15 0
0 39790 0 0
0 34565 1 0
0 34565 2 0
0 34565 3 0
0 34565 4 0
0 34565 5 0
0 34565 6 0
0 16672 7 0
0 16672 8 0
0 16672 9 0
0 16672 10 0
0 16672 11 0
0 16672 12 0
0 5384 13 0
0 5384 14 0
0 5384 15 0
0 5384 0 0
0 5384 1 0
0 5384 2 0
0 53530 3 0
0 53530 4 0
0 53530 5 0
0 53530 6 0
0 53530 7 0
0 53530 8 0
0 42591 9 0
0 42591 10 0
0 42591 11 0
0 42591 12 0
0 42591 13 0
0 42591 14 0
0 14667 15 0
0 14667 0 0
0 14667 1 0
0 14667 2 0
0 14667 3 0
0 14667 4 0
0 42980 5 0
0 42980 6 0
0 42980 7 0
0 42980 8 0
0 42980 9 0
0 42980 10 0
0 43340 11 0
0 43340 12 0
0 43340 13 0
0 43340 14 0
0 43340 15 0
0 43340 0 0
0 52612 1 0
0 52612 2 0
0 52612 3 0
0 52612 4 0
0 52612 5 0
0 52612 6 0
0 26159 7 0
0 26159 8 0
0 26159 9 0
0 26159 10 0
0 26159 11 0
0 26159 12 0
0 10635 13 0
0 10635 14 0
0 10635 15 0
0 10635 0 0
0 10635 1 0
0 10635 2 0
0 22921 3 0
0 22921 4 0
0 22921 5 0
0 22921 6 0
0 22921 7 0
0 22921 8 0
0 46167 9 0
0 46167 10 0
0 46167 11 0
0 46167 12 0
0 46167 13 0
0 46167 14 0
0 21474 15 0
0 21474 0 0
0 21474 1 0
0 21474 2 0
0 21474 3 0
0 21474 4 0
0 4672 5 0
0 4672 6 0
0 4672 7 0
0 4672 8 0
0 4672 9 0
0 4672 10 0
0 41432 11 0
0 41432 12 0
0 41432 13 0
0 41432 14 0
0 41432 15 0
0 41432 0 0
0 8194 1 0
0 8194 2 0
0 8194 3 0
0 8194 4 0
0 8194 5 0
0 8194 6 0
0 54669 7 0
0 54669 8 0
0 54669 9 0
0 54669 10 0
0 54669 11 0
0 54669 12 0
0 1126 13 0
0 1126 14 0
0 1126 15 0
0 1126 0 0
0 1126 1 0
0 1126 2 0
0 51867 3 0
0 51867 4 0
0 51867 5 0
0 51867 6 0
0 51867 7 0
0 51867 8 0
0 16597 9 0
0 16597 10 0
0 16597 11 0
0 16597 12 0
0 16597 13 0
0 16597 14 0
0 12629 15 0
0 12629 0 0
0 12629 1 0
0 12629 2 0
0 12629 3 0
0 12629 4 0
0 64003 5 0
0 64003 6 0
0 64003 7 0
0 64003 8 0
0 64003 9 0
0 64003 10 0
0 28540 11 0
0 28540 12 0
0 28540 13 0
0 28540 14 0
0 28540 15 0
0 28540 0 0
0 47943 1 0
0 47943 2 0
0 47943 3 0
0 47943 4 0
0 47943 5 0
0 47943 6 0
0 37527 7 0
0 37527 8 0
0 37527 9 0
0 37527 10 0
0 37527 11 0
0 37527 12 0
0 1219 13 0
0 1219 14 0
0 1219 15 0
0 1219 0 0
0 1219 1 0
0 1219 2 0
0 62433 3 0
0 62433 4 0
0 62433 5 0
0 62433 6 0
0 62433 7 0
0 62433 8 0
0 49877 9 0
0 49877 10 0
0 49877 11 0
0 49877 12 0
0 49877 13 0
0 49877 14 0
0 4218 15 0
0 4218 0 0
0 4218 1 0
0 4218 2 0
0 4218 3 0
0 4218 4 0
0 3419 5 0
0 3419 6 0
0 3419 7 0
0 3419 8 0
0 3419 9 0
0 3419 10 0
0 49636 11 0
0 49636 12 0
0 49636 13 0
0 49636 14 0
0 49636 15 0
0 49636 0 0
0 6580 1 0
0 6580 2 0
0 6580 3 0
0 6580 4 0
0 6580 5 0
0 6580 6 0
0 30859 7 0
0 30859 8 0
0 30859 9 0
0 30859 10 0
0 30859 11 0
0 30859 12 0
0 35905 13 0
0 35905 14 0
0 35905 15 0
0 35905 0 0
0 35905 1 0
0 35905 2 0
0 33353 3 0
0 33353 4 0
0 33353 5 0
0 33353 6 0
0 33353 7 0
0 33353 8 0
0 60759 9 0
0 60759 10 0
0 60759 11 0
0 60759 12 0
0 60759 13 0
0 60759 14 0
0 37560 15 0
0 37560 0 0
0 37560 1 0
0 37560 2 0
0 37560 3 0
0 37560 4 0
0 15027 5 0
0 15027 6 0
0 15027 7 0
0 15027 8 0
0 15027 9 0
0 15027 10 0
0 27639 11 0
0 27639 12 0
0 27639 13 0
0 27639 14 0
0 27639 15 0
0 27639 0 0
0 53603 1 0
0 53603 2 0
0 53603 3 0
0 53603 4 0
0 53603 5 0
0 53603 6 0
0 15801 7 0
0 15801 8 0
0 15801 9 0
0 15801 10 0
0 15801 11 0
0 15801 12 0
0 59435 13 0
0 59435 14 0
0 59435 15 0
0 59435 0 0
0 59435 1 0
0 59435 2 0
0 44126 3 0
0 44126 4 0
0 44126 5 0
0 44126 6 0
0 44126 7 0
0 44126 8 0
0 21941 9 0
0 21941 10 0
0 21941 11 0
0 21941 12 0
0 21941 13 0
0 21941 14 0
0 58604 15 0
0 58604 0 0
0 58604 1 0
0 58604 2 0
0 58604 3 0
0 58604 4 0
0 35922 5 0
0 35922 6 0
0 35922 7 0
0 35922 8 0
0 35922 9 0
0 35922 10 0
0 8666 11 0
0 8666 12 0
0 8666 13 0
0 8666 14 0
0 8666 15 0
0 8666 0 0
0 41472 1 0
0 41472 2 0
0 41472 3 0
0 41472 4 0
0 41472 5 0
0 41472 6 0
0 61623 7 0
0 61623 8 0
0 61623 9 0
0 61623 10 0
0 61623 11 0
0 61623 12 0
0 32207 13 0
0 32207 14 0
0 32207 15 0
0 32207 0 0
0 32207 1 0
0 32207 2 0
0 10723 3 0
0 10723 4 0
0 10723 5 0
0 10723 6 0
0 10723 7 0
0 10723 8 0
0 36811 9 0
0 36811 10 0
0 36811 11 0
0 36811 12 0
0 36811 13 0
0 36811 14 0
0 25325 15 0
0 25325 0 0
0 25325 1 0
0 25325 2 0
0 25325 3 0
0 25325 4 0
0 11868 5 0
0 11868 6 0
0 11868 7 0
0 11868 8 0
0 11868 9 0
0 11868 10 0
0 62575 11 0
0 62575 12 0
0 62575 13 0
0 62575 14 0
0 62575 15 0
0 62575 0 0
0 3588 1 0
0 3588 2 0
0 3588 3 0
0 3588 4 0
0 3588 5 0
0 3588 6 0
0 5322 7 0
0 5322 8 0
0 5322 9 0
0 5322 10 0
0 5322 11 0
0 5322 12 0
0 39725 13 0
0 39725 14 0
0 39725 15 0
0 39725 0 0
0 39725 1 0
0 39725 2 0
0 24828 3 0
0 24828 4 0
0 24828 5 0
0 24828 6 0
0 24828 7 0
0 24828 8 0
0 14409 9 0
0 14409 10 0
0 14409 11 0
0 14409 12 0
0 14409 13 0
0 14409 14 0
0 49207 15 0
0 49207 0 0
0 49207 1 0
0 49207 2 0
0 49207 3 0
0 49207 4 0
0 38365 5 0
0 38365 6 0
0 38365 7 0
0 38365 8 0
0 38365 9 0
0 38365 10 0
0 64381 11 0
0 64381 12 0
0 64381 13 0
0 64381 14 0
0 64381 15 0
0 64381 0 0
0 15553 1 0
0 15553 2 0
0 15553 3 0
0 15553 4 0
0 15553 5 0
0 15553 6 0
0 37088 7 0
0 37088 8 0
0 37088 9 0
0 37088 10 0
0 37088 11 0
0 37088 12 0
0 23064 13 0
0 23064 14 0
0 23064 15 0
0 23064 0 0
0 23064 1 0
0 23064 2 0
0 41194 3 0
0 41194 4 0
0 41194 5 0
0 41194 6 0
0 41194 7 0
0 41194 8 0
0 8165 9 0
0 8165 10 0
0 8165 11 0
0 8165 12 0
0 8165 13 0
0 8165 14 0
0 12431 15 0
0 12431 0 0
0 12431 1 0
0 12431 2 0
0 12431 3 0
0 12431 4 0
0 2417 5 0
0 2417 6 0
0 2417 7 0
0 2417 8 0
0 2417 9 0
0 2417 10 0
0 64514 11 0
0 64514 12 0
0 64514 13 0
0 64514 14 0
0 64514 15 0
0 64514 0 0
0 28077 1 0
0 28077 2 0
0 28077 3 0
0 28077 4 0
0 28077 5 0
0 28077 6 0
0 43294 7 0
0 43294 8 0
0 43294 9 0
0 43294 10 0
0 43294 11 0
0 43294 12 0
0 53586 13 0
0 53586 14 0
0 53586 15 0
0 53586 0 0
0 53586 1 0
0 53586 2 0
0 31726 3 0
0 31726 4 0
0 31726 5 0
0 31726 6 0
0 31726 7 0
0 31726 8 0
0 2933 9 0
0 2933 10 0
0 2933 11 0
0 2933 12 0
0 2933 13 0
0 2933 14 0
0 31825 15 0
0 31825 0 0
0 31825 1 0
0 31825 2 0
0 31825 3 0
0 31825 4 0
0 30932 5 0
0 30932 6 0
0 30932 7 0
0 30932 8 0
0 30932 9 0
0 30932 10 0
0 63927 11 0
0 63927 12 0
0 63927 13 0
0 63927 14 0
0 63927 15 0
0 63927 0 0
0 63112 1 0
0 63112 2 0
0 63112 3 0
0 63112 4 0
0 63112 5 0
0 63112 6 0
0 43236 7 0
0 43236 8 0
0 43236 9 0
0 43236 10 0
0 43236 11 0
0 43236 12 0
0 24242 13 0
0 24242 14 0
0 24242 15 0
0 24242 0 0
0 24242 1 0
0 24242 2 0
0 42523 3 0
0 42523 4 0
0 42523 5 0
0 42523 6 0
0 42523 7 0
0 42523 8 0
0 31233 9 0
0 31233 10 0
0 31233 11 0
0 31233 12 0
0 31233 13 0
0 31233 14 0
0 63055 15 0
0 63055 0 0
0 63055 1 0
0 63055 2 0
0 63055 3 0
0 63055 4 0
0 7374 5 0
0 7374 6 0
0 7374 7 0
0 7374 8 0
0 7374 9 0
0 7374 10 0
0 43994 11 0
0 43994 12 0
0 43994 13 0
0 43994 14 0
0 43994 15 0
0 43994 0 0
0 7063 1 0
0 7063 2 0
0 7063 3 0
0 7063 4 0
0 7063 5 0
0 7063 6 0
0 3736 7 0
0 3736 8 0
0 3736 9 0
0 3736 10 0
0 3736 11 0
0 3736 12 0
0 43430 13 0
0 43430 14 0
0 43430 15 0
0 43430 0 0
0 43430 1 0
0 43430 2 0
0 2050 3 0
0 2050 4 0
0 2050 5 0
0 2050 6 0
0 2050 7 0
0 2050 8 0
0 64838 9 0
0 64838 10 0
0 64838 11 0
0 64838 12 0
0 64838 13 0
0 64838 14 0
0 55735 15 0
0 55735 0 0
0 55735 1 0
0 55735 2 0
0 55735 3 0
0 55735 4 0
0 38689 5 0
0 38689 6 0
0 38689 7 0
0 38689 8 0
0 38689 9 0
0 38689 10 0
0 2212 11 0
0 2212 12 0
0 2212 13 0
0 2212 14 0
0 2212 15 0
0 2212 0 0
0 9433 1 0
0 9433 2 0
0 9433 3 0
0 9433 4 0
0 9433 5 0
0 9433 6 0
0 11053 7 0
0 11053 8 0
0 11053 9 0
0 11053 10 0
0 11053 11 0
0 11053 12 0
0 55822 13 0
0 55822 14 0
0 55822 15 0
0 55822 0 0
0 55822 1 0
0 55822 2 0
0 2287 3 0
0 2287 4 0
0 2287 5 0
0 2287 6 0
0 2287 7 0
0 2287 8 0
0 35679 9 0
0 35679 10 0
0 35679 11 0
0 35679 12 0
0 35679 13 0
0 35679 14 0
0 3312 15 0
0 3312 0 0
0 3312 1 0
0 3312 2 0
0 3312 3 0
0 3312 4 0
0 1877 5 0
0 1877 6 0
0 1877 7 0
0 1877 8 0
0 1877 9 0
0 1877 10 0
0 28927 11 0
0 28927 12 0
0 28927 13 0
0 28927 14 0
0 28927 15 0
0 28927 0 0
0 5609 1 0
0 5609 2 0
0 5609 3 0
0 5609 4 0
0 5609 5 0
0 5609 6 0
0 43145 7 0
0 43145 8 0
0 43145 9 0
0 43145 10 0
0 43145 11 0
0 43145 12 0
0 3288 13 0
0 3288 14 0
0 3288 15 0
0 3288 0 0
0 3288 1 0
0 3288 2 0
0 34457 3 0
0 34457 4 0
0 34457 5 0
0 34457 6 0
0 34457 7 0
0 34457 8 0
0 64591 9 0
0 64591 10 0
0 64591 11 0
0 64591 12 0
0 64591 13 0
0 64591 14 0
0 53710 15 0
0 53710 0 0
0 53710 1 0
0 53710 2 0
0 53710 3 0
0 53710 4 0
0 33964 5 0
0 33964 6 0
0 33964 7 0
0 33964 8 0
0 33964 9 0
0 33964 10 0
0 3728 11 0
0 3728 12 0
0 3728 13 0
0 3728 14 0
0 3728 15 0
0 3728 0 0
0 63513 1 0
0 63513 2 0
0 63513 3 0
0 63513 4 0
0 63513 5 0
0 63513 6 0
0 36785 7 0
0 36785 8 0
0 36785 9 0
0 36785 10 0
0 36785 11 0
0 36785 12 0
0 56992 13 0
0 56992 14 0
0 56992 15 0
0 56992 0 0
0 56992 1 0
0 56992 2 0
0 64902 3 0
0 64902 4 0
0 64902 5 0
0 64902 6 0
0 64902 7 0
0 64902 8 0
0 65010 9 0
0 65010 10 0
0 65010 11 0
0 65010 12 0
0 65010 13 0
0 65010 14 0
0 53230 15 0
0 53230 0 0
0 53230 1 0
0 53230 2 0
0 53230 3 0
0 53230 4 0
0 53697 5 0
0 53697 6 0
0 53697 7 0
0 53697 8 0
0 53697 9 0
0 53697 10 0
0 28613 11 0
0 28613 12 0
0 28613 13 0
0 28613 14 0
0 28613 15 0
0 28613 0 0
0 40870 1 0
0 40870 2 0
0 40870 3 0
0 40870 4 0
0 40870 5 0
0 40870 6 0
0 62163 7 0
0 62163 8 0
0 62163 9 0
0 62163 10 0
0 62163 11 0
0 62163 12 0
0 46764 13 0
0 46764 14 0
0 46764 15 0
0 46764 0 0
0 46764 1 0
0 46764 2 0
0 46828 3 0
0 46828 4 0
0 46828 5 0
0 46828 6 0
0 46828 7 0
0 46828 8 0
0 22917 9 0
0 22917 10 0
0 22917 11 0
0 22917 12 0
0 22917 13 0
0 22917 14 0
0 45777 15 0
0 45777 0 0
0 45777 1 0
0 45777 2 0
0 45777 3 0
0 45777 4 0
0 29550 5 0
0 29550 6 0
0 29550 7 0
0 29550 8 0
0 29550 9 0
0 29550 10 0
0 7395 11 0
0 7395 12 0
0 7395 13 0
0 7395 14 0
0 7395 15 0
0 7395 0 0
0 15389 1 0
0 15389 2 0
0 15389 3 0
0 15389 4 0
0 15389 5 0
0 15389 6 0
0 3445 7 0
0 3445 8 0
0 3445 9 0
0 3445 10 0
0 3445 11 0
0 3445 12 0
0 45157 13 0
0 45157 14 0
0 45157 15 0
0 45157 0 0
0 45157 1 0
0 45157 2 0
0 19845 3 0
0 19845 4 0
0 19845 5 0
0 19845 6 0
0 19845 7 0
0 19845 8 0
0 47255 9 0
0 47255 10 0
0 47255 11 0
0 47255 12 0
0 47255 13 0
0 47255 14 0
0 38476 15 0
0 38476 0 0
0 38476 1 0
0 38476 2 0
0 38476 3 0
0 38476 4 0
0 50872 5 0
0 50872 6 0
0 50872 7 0
0 50872 8 0
0 50872 9 0
0 50872 10 0
0 60229 11 0
0 60229 12 0
0 60229 13 0
0 60229 14 0
0 60229 15 0
0 60229 0 0
0 58750 1 0
0 58750 2 0
0 58750 3 0
0 58750 4 0
0 58750 5 0
0 58750 6 0
0 63694 7 0
0 63694 8 0
0 63694 9 0
0 63694 10 0
0 63694 11 0
0 63694 12 0
0 3467 13 0
0 3467 14 0
0 3467 15 0
0 3467 0 0
0 3467 1 0
0 3467 2 0
0 15928 3 0
0 15928 4 0
0 15928 5 0
0 15928 6 0
0 15928 7 0
0 15928 8 0
0 55276 9 0
0 55276 10 0
0 55276 11 0
0 55276 12 0
0 55276 13 0
0 55276 14 0
0 3085 15 0
0 3085 0 0
0 3085 1 0
0 3085 2 0
0 3085 3 0
0 3085 4 0
0 48525 5 0
0 48525 6 0
0 48525 7 0
0 48525 8 0
0 48525 9 0
0 48525 10 0
0 40138 11 0
0 40138 12 0
0 40138 13 0
0 40138 14 0
0 40138 15 0
0 40138 0 0
0 43739 1 0
0 43739 2 0
0 43739 3 0
0 43739 4 0
0 43739 5 0
0 43739 6 0
0 54680 7 0
0 54680 8 0
0 54680 9 0
0 54680 10 0
0 54680 11 0
0 54680 12 0
0 7303 13 0
0 7303 14 0
0 7303 15 0
0 7303 0 0
0 7303 1 0
0 7303 2 0
0 6464 3 0
0 6464 4 0
0 6464 5 0
0 6464 6 0
0 6464 7 0
0 6464 8 0
0 39440 9 0
0 39440 10 0
0 39440 11 0
0 39440 12 0
0 39440 13 0
0 39440 14 0
0 19691 15 0
0 19691 0 0
0 19691 1 0
0 19691 2 0
0 19691 3 0
0 19691 4 0
0 36391 5 0
0 36391 6 0
0 36391 7 0
0 36391 8 0
0 36391 9 0
0 36391 10 0
0 64161 11 0
0 64161 12 0
0 64161 13 0
0 64161 14 0
0 64161 15 0
0 64161 0 0
0 44053 1 0
0 44053 2 0
0 44053 3 0
0 44053 4 0
0 44053 5 0
0 44053 6 0
0 26784 7 0
0 26784 8 0
0 26784 9 0
0 26784 10 0
0 26784 11 0
0 26784 12 0
0 29704 13 0
0 29704 14 0
0 29704 15 0
0 29704 0 0
0 29704 1 0
0 29704 2 0
0 5703 3 0
0 5703 4 0
0 5703 5 0
0 5703 6 0
0 5703 7 0
0 5703 8 0
0 1688 9 0
0 1688 10 0
0 1688 11 0
0 1688 12 0
0 1688 13 0
0 1688 14 0
0 46353 15 0
0 46353 0 0
0 46353 1 0
0 46353 2 0
0 46353 3 0
0 46353 4 0
0 18887 5 0
0 18887 6 0
0 18887 7 0
0 18887 8 0
0 18887 9 0
0 18887 10 0
0 59324 11 0
0 59324 12 0
0 59324 13 0
0 59324 14 0
0 59324 15 0
0 59324 0 0
0 54529 1 0
0 54529 2 0
0 54529 3 0
0 54529 4 0
0 54529 5 0
0 54529 6 0
0 28429 7 0
0 28429 8 0
0 28429 9 0
0 28429 10 0
0 28429 11 0
0 28429 12 0
0 20303 13 0
0 20303 14 0
0 20303 15 0
0 20303 0 0
0 20303 1 0
0 20303 2 0
0 52319 3 0
0 52319 4 0
0 52319 5 0
0 52319 6 0
0 52319 7 0
0 52319 8 0
0 55622 9 0
0 55622 10 0
0 55622 11 0
0 55622 12 0
0 55622 13 0
0 55622 14 0
0 641 15 0
0 641 0 0
0 641 1 0
0 641 2 0
0 641 3 0
0 641 4 0
0 29951 5 0
0 29951 6 0
0 29951 7 0
0 29951 8 0
0 29951 9 0
0 29951 10 0
0 54949 11 0
0 54949 12 0
0 54949 13 0
0 54949 14 0
0 54949 15 0
0 54949 0 0
0 2122 1 0
0 2122 2 0
0 2122 3 0
0 2122 4 0
0 2122 5 0
0 2122 6 0
0 29564 7 0
0 29564 8 0
0 29564 9 0
0 29564 10 0
0 29564 11 0
0 29564 12 0
0 31784 13 0
0 31784 14 0
0 31784 15 0
0 31784 0 0
0 31784 1 0
0 31784 2 0
0 43507 3 0
0 43507 4 0
0 43507 5 0
0 43507 6 0
0 43507 7 0
0 43507 8 0
0 64066 9 0
0 64066 10 0
0 64066 11 0
0 64066 12 0
0 64066 13 0
0 64066 14 0
0 15916 15 0
0 15916 0 0
0 15916 1 0
0 15916 2 0
0 15916 3 0
0 15916 4 0
0 20541 5 0
0 20541 6 0
0 20541 7 0
0 20541 8 0
0 20541 9 0
0 20541 10 0
0 34683 11 0
0 34683 12 0
0 34683 13 0
0 34683 14 0
0 34683 15 0
0 34683 0 0
0 63484 1 0
0 63484 2 0
0 63484 3 0
0 63484 4 0
0 63484 5 0
0 63484 6 0
0 64399 7 0
0 64399 8 0
0 64399 9 0
0 64399 10 0
0 64399 11 0
0 64399 12 0
0 42649 13 0
0 42649 14 0
0 42649 15 0
0 42649 0 0
0 42649 1 0
0 42649 2 0
0 37935 3 0
0 37935 4 0
0 37935 5 0
0 37935 6 0
0 37935 7 0
0 37935 8 0
0 56530 9 0
0 56530 10 0
0 56530 11 0
0 56530 12 0
0 56530 13 0
0 56530 14 0
0 45509 15 0
0 45509 0 0
0 45509 1 0
0 45509 2 0
0 45509 3 0
0 45509 4 0
0 16398 5 0
0 16398 6 0
0 16398 7 0
0 16398 8 0
0 16398 9 0
0 16398 10 0
0 60589 11 0
0 60589 12 0
0 60589 13 0
0 60589 14 0
0 60589 15 0
0 60589 0 0
0 42929 1 0
0 42929 2 0
0 42929 3 0
0 42929 4 0
0 42929 5 0
0 42929 6 0
0 43417 7 0
0 43417 8 0
0 43417 9 0
0 43417 10 0
0 43417 11 0
0 43417 12 0
0 14781 13 0
0 14781 14 0
0 14781 15 0
0 14781 0 0
0 14781 1 0
0 14781 2 0
0 65416 3 0
0 65416 4 0
0 65416 5 0
0 65416 6 0
0 65416 7 0
0 65416 8 0
0 16630 9 0
0 16630 10 0
0 16630 11 0
0 16630 12 0
0 16630 13 0
0 16630 14 0
0 18972 15 0
0 18972 0 0
0 18972 1 0
0 18972 2 0
0 18972 3 0
0 18972 4 0
0 38785 5 0
0 38785 6 0
0 38785 7 0
0 38785 8 0
0 38785 9 0
0 38785 10 0
0 39811 11 0
0 39811 12 0
0 39811 13 0
0 39811 14 0
0 39811 15 0
0 39811 0 0
0 52312 1 0
0 52312 2 0
0 52312 3 0
0 52312 4 0
0 52312 5 0
0 52312 6 0
0 22415 7 0
0 22415 8 0
0 22415 9 0
0 22415 10 0
0 22415 11 0
0 22415 12 0
0 26211 13 0
0 26211 14 0
0 26211 15 0
