0 0 0 0
0 0 1 0
0 0 2 0
0 0 3 0
0 0 4 0
0 35363 5 0
0 35363 6 0
0 35363 7 0
0 35363 8 0
0 35363 9 0
0 35363 10 0
0 34391 11 0
0 34391 12 0
0 34391 13 0
0 34391 14 0
0 34391 15 0
0 34391 0 0
0 17512 1 0
0 17512 2 0
0 17512 3 0
0 17512 4 0
0 17512 5 0
0 17512 6 0
0 23406 7 0
0 23406 8 0
0 23406 9 0
0 23406 10 0
0 23406 11 0
0 23406 12 0
0 42465 13 0
0 42465 14 0
0 42465 15 0
0 42465 0 0
0 42465 1 0
0 42465 2 0
0 43146 3 0
0 43146 4 0
0 43146 5 0
0 43146 6 0
0 43146 7 0
0 43146 8 0
0 22011 9 0
0 22011 10 0
0 22011 11 0
0 22011 12 0
0 22011 13 0
0 22011 14 0
0 48321 15 0
0 48321 0 0
0 48321 1 0
0 48321 2 0
0 48321 3 0
0 48321 4 0
0 64235 5 0
0 64235 6 0
0 64235 7 0
0 64235 8 0
0 64235 9 0
0 64235 10 0
0 36610 11 0
0 36610 12 0
0 36610 13 0
0 36610 14 0
0 36610 15 0
0 36610 0 0
0 48561 1 0
0 48561 2 0
0 48561 3 0
0 48561 4 0
0 48561 5 0
0 48561 6 0
0 37751 7 0
0 37751 8 0
0 37751 9 0
0 37751 10 0
0 37751 11 0
0 37751 12 0
0 38398 13 0
0 38398 14 0
0 38398 15 0
0 38398 0 0
0 38398 1 0
0 38398 2 0
0 16296 3 0
0 16296 4 0
0 16296 5 0
0 16296 6 0
0 16296 7 0
0 16296 8 0
0 43923 9 0
0 43923 10 0
0 43923 11 0
0 43923 12 0
0 43923 13 0
0 43923 14 0
0 6486 15 0
0 6486 0 0
0 6486 1 0
0 6486 2 0
0 6486 3 0
0 6486 4 0
0 21630 5 0
0 21630 6 0
0 21630 7 0
0 21630 8 0
0 21630 9 0
0 21630 10 0
0 36642 11 0
0 36642 12 0
0 36642 13 0
0 36642 14 0
0 36642 15 0
0 36642 0 0
0 1786 1 0
0 1786 2 0
0 1786 3 0
0 1786 4 0
0 1786 5 0
0 1786 6 0
0 36408 7 0
0 36408 8 0
0 36408 9 0
0 36408 10 0
0 36408 11 0
0 36408 12 0
0 51872 13 0
0 51872 14 0
0 51872 15 0
0 51872 0 0
0 51872 1 0
0 51872 2 0
0 2855 3 0
0 2855 4 0
0 2855 5 0
0 2855 6 0
0 2855 7 0
0 2855 8 0
0 19135 9 0
0 19135 10 0
0 19135 11 0
0 19135 12 0
0 19135 13 0
0 19135 14 0
0 6158 15 0
0 6158 0 0
0 6158 1 0
0 6158 2 0
0 6158 3 0
0 6158 4 0
0 16258 5 0
0 16258 6 0
0 16258 7 0
0 16258 8 0
0 16258 9 0
0 16258 10 0
0 31271 11 0
0 31271 12 0
0 31271 13 0
0 31271 14 0
0 31271 15 0
0 31271 0 0
0 39965 1 0
0 39965 2 0
0 39965 3 0
0 39965 4 0
0 39965 5 0
0 39965 6 0
0 16305 7 0
0 16305 8 0
0 16305 9 0
0 16305 10 0
0 16305 11 0
0 16305 12 0
0 31906 13 0
0 31906 14 0
0 31906 15 0
0 31906 0 0
0 31906 1 0
0 31906 2 0
0 25418 3 0
0 25418 4 0
0 25418 5 0
0 25418 6 0
0 25418 7 0
0 25418 8 0
0 20646 9 0
0 20646 10 0
0 20646 11 0
0 20646 12 0
0 20646 13 0
0 20646 14 0
0 37053 15 0
0 37053 0 0
0 37053 1 0
0 37053 2 0
0 37053 3 0
0 37053 4 0
0 52181 5 0
0 52181 6 0
0 52181 7 0
0 52181 8 0
0 52181 9 0
0 52181 10 0
0 40025 11 0
0 40025 12 0
0 40025 13 0
0 40025 14 0
0 40025 15 0
0 40025 0 0
0 52829 1 0
0 52829 2 0
0 52829 3 0
0 52829 4 0
0 52829 5 0
0 52829 6 0
0 23020 7 0
0 23020 8 0
0 23020 9 0
0 23020 10 0
0 23020 11 0
0 23020 12 0
0 45355 13 0
0 45355 14 0
0 45355 15 0
0 45355 0 0
0 45355 1 0
0 45355 2 0
0 18373 3 0
0 18373 4 0
0 18373 5 0
0 18373 6 0
0 18373 7 0
0 18373 8 0
0 45236 9 0
0 45236 10 0
0 45236 11 0
0 45236 12 0
0 45236 13 0
0 45236 14 0
0 18733 15 0
0 18733 0 0
0 18733 1 0
0 18733 2 0
0 18733 3 0
0 18733 4 0
0 39867 5 0
0 39867 6 0
0 39867 7 0
0 39867 8 0
0 39867 9 0
0 39867 10 0
0 64740 11 0
0 64740 12 0
0 64740 13 0
0 64740 14 0
0 64740 15 0
0 64740 0 0
0 64506 1 0
0 64506 2 0
0 64506 3 0
0 64506 4 0
0 64506 5 0
0 64506 6 0
0 15728 7 0
0 15728 8 0
0 15728 9 0
0 15728 10 0
0 15728 11 0
0 15728 12 0
0 15843 13 0
0 15843 14 0
0 15843 15 0
0 15843 0 0
0 15843 1 0
0 15843 2 0
0 25120 3 0
0 25120 4 0
0 25120 5 0
0 25120 6 0
0 25120 7 0
0 25120 8 0
0 53019 9 0
0 53019 10 0
0 53019 11 0
0 53019 12 0
0 53019 13 0
0 53019 14 0
0 22690 15 0
0 22690 0 0
0 22690 1 0
0 22690 2 0
0 22690 3 0
0 22690 4 0
0 19509 5 0
0 19509 6 0
0 19509 7 0
0 19509 8 0
0 19509 9 0
0 19509 10 0
0 10887 11 0
0 10887 12 0
0 10887 13 0
0 10887 14 0
0 10887 15 0
0 10887 0 0
0 31105 1 0
0 31105 2 0
0 31105 3 0
0 31105 4 0
0 31105 5 0
0 31105 6 0
0 61454 7 0
0 61454 8 0
0 61454 9 0
0 61454 10 0
0 61454 11 0
0 61454 12 0
0 29277 13 0
0 29277 14 0
0 29277 15 0
0 29277 0 0
0 29277 1 0
0 29277 2 0
0 32706 3 0
0 32706 4 0
0 32706 5 0
0 32706 6 0
0 32706 7 0
0 32706 8 0
0 33184 9 0
0 33184 10 0
0 33184 11 0
0 33184 12 0
0 33184 13 0
0 33184 14 0
0 16851 15 0
0 16851 0 0
0 16851 1 0
0 16851 2 0
0 16851 3 0
0 16851 4 0
0 44042 5 0
0 44042 6 0
0 44042 7 0
0 44042 8 0
0 44042 9 0
0 44042 10 0
0 33381 11 0
0 33381 12 0
0 33381 13 0
0 33381 14 0
0 33381 15 0
0 33381 0 0
0 11663 1 0
0 11663 2 0
0 11663 3 0
0 11663 4 0
0 11663 5 0
0 11663 6 0
0 43339 7 0
0 43339 8 0
0 43339 9 0
0 43339 10 0
0 43339 11 0
0 43339 12 0
0 61558 13 0
0 61558 14 0
0 61558 15 0
0 61558 0 0
0 61558 1 0
0 61558 2 0
0 3771 3 0
0 3771 4 0
0 3771 5 0
0 3771 6 0
0 3771 7 0
0 3771 8 0
0 19882 9 0
0 19882 10 0
0 19882 11 0
0 19882 12 0
0 19882 13 0
0 19882 14 0
0 54012 15 0
0 54012 0 0
0 54012 1 0
0 54012 2 0
0 54012 3 0
0 54012 4 0
0 57381 5 0
0 57381 6 0
0 57381 7 0
0 57381 8 0
0 57381 9 0
0 57381 10 0
0 48610 11 0
0 48610 12 0
0 48610 13 0
0 48610 14 0
0 48610 15 0
0 48610 0 0
0 51836 1 0
0 51836 2 0
0 51836 3 0
0 51836 4 0
0 51836 5 0
0 51836 6 0
0 6111 7 0
0 6111 8 0
0 6111 9 0
0 6111 10 0
0 6111 11 0
0 6111 12 0
0 46877 13 0
0 46877 14 0
0 46877 15 0
0 46877 0 0
0 46877 1 0
0 46877 2 0
0 23006 3 0
0 23006 4 0
0 23006 5 0
0 23006 6 0
0 23006 7 0
0 23006 8 0
0 40789 9 0
0 40789 10 0
0 40789 11 0
0 40789 12 0
0 40789 13 0
0 40789 14 0
0 56223 15 0
0 56223 0 0
0 56223 1 0
0 56223 2 0
0 56223 3 0
0 56223 4 0
0 65110 5 0
0 65110 6 0
0 65110 7 0
0 65110 8 0
0 65110 9 0
0 65110 10 0
0 20978 11 0
0 20978 12 0
0 20978 13 0
0 20978 14 0
0 20978 15 0
0 20978 0 0
0 36967 1 0
0 36967 2 0
0 36967 3 0
0 36967 4 0
0 36967 5 0
0 36967 6 0
0 34923 7 0
0 34923 8 0
0 34923 9 0
0 34923 10 0
0 34923 11 0
0 34923 12 0
0 47615 13 0
0 47615 14 0
0 47615 15 0
0 47615 0 0
0 47615 1 0
0 47615 2 0
0 60271 3 0
0 60271 4 0
0 60271 5 0
0 60271 6 0
0 60271 7 0
0 60271 8 0
0 19969 9 0
0 19969 10 0
0 19969 11 0
0 19969 12 0
0 19969 13 0
0 19969 14 0
0 44193 15 0
0 44193 0 0
0 44193 1 0
0 44193 2 0
0 44193 3 0
0 44193 4 0
0 32862 5 0
0 32862 6 0
0 32862 7 0
0 32862 8 0
0 32862 9 0
0 32862 10 0
0 12325 11 0
0 12325 12 0
0 12325 13 0
0 12325 14 0
0 12325 15 0
0 12325 0 0
0 25698 1 0
0 25698 2 0
0 25698 3 0
0 25698 4 0
0 25698 5 0
0 25698 6 0
0 50304 7 0
0 50304 8 0
0 50304 9 0
0 50304 10 0
0 50304 11 0
0 50304 12 0
0 18692 13 0
0 18692 14 0
0 18692 15 0
0 18692 0 0
0 18692 1 0
0 18692 2 0
0 53525 3 0
0 53525 4 0
0 53525 5 0
0 53525 6 0
0 53525 7 0
0 53525 8 0
0 46627 9 0
0 46627 10 0
0 46627 11 0
0 46627 12 0
0 46627 13 0
0 46627 14 0
0 25872 15 0
0 25872 0 0
0 25872 1 0
0 25872 2 0
0 25872 3 0
0 25872 4 0
0 26513 5 0
0 26513 6 0
0 26513 7 0
0 26513 8 0
0 26513 9 0
0 26513 10 0
0 61244 11 0
0 61244 12 0
0 61244 13 0
0 61244 14 0
0 61244 15 0
0 61244 0 0
0 40325 1 0
0 40325 2 0
0 40325 3 0
0 40325 4 0
0 40325 5 0
0 40325 6 0
0 23605 7 0
0 23605 8 0
0 23605 9 0
0 23605 10 0
0 23605 11 0
0 23605 12 0
0 1244 13 0
0 1244 14 0
0 1244 15 0
0 1244 0 0
0 1244 1 0
0 1244 2 0
0 57432 3 0
0 57432 4 0
0 57432 5 0
0 57432 6 0
0 57432 7 0
0 57432 8 0
0 40269 9 0
0 40269 10 0
0 40269 11 0
0 40269 12 0
0 40269 13 0
0 40269 14 0
0 48722 15 0
0 48722 0 0
0 48722 1 0
0 48722 2 0
0 48722 3 0
0 48722 4 0
0 18300 5 0
0 18300 6 0
0 18300 7 0
0 18300 8 0
0 18300 9 0
0 18300 10 0
0 30157 11 0
0 30157 12 0
0 30157 13 0
0 30157 14 0
0 30157 15 0
0 30157 0 0
0 39796 1 0
0 39796 2 0
0 39796 3 0
0 39796 4 0
0 39796 5 0
0 39796 6 0
0 28161 7 0
0 28161 8 0
0 28161 9 0
0 28161 10 0
0 28161 11 0
0 28161 12 0
0 12303 13 0
0 12303 14 0
0 12303 15 0
0 12303 0 0
0 12303 1 0
0 12303 2 0
0 30363 3 0
0 30363 4 0
0 30363 5 0
0 30363 6 0
0 30363 7 0
0 30363 8 0
0 44359 9 0
0 44359 10 0
0 44359 11 0
0 44359 12 0
0 44359 13 0
0 44359 14 0
0 14087 15 0
0 14087 0 0
0 14087 1 0
0 14087 2 0
0 14087 3 0
0 14087 4 0
0 39559 5 0
0 39559 6 0
0 39559 7 0
0 39559 8 0
0 39559 9 0
0 39559 10 0
0 22236 11 0
0 22236 12 0
0 22236 13 0
0 22236 14 0
0 22236 15 0
0 22236 0 0
0 65466 1 0
0 65466 2 0
0 65466 3 0
0 65466 4 0
0 65466 5 0
0 65466 6 0
0 52671 7 0
0 52671 8 0
0 52671 9 0
0 52671 10 0
0 52671 11 0
0 52671 12 0
0 16638 13 0
0 16638 14 0
0 16638 15 0
0 16638 0 0
0 16638 1 0
0 16638 2 0
0 9885 3 0
0 9885 4 0
0 9885 5 0
0 9885 6 0
0 9885 7 0
0 9885 8 0
0 15935 9 0
0 15935 10 0
0 15935 11 0
0 15935 12 0
0 15935 13 0
0 15935 14 0
0 58017 15 0
0 58017 0 0
0 58017 1 0
0 58017 2 0
0 58017 3 0
0 58017 4 0
0 32148 5 0
0 32148 6 0
0 32148 7 0
0 32148 8 0
0 32148 9 0
0 32148 10 0
0 12417 11 0
0 12417 12 0
0 12417 13 0
0 12417 14 0
0 12417 15 0
0 12417 0 0
0 21981 1 0
0 21981 2 0
0 21981 3 0
0 21981 4 0
0 21981 5 0
0 21981 6 0
0 2525 7 0
0 2525 8 0
0 2525 9 0
0 2525 10 0
0 2525 11 0
0 2525 12 0
0 37630 13 0
0 37630 14 0
0 37630 15 0
0 37630 0 0
0 37630 1 0
0 37630 2 0
0 9518 3 0
0 9518 4 0
0 9518 5 0
0 9518 6 0
0 9518 7 0
0 9518 8 0
0 13933 9 0
0 13933 10 0
0 13933 11 0
0 13933 12 0
0 13933 13 0
0 13933 14 0
0 12170 15 0
0 12170 0 0
0 12170 1 0
0 12170 2 0
0 12170 3 0
0 12170 4 0
0 63696 5 0
0 63696 6 0
0 63696 7 0
0 63696 8 0
0 63696 9 0
0 63696 10 0
0 21959 11 0
0 21959 12 0
0 21959 13 0
0 21959 14 0
0 21959 15 0
0 21959 0 0
0 47149 1 0
0 47149 2 0
0 47149 3 0
0 47149 4 0
0 47149 5 0
0 47149 6 0
0 39696 7 0
0 39696 8 0
0 39696 9 0
0 39696 10 0
0 39696 11 0
0 39696 12 0
0 26141 13 0
0 26141 14 0
0 26141 15 0
0 26141 0 0
0 26141 1 0
0 26141 2 0
0 18753 3 0
0 18753 4 0
0 18753 5 0
0 18753 6 0
0 18753 7 0
0 18753 8 0
0 16710 9 0
0 16710 10 0
0 16710 11 0
0 16710 12 0
0 16710 13 0
0 16710 14 0
0 40370 15 0
0 40370 0 0
0 40370 1 0
0 40370 2 0
0 40370 3 0
0 40370 4 0
0 30855 5 0
0 30855 6 0
0 30855 7 0
0 30855 8 0
0 30855 9 0
0 30855 10 0
0 28065 11 0
0 28065 12 0
0 28065 13 0
0 28065 14 0
0 28065 15 0
0 28065 0 0
0 16142 1 0
0 16142 2 0
0 16142 3 0
0 16142 4 0
0 16142 5 0
0 16142 6 0
0 21697 7 0
0 21697 8 0
0 21697 9 0
0 21697 10 0
0 21697 11 0
0 21697 12 0
0 16777 13 0
0 16777 14 0
0 16777 15 0
0 16777 0 0
0 16777 1 0
0 16777 2 0
0 408 3 0
0 408 4 0
0 408 5 0
0 408 6 0
0 408 7 0
0 408 8 0
0 37840 9 0
0 37840 10 0
0 37840 11 0
0 37840 12 0
0 37840 13 0
0 37840 14 0
0 40149 15 0
0 40149 0 0
0 40149 1 0
0 40149 2 0
0 40149 3 0
0 40149 4 0
0 24067 5 0
0 24067 6 0
0 24067 7 0
0 24067 8 0
0 24067 9 0
0 24067 10 0
0 3261 11 0
0 3261 12 0
0 3261 13 0
0 3261 14 0
0 3261 15 0
0 3261 0 0
0 18982 1 0
0 18982 2 0
0 18982 3 0
0 18982 4 0
0 18982 5 0
0 18982 6 0
0 14347 7 0
0 14347 8 0
0 14347 9 0
0 14347 10 0
0 14347 11 0
0 14347 12 0
0 31002 13 0
0 31002 14 0
0 31002 15 0
0 31002 0 0
0 31002 1 0
0 31002 2 0
0 30249 3 0
0 30249 4 0
0 30249 5 0
0 30249 6 0
0 30249 7 0
0 30249 8 0
0 46191 9 0
0 46191 10 0
0 46191 11 0
0 46191 12 0
0 46191 13 0
0 46191 14 0
0 38982 15 0
0 38982 0 0
0 38982 1 0
0 38982 2 0
0 38982 3 0
0 38982 4 0
0 44647 5 0
0 44647 6 0
0 44647 7 0
0 44647 8 0
0 44647 9 0
0 44647 10 0
0 63895 11 0
0 63895 12 0
0 63895 13 0
0 63895 14 0
0 63895 15 0
0 63895 0 0
0 39385 1 0
0 39385 2 0
0 39385 3 0
0 39385 4 0
0 39385 5 0
0 39385 6 0
0 8697 7 0
0 8697 8 0
0 8697 9 0
0 8697 10 0
0 8697 11 0
0 8697 12 0
0 1333 13 0
0 1333 14 0
0 1333 15 0
0 1333 0 0
0 1333 1 0
0 1333 2 0
0 27145 3 0
0 27145 4 0
0 27145 5 0
0 27145 6 0
0 27145 7 0
0 27145 8 0
0 64475 9 0
0 64475 10 0
0 64475 11 0
0 64475 12 0
0 64475 13 0
0 64475 14 0
0 48313 15 0
0 48313 0 0
0 48313 1 0
0 48313 2 0
0 48313 3 0
0 48313 4 0
0 17450 5 0
0 17450 6 0
0 17450 7 0
0 17450 8 0
0 17450 9 0
0 17450 10 0
0 63372 11 0
0 63372 12 0
0 63372 13 0
0 63372 14 0
0 63372 15 0
0 63372 0 0
0 56323 1 0
0 56323 2 0
0 56323 3 0
0 56323 4 0
0 56323 5 0
0 56323 6 0
0 34222 7 0
0 34222 8 0
0 34222 9 0
0 34222 10 0
0 34222 11 0
0 34222 12 0
0 24222 13 0
0 24222 14 0
0 24222 15 0
0 24222 0 0
0 24222 1 0
0 24222 2 0
0 24479 3 0
0 24479 4 0
0 24479 5 0
0 24479 6 0
0 24479 7 0
0 24479 8 0
0 6257 9 0
0 6257 10 0
0 6257 11 0
0 6257 12 0
0 6257 13 0
0 6257 14 0
0 18852 15 0
0 18852 0 0
0 18852 1 0
0 18852 2 0
0 18852 3 0
0 18852 4 0
0 8900 5 0
0 8900 6 0
0 8900 7 0
0 8900 8 0
0 8900 9 0
0 8900 10 0
0 4474 11 0
0 4474 12 0
0 4474 13 0
0 4474 14 0
0 4474 15 0
0 4474 0 0
0 28010 1 0
0 28010 2 0
0 28010 3 0
0 28010 4 0
0 28010 5 0
0 28010 6 0
0 42368 7 0
0 42368 8 0
0 42368 9 0
0 42368 10 0
0 42368 11 0
0 42368 12 0
0 40554 13 0
0 40554 14 0
0 40554 15 0
0 40554 0 0
0 40554 1 0
0 40554 2 0
0 27507 3 0
0 27507 4 0
0 27507 5 0
0 27507 6 0
0 27507 7 0
0 27507 8 0
0 22984 9 0
0 22984 10 0
0 22984 11 0
0 22984 12 0
0 22984 13 0
0 22984 14 0
0 24696 15 0
0 24696 0 0
0 24696 1 0
0 24696 2 0
0 24696 3 0
0 24696 4 0
0 63600 5 0
0 63600 6 0
0 63600 7 0
0 63600 8 0
0 63600 9 0
0 63600 10 0
0 29564 11 0
0 29564 12 0
0 29564 13 0
0 29564 14 0
0 29564 15 0
0 29564 0 0
0 35606 1 0
0 35606 2 0
0 35606 3 0
0 35606 4 0
0 35606 5 0
0 35606 6 0
0 52140 7 0
0 52140 8 0
0 52140 9 0
0 52140 10 0
0 52140 11 0
0 52140 12 0
0 14393 13 0
0 14393 14 0
0 14393 15 0
0 14393 0 0
0 14393 1 0
0 14393 2 0
0 47905 3 0
0 47905 4 0
0 47905 5 0
0 47905 6 0
0 47905 7 0
0 47905 8 0
0 51579 9 0
0 51579 10 0
0 51579 11 0
0 51579 12 0
0 51579 13 0
0 51579 14 0
0 49044 15 0
0 49044 0 0
0 49044 1 0
0 49044 2 0
0 49044 3 0
0 49044 4 0
0 18882 5 0
0 18882 6 0
0 18882 7 0
0 18882 8 0
0 18882 9 0
0 18882 10 0
0 3647 11 0
0 3647 12 0
0 3647 13 0
0 3647 14 0
0 3647 15 0
0 3647 0 0
0 22525 1 0
0 22525 2 0
0 22525 3 0
0 22525 4 0
0 22525 5 0
0 22525 6 0
0 25905 7 0
0 25905 8 0
0 25905 9 0
0 25905 10 0
0 25905 11 0
0 25905 12 0
0 18654 13 0
0 18654 14 0
0 18654 15 0
0 18654 0 0
0 18654 1 0
0 18654 2 0
0 16656 3 0
0 16656 4 0
0 16656 5 0
0 16656 6 0
0 16656 7 0
0 16656 8 0
0 16734 9 0
0 16734 10 0
0 16734 11 0
0 16734 12 0
0 16734 13 0
0 16734 14 0
0 41650 15 0
0 41650 0 0
0 41650 1 0
0 41650 2 0
0 41650 3 0
0 41650 4 0
0 16401 5 0
0 16401 6 0
0 16401 7 0
0 16401 8 0
0 16401 9 0
0 16401 10 0
0 26574 11 0
0 26574 12 0
0 26574 13 0
0 26574 14 0
0 26574 15 0
0 26574 0 0
0 37122 1 0
0 37122 2 0
0 37122 3 0
0 37122 4 0
0 37122 5 0
0 37122 6 0
0 7516 7 0
0 7516 8 0
0 7516 9 0
0 7516 10 0
0 7516 11 0
0 7516 12 0
0 21596 13 0
0 21596 14 0
0 21596 15 0
0 21596 0 0
0 21596 1 0
0 21596 2 0
0 44066 3 0
0 44066 4 0
0 44066 5 0
0 44066 6 0
0 44066 7 0
0 44066 8 0
0 42835 9 0
0 42835 10 0
0 42835 11 0
0 42835 12 0
0 42835 13 0
0 42835 14 0
0 61353 15 0
0 61353 0 0
0 61353 1 0
0 61353 2 0
0 61353 3 0
0 61353 4 0
0 5742 5 0
0 5742 6 0
0 5742 7 0
0 5742 8 0
0 5742 9 0
0 5742 10 0
0 35743 11 0
0 35743 12 0
0 35743 13 0
0 35743 14 0
0 35743 15 0
0 35743 0 0
0 51194 1 0
0 51194 2 0
0 51194 3 0
0 51194 4 0
0 51194 5 0
0 51194 6 0
0 53543 7 0
0 53543 8 0
0 53543 9 0
0 53543 10 0
0 53543 11 0
0 53543 12 0
0 59041 13 0
0 59041 14 0
0 59041 15 0
0 59041 0 0
0 59041 1 0
0 59041 2 0
0 56141 3 0
0 56141 4 0
0 56141 5 0
0 56141 6 0
0 56141 7 0
0 56141 8 0
0 50438 9 0
0 50438 10 0
0 50438 11 0
0 50438 12 0
0 50438 13 0
0 50438 14 0
0 40067 15 0
0 40067 0 0
0 40067 1 0
0 40067 2 0
0 40067 3 0
0 40067 4 0
0 54477 5 0
0 54477 6 0
0 54477 7 0
0 54477 8 0
0 54477 9 0
0 54477 10 0
0 1214 11 0
0 1214 12 0
0 1214 13 0
0 1214 14 0
0 1214 15 0
0 1214 0 0
0 26528 1 0
0 26528 2 0
0 26528 3 0
0 26528 4 0
0 26528 5 0
0 26528 6 0
0 55356 7 0
0 55356 8 0
0 55356 9 0
0 55356 10 0
0 55356 11 0
0 55356 12 0
0 30123 13 0
0 30123 14 0
0 30123 15 0
0 30123 0 0
0 30123 1 0
0 30123 2 0
0 8567 3 0
0 8567 4 0
0 8567 5 0
0 8567 6 0
0 8567 7 0
0 8567 8 0
0 11042 9 0
0 11042 10 0
0 11042 11 0
0 11042 12 0
0 11042 13 0
0 11042 14 0
0 7435 15 0
0 7435 0 0
0 7435 1 0
0 7435 2 0
0 7435 3 0
0 7435 4 0
0 4574 5 0
0 4574 6 0
0 4574 7 0
0 4574 8 0
0 4574 9 0
0 4574 10 0
0 49616 11 0
0 49616 12 0
0 49616 13 0
0 49616 14 0
0 49616 15 0
0 49616 0 0
0 31172 1 0
0 31172 2 0
0 31172 3 0
0 31172 4 0
0 31172 5 0
0 31172 6 0
0 17882 7 0
0 17882 8 0
0 17882 9 0
0 17882 10 0
0 17882 11 0
0 17882 12 0
0 46274 13 0
0 46274 14 0
0 46274 15 0
0 46274 0 0
0 46274 1 0
0 46274 2 0
0 37321 3 0
0 37321 4 0
0 37321 5 0
0 37321 6 0
0 37321 7 0
0 37321 8 0
0 31445 9 0
0 31445 10 0
0 31445 11 0
0 31445 12 0
0 31445 13 0
0 31445 14 0
0 38715 15 0
0 38715 0 0
0 38715 1 0
0 38715 2 0
0 38715 3 0
0 38715 4 0
0 193 5 0
0 193 6 0
0 193 7 0
0 193 8 0
0 193 9 0
0 193 10 0
0 56984 11 0
0 56984 12 0
0 56984 13 0
0 56984 14 0
0 56984 15 0
0 56984 0 0
0 50782 1 0
0 50782 2 0
0 50782 3 0
0 50782 4 0
0 50782 5 0
0 50782 6 0
0 50436 7 0
0 50436 8 0
0 50436 9 0
0 50436 10 0
0 50436 11 0
0 50436 12 0
0 35488 13 0
0 35488 14 0
0 35488 15 0
0 35488 0 0
0 35488 1 0
0 35488 2 0
0 53622 3 0
0 53622 4 0
0 53622 5 0
0 53622 6 0
0 53622 7 0
0 53622 8 0
0 55208 9 0
0 55208 10 0
0 55208 11 0
0 55208 12 0
0 55208 13 0
0 55208 14 0
0 59968 15 0
0 59968 0 0
0 59968 1 0
0 59968 2 0
0 59968 3 0
0 59968 4 0
0 49567 5 0
0 49567 6 0
0 49567 7 0
0 49567 8 0
0 49567 9 0
0 49567 10 0
0 8844 11 0
0 8844 12 0
0 8844 13 0
0 8844 14 0
0 8844 15 0
0 8844 0 0
0 57754 1 0
0 57754 2 0
0 57754 3 0
0 57754 4 0
0 57754 5 0
0 57754 6 0
0 22538 7 0
0 22538 8 0
0 22538 9 0
0 22538 10 0
0 22538 11 0
0 22538 12 0
0 24905 13 0
0 24905 14 0
0 24905 15 0
0 24905 0 0
0 24905 1 0
0 24905 2 0
0 62146 3 0
0 62146 4 0
0 62146 5 0
0 62146 6 0
0 62146 7 0
0 62146 8 0
0 35241 9 0
0 35241 10 0
0 35241 11 0
0 35241 12 0
0 35241 13 0
0 35241 14 0
0 15680 15 0
0 15680 0 0
0 15680 1 0
0 15680 2 0
0 15680 3 0
0 15680 4 0
0 56204 5 0
0 56204 6 0
0 56204 7 0
0 56204 8 0
0 56204 9 0
0 56204 10 0
0 1040 11 0
0 1040 12 0
0 1040 13 0
0 1040 14 0
0 1040 15 0
0 1040 0 0
0 15629 1 0
0 15629 2 0
0 15629 3 0
0 15629 4 0
0 15629 5 0
0 15629 6 0
0 58392 7 0
0 58392 8 0
0 58392 9 0
0 58392 10 0
0 58392 11 0
0 58392 12 0
0 59663 13 0
0 59663 14 0
0 59663 15 0
0 59663 0 0
0 59663 1 0
0 59663 2 0
0 59357 3 0
0 59357 4 0
0 59357 5 0
0 59357 6 0
0 59357 7 0
0 59357 8 0
0 48972 9 0
0 48972 10 0
0 48972 11 0
0 48972 12 0
0 48972 13 0
0 48972 14 0
0 19261 15 0
0 19261 0 0
0 19261 1 0
0 19261 2 0
0 19261 3 0
0 19261 4 0
0 39184 5 0
0 39184 6 0
0 39184 7 0
0 39184 8 0
0 39184 9 0
0 39184 10 0
0 35492 11 0
0 35492 12 0
0 35492 13 0
0 35492 14 0
0 35492 15 0
0 35492 0 0
0 50790 1 0
0 50790 2 0
0 50790 3 0
0 50790 4 0
0 50790 5 0
0 50790 6 0
0 62158 7 0
0 62158 8 0
0 62158 9 0
0 62158 10 0
0 62158 11 0
0 62158 12 0
0 2319 13 0
0 2319 14 0
0 2319 15 0
0 2319 0 0
0 2319 1 0
0 2319 2 0
0 50375 3 0
0 50375 4 0
0 50375 5 0
0 50375 6 0
0 50375 7 0
0 50375 8 0
0 57930 9 0
0 57930 10 0
0 57930 11 0
0 57930 12 0
0 57930 13 0
0 57930 14 0
0 28126 15 0
0 28126 0 0
0 28126 1 0
0 28126 2 0
0 28126 3 0
0 28126 4 0
0 3054 5 0
0 3054 6 0
0 3054 7 0
0 3054 8 0
0 3054 9 0
0 3054 10 0
0 55865 11 0
0 55865 12 0
0 55865 13 0
0 55865 14 0
0 55865 15 0
0 55865 0 0
0 4961 1 0
0 4961 2 0
0 4961 3 0
0 4961 4 0
0 4961 5 0
0 4961 6 0
0 64300 7 0
0 64300 8 0
0 64300 9 0
0 64300 10 0
0 64300 11 0
0 64300 12 0
0 65282 13 0
0 65282 14 0
0 65282 15 0
0 65282 0 0
0 65282 1 0
0 65282 2 0
0 48981 3 0
0 48981 4 0
0 48981 5 0
0 48981 6 0
0 48981 7 0
0 48981 8 0
0 2894 9 0
0 2894 10 0
0 2894 11 0
0 2894 12 0
0 2894 13 0
0 2894 14 0
0 64663 15 0
0 64663 0 0
0 64663 1 0
0 64663 2 0
0 64663 3 0
0 64663 4 0
0 30818 5 0
0 30818 6 0
0 30818 7 0
0 30818 8 0
0 30818 9 0
0 30818 10 0
0 13235 11 0
0 13235 12 0
0 13235 13 0
0 13235 14 0
0 13235 15 0
0 13235 0 0
0 47251 1 0
0 47251 2 0
0 47251 3 0
0 47251 4 0
0 47251 5 0
0 47251 6 0
0 31675 7 0
0 31675 8 0
0 31675 9 0
0 31675 10 0
0 31675 11 0
0 31675 12 0
0 16086 13 0
0 16086 14 0
0 16086 15 0
0 16086 0 0
0 16086 1 0
0 16086 2 0
0 55322 3 0
0 55322 4 0
0 55322 5 0
0 55322 6 0
0 55322 7 0
0 55322 8 0
0 47698 9 0
0 47698 10 0
0 47698 11 0
0 47698 12 0
0 47698 13 0
0 47698 14 0
0 10148 15 0
0 10148 0 0
0 10148 1 0
0 10148 2 0
0 10148 3 0
0 10148 4 0
0 47627 5 0
0 47627 6 0
0 47627 7 0
0 47627 8 0
0 47627 9 0
0 47627 10 0
0 44623 11 0
0 44623 12 0
0 44623 13 0
0 44623 14 0
0 44623 15 0
0 44623 0 0
0 57267 1 0
0 57267 2 0
0 57267 3 0
0 57267 4 0
0 57267 5 0
0 57267 6 0
0 52812 7 0
0 52812 8 0
0 52812 9 0
0 52812 10 0
0 52812 11 0
0 52812 12 0
0 60097 13 0
0 60097 14 0
0 60097 15 0
0 60097 0 0
0 60097 1 0
0 60097 2 0
0 32987 3 0
0 32987 4 0
0 32987 5 0
0 32987 6 0
0 32987 7 0
0 32987 8 0
0 2142 9 0
0 2142 10 0
0 2142 11 0
0 2142 12 0
0 2142 13 0
0 2142 14 0
0 14341 15 0
0 14341 0 0
0 14341 1 0
0 14341 2 0
0 14341 3 0
0 14341 4 0
0 55425 5 0
0 55425 6 0
0 55425 7 0
0 55425 8 0
0 55425 9 0
0 55425 10 0
0 13100 11 0
0 13100 12 0
0 13100 13 0
0 13100 14 0
0 13100 15 0
0 13100 0 0
0 57 1 0
0 57 2 0
0 57 3 0
0 57 4 0
0 57 5 0
0 57 6 0
0 43402 7 0
0 43402 8 0
0 43402 9 0
0 43402 10 0
0 43402 11 0
0 43402 12 0
0 46720 13 0
0 46720 14 0
0 46720 15 0
0 46720 0 0
0 46720 1 0
0 46720 2 0
0 34844 3 0
0 34844 4 0
0 34844 5 0
0 34844 6 0
0 34844 7 0
0 34844 8 0
0 18587 9 0
0 18587 10 0
0 18587 11 0
0 18587 12 0
0 18587 13 0
0 18587 14 0
0 43509 15 0
0 43509 0 0
0 43509 1 0
0 43509 2 0
0 43509 3 0
0 43509 4 0
0 15198 5 0
0 15198 6 0
0 15198 7 0
0 15198 8 0
0 15198 9 0
0 15198 10 0
0 21611 11 0
0 21611 12 0
0 21611 13 0
0 21611 14 0
0 21611 15 0
0 21611 0 0
0 61473 1 0
0 61473 2 0
0 61473 3 0
0 61473 4 0
0 61473 5 0
0 61473 6 0
0 38391 7 0
0 38391 8 0
0 38391 9 0
0 38391 10 0
0 38391 11 0
0 38391 12 0
0 44552 13 0
0 44552 14 0
0 44552 15 0
0 44552 0 0
0 44552 1 0
0 44552 2 0
0 45268 3 0
0 45268 4 0
0 45268 5 0
0 45268 6 0
0 45268 7 0
0 45268 8 0
0 26368 9 0
0 26368 10 0
0 26368 11 0
0 26368 12 0
0 26368 13 0
0 26368 14 0
0 23455 15 0
0 23455 0 0
0 23455 1 0
0 23455 2 0
0 23455 3 0
0 23455 4 0
0 39421 5 0
0 39421 6 0
0 39421 7 0
0 39421 8 0
0 39421 9 0
0 39421 10 0
0 9903 11 0
0 9903 12 0
0 9903 13 0
0 9903 14 0
0 9903 15 0
0 9903 0 0
0 1889 1 0
0 1889 2 0
0 1889 3 0
0 1889 4 0
0 1889 5 0
0 1889 6 0
0 64269 7 0
0 64269 8 0
0 64269 9 0
0 64269 10 0
0 64269 11 0
0 64269 12 0
0 27678 13 0
0 27678 14 0
0 27678 15 0
0 27678 0 0
0 27678 1 0
0 27678 2 0
0 38998 3 0
0 38998 4 0
0 38998 5 0
0 38998 6 0
0 38998 7 0
0 38998 8 0
0 65262 9 0
0 65262 10 0
0 65262 11 0
0 65262 12 0
0 65262 13 0
0 65262 14 0
0 48053 15 0
0 48053 0 0
0 48053 1 0
0 48053 2 0
0 48053 3 0
0 48053 4 0
0 13652 5 0
0 13652 6 0
0 13652 7 0
0 13652 8 0
0 13652 9 0
0 13652 10 0
0 61937 11 0
0 61937 12 0
0 61937 13 0
0 61937 14 0
0 61937 15 0
0 61937 0 0
0 23503 1 0
0 23503 2 0
0 23503 3 0
0 23503 4 0
0 23503 5 0
0 23503 6 0
0 521 7 0
0 521 8 0
0 521 9 0
0 521 10 0
0 521 11 0
0 521 12 0
0 50697 13 0
0 50697 14 0
0 50697 15 0
0 50697 0 0
0 50697 1 0
0 50697 2 0
0 802 3 0
0 802 4 0
0 802 5 0
0 802 6 0
0 802 7 0
0 802 8 0
0 64645 9 0
0 64645 10 0
0 64645 11 0
0 64645 12 0
0 64645 13 0
0 64645 14 0
0 38686 15 0
0 38686 0 0
0 38686 1 0
0 38686 2 0
0 38686 3 0
0 38686 4 0
0 8659 5 0
0 8659 6 0
0 8659 7 0
0 8659 8 0
0 8659 9 0
0 8659 10 0
0 5748 11 0
0 5748 12 0
0 5748 13 0
0 5748 14 0
0 5748 15 0
0 5748 0 0
0 36196 1 0
0 36196 2 0
0 36196 3 0
0 36196 4 0
0 36196 5 0
0 36196 6 0
0 18660 7 0
0 18660 8 0
0 18660 9 0
0 18660 10 0
0 18660 11 0
0 18660 12 0
0 54300 13 0
0 54300 14 0
0 54300 15 0
0 54300 0 0
0 54300 1 0
0 54300 2 0
0 20458 3 0
0 20458 4 0
0 20458 5 0
0 20458 6 0
0 20458 7 0
0 20458 8 0
0 933 9 0
0 933 10 0
0 933 11 0
0 933 12 0
0 933 13 0
0 933 14 0
0 55618 15 0
0 55618 0 0
0 55618 1 0
0 55618 2 0
0 55618 3 0
0 55618 4 0
0 31781 5 0
0 31781 6 0
0 31781 7 0
0 31781 8 0
0 31781 9 0
0 31781 10 0
0 40928 11 0
0 40928 12 0
0 40928 13 0
0 40928 14 0
0 40928 15 0
0 40928 0 0
0 42668 1 0
0 42668 2 0
0 42668 3 0
0 42668 4 0
0 42668 5 0
0 42668 6 0
0 7902 7 0
0 7902 8 0
0 7902 9 0
0 7902 10 0
0 7902 11 0
0 7902 12 0
0 28502 13 0
0 28502 14 0
0 28502 15 0
0 28502 0 0
0 28502 1 0
0 28502 2 0
0 23151 3 0
0 23151 4 0
0 23151 5 0
0 23151 6 0
0 23151 7 0
0 23151 8 0
0 22547 9 0
0 22547 10 0
0 22547 11 0
0 22547 12 0
0 22547 13 0
0 22547 14 0
0 5900 15 0
0 5900 0 0
0 5900 1 0
0 5900 2 0
0 5900 3 0
0 5900 4 0
0 28031 5 0
0 28031 6 0
0 28031 7 0
0 28031 8 0
0 28031 9 0
0 28031 10 0
0 9778 11 0
0 9778 12 0
0 9778 13 0
0 9778 14 0
0 9778 15 0
0 9778 0 0
0 46120 1 0
0 46120 2 0
0 46120 3 0
0 46120 4 0
0 46120 5 0
0 46120 6 0
0 50589 7 0
0 50589 8 0
0 50589 9 0
0 50589 10 0
0 50589 11 0
0 50589 12 0
0 19523 13 0
0 19523 14 0
0 19523 15 0
0 19523 0 0
0 19523 1 0
0 19523 2 0
0 58786 3 0
0 58786 4 0
0 58786 5 0
0 58786 6 0
0 58786 7 0
0 58786 8 0
0 37751 9 0
0 37751 10 0
0 37751 11 0
0 37751 12 0
0 37751 13 0
0 37751 14 0
0 2565 15 0
0 2565 0 0
0 2565 1 0
0 2565 2 0
0 2565 3 0
0 2565 4 0
0 40142 5 0
0 40142 6 0
0 40142 7 0
0 40142 8 0
0 40142 9 0
0 40142 10 0
0 45772 11 0
0 45772 12 0
0 45772 13 0
0 45772 14 0
0 45772 15 0
0 45772 0 0
0 16511 1 0
0 16511 2 0
0 16511 3 0
0 16511 4 0
0 16511 5 0
0 16511 6 0
0 48364 7 0
0 48364 8 0
0 48364 9 0
0 48364 10 0
0 48364 11 0
0 48364 12 0
0 24655 13 0
0 24655 14 0
0 24655 15 0
