0 0 0 0
0 0 1 0
0 0 2 0
0 0 3 0
0 0 4 0
0 21520 5 0
0 21520 6 0
0 21520 7 0
0 21520 8 0
0 21520 9 0
0 21520 10 0
0 43541 11 0
0 43541 12 0
0 43541 13 0
0 43541 14 0
0 43541 15 0
0 43541 0 0
0 55734 1 0
0 55734 2 0
0 55734 3 0
0 55734 4 0
0 55734 5 0
0 55734 6 0
0 18316 7 0
0 18316 8 0
0 18316 9 0
0 18316 10 0
0 18316 11 0
0 18316 12 0
0 38256 13 0
0 38256 14 0
0 38256 15 0
0 38256 0 0
0 38256 1 0
0 38256 2 0
0 63761 3 0
0 63761 4 0
0 63761 5 0
0 63761 6 0
0 63761 7 0
0 63761 8 0
0 32344 9 0
0 32344 10 0
0 32344 11 0
0 32344 12 0
0 32344 13 0
0 32344 14 0
0 9788 15 0
0 9788 0 0
0 9788 1 0
0 9788 2 0
0 9788 3 0
0 9788 4 0
0 35310 5 0
0 35310 6 0
0 35310 7 0
0 35310 8 0
0 35310 9 0
0 35310 10 0
0 19276 11 0
0 19276 12 0
0 19276 13 0
0 19276 14 0
0 19276 15 0
0 19276 0 0
0 25374 1 0
0 25374 2 0
0 25374 3 0
0 25374 4 0
0 25374 5 0
0 25374 6 0
0 32300 7 0
0 32300 8 0
0 32300 9 0
0 32300 10 0
0 32300 11 0
0 32300 12 0
0 17629 13 0
0 17629 14 0
0 17629 15 0
0 17629 0 0
0 17629 1 0
0 17629 2 0
0 1736 3 0
0 1736 4 0
0 1736 5 0
0 1736 6 0
0 1736 7 0
0 1736 8 0
0 3635 9 0
0 3635 10 0
0 3635 11 0
0 3635 12 0
0 3635 13 0
0 3635 14 0
0 57906 15 0
0 57906 0 0
0 57906 1 0
0 57906 2 0
0 57906 3 0
0 57906 4 0
0 36192 5 0
0 36192 6 0
0 36192 7 0
0 36192 8 0
0 36192 9 0
0 36192 10 0
0 39529 11 0
0 39529 12 0
0 39529 13 0
0 39529 14 0
0 39529 15 0
0 39529 0 0
0 2664 1 0
0 2664 2 0
0 2664 3 0
0 2664 4 0
0 2664 5 0
0 2664 6 0
0 49940 7 0
0 49940 8 0
0 49940 9 0
0 49940 10 0
0 49940 11 0
0 49940 12 0
0 61179 13 0
0 61179 14 0
0 61179 15 0
0 61179 0 0
0 61179 1 0
0 61179 2 0
0 22013 3 0
0 22013 4 0
0 22013 5 0
0 22013 6 0
0 22013 7 0
0 22013 8 0
0 5043 9 0
0 5043 10 0
0 5043 11 0
0 5043 12 0
0 5043 13 0
0 5043 14 0
0 21907 15 0
0 21907 0 0
0 21907 1 0
0 21907 2 0
0 21907 3 0
0 21907 4 0
0 1209 5 0
0 1209 6 0
0 1209 7 0
0 1209 8 0
0 1209 9 0
0 1209 10 0
0 52358 11 0
0 52358 12 0
0 52358 13 0
0 52358 14 0
0 52358 15 0
0 52358 0 0
0 46439 1 0
0 46439 2 0
0 46439 3 0
0 46439 4 0
0 46439 5 0
0 46439 6 0
0 12009 7 0
0 12009 8 0
0 12009 9 0
0 12009 10 0
0 12009 11 0
0 12009 12 0
0 41078 13 0
0 41078 14 0
0 41078 15 0
0 41078 0 0
0 41078 1 0
0 41078 2 0
0 3422 3 0
0 3422 4 0
0 3422 5 0
0 3422 6 0
0 3422 7 0
0 3422 8 0
0 60577 9 0
0 60577 10 0
0 60577 11 0
0 60577 12 0
0 60577 13 0
0 60577 14 0
0 30429 15 0
0 30429 0 0
0 30429 1 0
0 30429 2 0
0 30429 3 0
0 30429 4 0
0 33935 5 0
0 33935 6 0
0 33935 7 0
0 33935 8 0
0 33935 9 0
0 33935 10 0
0 49417 11 0
0 49417 12 0
0 49417 13 0
0 49417 14 0
0 49417 15 0
0 49417 0 0
0 7747 1 0
0 7747 2 0
0 7747 3 0
0 7747 4 0
0 7747 5 0
0 7747 6 0
0 56741 7 0
0 56741 8 0
0 56741 9 0
0 56741 10 0
0 56741 11 0
0 56741 12 0
0 59012 13 0
0 59012 14 0
0 59012 15 0
0 59012 0 0
0 59012 1 0
0 59012 2 0
0 64016 3 0
0 64016 4 0
0 64016 5 0
0 64016 6 0
0 64016 7 0
0 64016 8 0
0 21720 9 0
0 21720 10 0
0 21720 11 0
0 21720 12 0
0 21720 13 0
0 21720 14 0
0 28333 15 0
0 28333 0 0
0 28333 1 0
0 28333 2 0
0 28333 3 0
0 28333 4 0
0 14417 5 0
0 14417 6 0
0 14417 7 0
0 14417 8 0
0 14417 9 0
0 14417 10 0
0 12414 11 0
0 12414 12 0
0 12414 13 0
0 12414 14 0
0 12414 15 0
0 12414 0 0
0 28522 1 0
0 28522 2 0
0 28522 3 0
0 28522 4 0
0 28522 5 0
0 28522 6 0
0 52408 7 0
0 52408 8 0
0 52408 9 0
0 52408 10 0
0 52408 11 0
0 52408 12 0
0 42167 13 0
0 42167 14 0
0 42167 15 0
0 42167 0 0
0 42167 1 0
0 42167 2 0
0 36343 3 0
0 36343 4 0
0 36343 5 0
0 36343 6 0
0 36343 7 0
0 36343 8 0
0 30269 9 0
0 30269 10 0
0 30269 11 0
0 30269 12 0
0 30269 13 0
0 30269 14 0
0 7782 15 0
0 7782 0 0
0 7782 1 0
0 7782 2 0
0 7782 3 0
0 7782 4 0
0 41765 5 0
0 41765 6 0
0 41765 7 0
0 41765 8 0
0 41765 9 0
0 41765 10 0
0 36574 11 0
0 36574 12 0
0 36574 13 0
0 36574 14 0
0 36574 15 0
0 36574 0 0
0 11353 1 0
0 11353 2 0
0 11353 3 0
0 11353 4 0
0 11353 5 0
0 11353 6 0
0 24311 7 0
0 24311 8 0
0 24311 9 0
0 24311 10 0
0 24311 11 0
0 24311 12 0
0 14082 13 0
0 14082 14 0
0 14082 15 0
0 14082 0 0
0 14082 1 0
0 14082 2 0
0 60165 3 0
0 60165 4 0
0 60165 5 0
0 60165 6 0
0 60165 7 0
0 60165 8 0
0 3003 9 0
0 3003 10 0
0 3003 11 0
0 3003 12 0
0 3003 13 0
0 3003 14 0
0 62656 15 0
0 62656 0 0
0 62656 1 0
0 62656 2 0
0 62656 3 0
0 62656 4 0
0 46449 5 0
0 46449 6 0
0 46449 7 0
0 46449 8 0
0 46449 9 0
0 46449 10 0
0 32788 11 0
0 32788 12 0
0 32788 13 0
0 32788 14 0
0 32788 15 0
0 32788 0 0
0 57011 1 0
0 57011 2 0
0 57011 3 0
0 57011 4 0
0 57011 5 0
0 57011 6 0
0 22719 7 0
0 22719 8 0
0 22719 9 0
0 22719 10 0
0 22719 11 0
0 22719 12 0
0 4872 13 0
0 4872 14 0
0 4872 15 0
0 4872 0 0
0 4872 1 0
0 4872 2 0
0 23119 3 0
0 23119 4 0
0 23119 5 0
0 23119 6 0
0 23119 7 0
0 23119 8 0
0 21030 9 0
0 21030 10 0
0 21030 11 0
0 21030 12 0
0 21030 13 0
0 21030 14 0
0 56391 15 0
0 56391 0 0
0 56391 1 0
0 56391 2 0
0 56391 3 0
0 56391 4 0
0 26048 5 0
0 26048 6 0
0 26048 7 0
0 26048 8 0
0 26048 9 0
0 26048 10 0
0 39415 11 0
0 39415 12 0
0 39415 13 0
0 39415 14 0
0 39415 15 0
0 39415 0 0
0 6711 1 0
0 6711 2 0
0 6711 3 0
0 6711 4 0
0 6711 5 0
0 6711 6 0
0 7164 7 0
0 7164 8 0
0 7164 9 0
0 7164 10 0
0 7164 11 0
0 7164 12 0
0 30147 13 0
0 30147 14 0
0 30147 15 0
0 30147 0 0
0 30147 1 0
0 30147 2 0
0 3114 3 0
0 3114 4 0
0 3114 5 0
0 3114 6 0
0 3114 7 0
0 3114 8 0
0 48439 9 0
0 48439 10 0
0 48439 11 0
0 48439 12 0
0 48439 13 0
0 48439 14 0
0 33783 15 0
0 33783 0 0
0 33783 1 0
0 33783 2 0
0 33783 3 0
0 33783 4 0
0 59613 5 0
0 59613 6 0
0 59613 7 0
0 59613 8 0
0 59613 9 0
0 59613 10 0
0 36983 11 0
0 36983 12 0
0 36983 13 0
0 36983 14 0
0 36983 15 0
0 36983 0 0
0 36571 1 0
0 36571 2 0
0 36571 3 0
0 36571 4 0
0 36571 5 0
0 36571 6 0
0 43386 7 0
0 43386 8 0
0 43386 9 0
0 43386 10 0
0 43386 11 0
0 43386 12 0
0 49075 13 0
0 49075 14 0
0 49075 15 0
0 49075 0 0
0 49075 1 0
0 49075 2 0
0 17134 3 0
0 17134 4 0
0 17134 5 0
0 17134 6 0
0 17134 7 0
0 17134 8 0
0 8744 9 0
0 8744 10 0
0 8744 11 0
0 8744 12 0
0 8744 13 0
0 8744 14 0
0 57799 15 0
0 57799 0 0
0 57799 1 0
0 57799 2 0
0 57799 3 0
0 57799 4 0
0 14894 5 0
0 14894 6 0
0 14894 7 0
0 14894 8 0
0 14894 9 0
0 14894 10 0
0 12763 11 0
0 12763 12 0
0 12763 13 0
0 12763 14 0
0 12763 15 0
0 12763 0 0
0 20124 1 0
0 20124 2 0
0 20124 3 0
0 20124 4 0
0 20124 5 0
0 20124 6 0
0 21554 7 0
0 21554 8 0
0 21554 9 0
0 21554 10 0
0 21554 11 0
0 21554 12 0
0 44296 13 0
0 44296 14 0
0 44296 15 0
0 44296 0 0
0 44296 1 0
0 44296 2 0
0 54374 3 0
0 54374 4 0
0 54374 5 0
0 54374 6 0
0 54374 7 0
0 54374 8 0
0 28431 9 0
0 28431 10 0
0 28431 11 0
0 28431 12 0
0 28431 13 0
0 28431 14 0
0 32916 15 0
0 32916 0 0
0 32916 1 0
0 32916 2 0
0 32916 3 0
0 32916 4 0
0 46141 5 0
0 46141 6 0
0 46141 7 0
0 46141 8 0
0 46141 9 0
0 46141 10 0
0 46391 11 0
0 46391 12 0
0 46391 13 0
0 46391 14 0
0 46391 15 0
0 46391 0 0
0 33281 1 0
0 33281 2 0
0 33281 3 0
0 33281 4 0
0 33281 5 0
0 33281 6 0
0 1425 7 0
0 1425 8 0
0 1425 9 0
0 1425 10 0
0 1425 11 0
0 1425 12 0
0 8278 13 0
0 8278 14 0
0 8278 15 0
0 8278 0 0
0 8278 1 0
0 8278 2 0
0 55118 3 0
0 55118 4 0
0 55118 5 0
0 55118 6 0
0 55118 7 0
0 55118 8 0
0 14563 9 0
0 14563 10 0
0 14563 11 0
0 14563 12 0
0 14563 13 0
0 14563 14 0
0 55118 15 0
0 55118 0 0
0 55118 1 0
0 55118 2 0
0 55118 3 0
0 55118 4 0
0 60221 5 0
0 60221 6 0
0 60221 7 0
0 60221 8 0
0 60221 9 0
0 60221 10 0
0 9711 11 0
0 9711 12 0
0 9711 13 0
0 9711 14 0
0 9711 15 0
0 9711 0 0
0 13065 1 0
0 13065 2 0
0 13065 3 0
0 13065 4 0
0 13065 5 0
0 13065 6 0
0 59721 7 0
0 59721 8 0
0 59721 9 0
0 59721 10 0
0 59721 11 0
0 59721 12 0
0 19216 13 0
0 19216 14 0
0 19216 15 0
0 19216 0 0
0 19216 1 0
0 19216 2 0
0 50053 3 0
0 50053 4 0
0 50053 5 0
0 50053 6 0
0 50053 7 0
0 50053 8 0
0 24197 9 0
0 24197 10 0
0 24197 11 0
0 24197 12 0
0 24197 13 0
0 24197 14 0
0 53531 15 0
0 53531 0 0
0 53531 1 0
0 53531 2 0
0 53531 3 0
0 53531 4 0
0 4453 5 0
0 4453 6 0
0 4453 7 0
0 4453 8 0
0 4453 9 0
0 4453 10 0
0 45116 11 0
0 45116 12 0
0 45116 13 0
0 45116 14 0
0 45116 15 0
0 45116 0 0
0 55802 1 0
0 55802 2 0
0 55802 3 0
0 55802 4 0
0 55802 5 0
0 55802 6 0
0 36493 7 0
0 36493 8 0
0 36493 9 0
0 36493 10 0
0 36493 11 0
0 36493 12 0
0 37052 13 0
0 37052 14 0
0 37052 15 0
0 37052 0 0
0 37052 1 0
0 37052 2 0
0 18495 3 0
0 18495 4 0
0 18495 5 0
0 18495 6 0
0 18495 7 0
0 18495 8 0
0 10970 9 0
0 10970 10 0
0 10970 11 0
0 10970 12 0
0 10970 13 0
0 10970 14 0
0 58130 15 0
0 58130 0 0
0 58130 1 0
0 58130 2 0
0 58130 3 0
0 58130 4 0
0 41100 5 0
0 41100 6 0
0 41100 7 0
0 41100 8 0
0 41100 9 0
0 41100 10 0
0 24708 11 0
0 24708 12 0
0 24708 13 0
0 24708 14 0
0 24708 15 0
0 24708 0 0
0 5777 1 0
0 5777 2 0
0 5777 3 0
0 5777 4 0
0 5777 5 0
0 5777 6 0
0 28837 7 0
0 28837 8 0
0 28837 9 0
0 28837 10 0
0 28837 11 0
0 28837 12 0
0 58260 13 0
0 58260 14 0
0 58260 15 0
0 58260 0 0
0 58260 1 0
0 58260 2 0
0 53524 3 0
0 53524 4 0
0 53524 5 0
0 53524 6 0
0 53524 7 0
0 53524 8 0
0 17884 9 0
0 17884 10 0
0 17884 11 0
0 17884 12 0
0 17884 13 0
0 17884 14 0
0 4464 15 0
0 4464 0 0
0 4464 1 0
0 4464 2 0
0 4464 3 0
0 4464 4 0
0 25792 5 0
0 25792 6 0
0 25792 7 0
0 25792 8 0
0 25792 9 0
0 25792 10 0
0 37191 11 0
0 37191 12 0
0 37191 13 0
0 37191 14 0
0 37191 15 0
0 37191 0 0
0 27003 1 0
0 27003 2 0
0 27003 3 0
0 27003 4 0
0 27003 5 0
0 27003 6 0
0 34759 7 0
0 34759 8 0
0 34759 9 0
0 34759 10 0
0 34759 11 0
0 34759 12 0
0 7229 13 0
0 7229 14 0
0 7229 15 0
0 7229 0 0
0 7229 1 0
0 7229 2 0
0 48031 3 0
0 48031 4 0
0 48031 5 0
0 48031 6 0
0 48031 7 0
0 48031 8 0
0 37288 9 0
0 37288 10 0
0 37288 11 0
0 37288 12 0
0 37288 13 0
0 37288 14 0
0 50342 15 0
0 50342 0 0
0 50342 1 0
0 50342 2 0
0 50342 3 0
0 50342 4 0
0 17224 5 0
0 17224 6 0
0 17224 7 0
0 17224 8 0
0 17224 9 0
0 17224 10 0
0 4822 11 0
0 4822 12 0
0 4822 13 0
0 4822 14 0
0 4822 15 0
0 4822 0 0
0 25285 1 0
0 25285 2 0
0 25285 3 0
0 25285 4 0
0 25285 5 0
0 25285 6 0
0 39382 7 0
0 39382 8 0
0 39382 9 0
0 39382 10 0
0 39382 11 0
0 39382 12 0
0 27134 13 0
0 27134 14 0
0 27134 15 0
0 27134 0 0
0 27134 1 0
0 27134 2 0
0 58743 3 0
0 58743 4 0
0 58743 5 0
0 58743 6 0
0 58743 7 0
0 58743 8 0
0 38584 9 0
0 38584 10 0
0 38584 11 0
0 38584 12 0
0 38584 13 0
0 38584 14 0
0 421 15 0
0 421 0 0
0 421 1 0
0 421 2 0
0 421 3 0
0 421 4 0
0 5526 5 0
0 5526 6 0
0 5526 7 0
0 5526 8 0
0 5526 9 0
0 5526 10 0
0 56125 11 0
0 56125 12 0
0 56125 13 0
0 56125 14 0
0 56125 15 0
0 56125 0 0
0 57191 1 0
0 57191 2 0
0 57191 3 0
0 57191 4 0
0 57191 5 0
0 57191 6 0
0 1355 7 0
0 1355 8 0
0 1355 9 0
0 1355 10 0
0 1355 11 0
0 1355 12 0
0 21825 13 0
0 21825 14 0
0 21825 15 0
0 21825 0 0
0 21825 1 0
0 21825 2 0
0 13533 3 0
0 13533 4 0
0 13533 5 0
0 13533 6 0
0 13533 7 0
0 13533 8 0
0 48106 9 0
0 48106 10 0
0 48106 11 0
0 48106 12 0
0 48106 13 0
0 48106 14 0
0 54924 15 0
0 54924 0 0
0 54924 1 0
0 54924 2 0
0 54924 3 0
0 54924 4 0
0 30214 5 0
0 30214 6 0
0 30214 7 0
0 30214 8 0
0 30214 9 0
0 30214 10 0
0 35231 11 0
0 35231 12 0
0 35231 13 0
0 35231 14 0
0 35231 15 0
0 35231 0 0
0 52635 1 0
0 52635 2 0
0 52635 3 0
0 52635 4 0
0 52635 5 0
0 52635 6 0
0 46418 7 0
0 46418 8 0
0 46418 9 0
0 46418 10 0
0 46418 11 0
0 46418 12 0
0 20340 13 0
0 20340 14 0
0 20340 15 0
0 20340 0 0
0 20340 1 0
0 20340 2 0
0 11961 3 0
0 11961 4 0
0 11961 5 0
0 11961 6 0
0 11961 7 0
0 11961 8 0
0 42935 9 0
0 42935 10 0
0 42935 11 0
0 42935 12 0
0 42935 13 0
0 42935 14 0
0 28178 15 0
0 28178 0 0
0 28178 1 0
0 28178 2 0
0 28178 3 0
0 28178 4 0
0 5499 5 0
0 5499 6 0
0 5499 7 0
0 5499 8 0
0 5499 9 0
0 5499 10 0
0 51558 11 0
0 51558 12 0
0 51558 13 0
0 51558 14 0
0 51558 15 0
0 51558 0 0
0 49243 1 0
0 49243 2 0
0 49243 3 0
0 49243 4 0
0 49243 5 0
0 49243 6 0
0 36498 7 0
0 36498 8 0
0 36498 9 0
0 36498 10 0
0 36498 11 0
0 36498 12 0
0 43175 13 0
0 43175 14 0
0 43175 15 0
0 43175 0 0
0 43175 1 0
0 43175 2 0
0 25595 3 0
0 25595 4 0
0 25595 5 0
0 25595 6 0
0 25595 7 0
0 25595 8 0
0 30997 9 0
0 30997 10 0
0 30997 11 0
0 30997 12 0
0 30997 13 0
0 30997 14 0
0 4783 15 0
0 4783 0 0
0 4783 1 0
0 4783 2 0
0 4783 3 0
0 4783 4 0
0 64384 5 0
0 64384 6 0
0 64384 7 0
0 64384 8 0
0 64384 9 0
0 64384 10 0
0 32366 11 0
0 32366 12 0
0 32366 13 0
0 32366 14 0
0 32366 15 0
0 32366 0 0
0 26914 1 0
0 26914 2 0
0 26914 3 0
0 26914 4 0
0 26914 5 0
0 26914 6 0
0 36827 7 0
0 36827 8 0
0 36827 9 0
0 36827 10 0
0 36827 11 0
0 36827 12 0
0 21061 13 0
0 21061 14 0
0 21061 15 0
0 21061 0 0
0 21061 1 0
0 21061 2 0
0 24139 3 0
0 24139 4 0
0 24139 5 0
0 24139 6 0
0 24139 7 0
0 24139 8 0
0 59136 9 0
0 59136 10 0
0 59136 11 0
0 59136 12 0
0 59136 13 0
0 59136 14 0
0 30347 15 0
0 30347 0 0
0 30347 1 0
0 30347 2 0
0 30347 3 0
0 30347 4 0
0 5724 5 0
0 5724 6 0
0 5724 7 0
0 5724 8 0
0 5724 9 0
0 5724 10 0
0 10273 11 0
0 10273 12 0
0 10273 13 0
0 10273 14 0
0 10273 15 0
0 10273 0 0
0 30372 1 0
0 30372 2 0
0 30372 3 0
0 30372 4 0
0 30372 5 0
0 30372 6 0
0 51891 7 0
0 51891 8 0
0 51891 9 0
0 51891 10 0
0 51891 11 0
0 51891 12 0
0 52081 13 0
0 52081 14 0
0 52081 15 0
0 52081 0 0
0 52081 1 0
0 52081 2 0
0 55410 3 0
0 55410 4 0
0 55410 5 0
0 55410 6 0
0 55410 7 0
0 55410 8 0
0 3616 9 0
0 3616 10 0
0 3616 11 0
0 3616 12 0
0 3616 13 0
0 3616 14 0
0 19077 15 0
0 19077 0 0
0 19077 1 0
0 19077 2 0
0 19077 3 0
0 19077 4 0
0 37774 5 0
0 37774 6 0
0 37774 7 0
0 37774 8 0
0 37774 9 0
0 37774 10 0
0 40435 11 0
0 40435 12 0
0 40435 13 0
0 40435 14 0
0 40435 15 0
0 40435 0 0
0 5834 1 0
0 5834 2 0
0 5834 3 0
0 5834 4 0
0 5834 5 0
0 5834 6 0
0 26743 7 0
0 26743 8 0
0 26743 9 0
0 26743 10 0
0 26743 11 0
0 26743 12 0
0 39068 13 0
0 39068 14 0
0 39068 15 0
0 39068 0 0
0 39068 1 0
0 39068 2 0
0 63726 3 0
0 63726 4 0
0 63726 5 0
0 63726 6 0
0 63726 7 0
0 63726 8 0
0 50098 9 0
0 50098 10 0
0 50098 11 0
0 50098 12 0
0 50098 13 0
0 50098 14 0
0 14792 15 0
0 14792 0 0
0 14792 1 0
0 14792 2 0
0 14792 3 0
0 14792 4 0
0 45707 5 0
0 45707 6 0
0 45707 7 0
0 45707 8 0
0 45707 9 0
0 45707 10 0
0 11701 11 0
0 11701 12 0
0 11701 13 0
0 11701 14 0
0 11701 15 0
0 11701 0 0
0 60005 1 0
0 60005 2 0
0 60005 3 0
0 60005 4 0
0 60005 5 0
0 60005 6 0
0 47677 7 0
0 47677 8 0
0 47677 9 0
0 47677 10 0
0 47677 11 0
0 47677 12 0
0 29343 13 0
0 29343 14 0
0 29343 15 0
0 29343 0 0
0 29343 1 0
0 29343 2 0
0 5806 3 0
0 5806 4 0
0 5806 5 0
0 5806 6 0
0 5806 7 0
0 5806 8 0
0 13255 9 0
0 13255 10 0
0 13255 11 0
0 13255 12 0
0 13255 13 0
0 13255 14 0
0 46945 15 0
0 46945 0 0
0 46945 1 0
0 46945 2 0
0 46945 3 0
0 46945 4 0
0 60433 5 0
0 60433 6 0
0 60433 7 0
0 60433 8 0
0 60433 9 0
0 60433 10 0
0 25016 11 0
0 25016 12 0
0 25016 13 0
0 25016 14 0
0 25016 15 0
0 25016 0 0
0 40666 1 0
0 40666 2 0
0 40666 3 0
0 40666 4 0
0 40666 5 0
0 40666 6 0
0 37904 7 0
0 37904 8 0
0 37904 9 0
0 37904 10 0
0 37904 11 0
0 37904 12 0
0 12991 13 0
0 12991 14 0
0 12991 15 0
0 12991 0 0
0 12991 1 0
0 12991 2 0
0 385 3 0
0 385 4 0
0 385 5 0
0 385 6 0
0 385 7 0
0 385 8 0
0 8921 9 0
0 8921 10 0
0 8921 11 0
0 8921 12 0
0 8921 13 0
0 8921 14 0
0 57037 15 0
0 57037 0 0
0 57037 1 0
0 57037 2 0
0 57037 3 0
0 57037 4 0
0 26295 5 0
0 26295 6 0
0 26295 7 0
0 26295 8 0
0 26295 9 0
0 26295 10 0
0 64919 11 0
0 64919 12 0
0 64919 13 0
0 64919 14 0
0 64919 15 0
0 64919 0 0
0 26790 1 0
0 26790 2 0
0 26790 3 0
0 26790 4 0
0 26790 5 0
0 26790 6 0
0 64058 7 0
0 64058 8 0
0 64058 9 0
0 64058 10 0
0 64058 11 0
0 64058 12 0
0 53128 13 0
0 53128 14 0
0 53128 15 0
0 53128 0 0
0 53128 1 0
0 53128 2 0
0 61967 3 0
0 61967 4 0
0 61967 5 0
0 61967 6 0
0 61967 7 0
0 61967 8 0
0 21102 9 0
0 21102 10 0
0 21102 11 0
0 21102 12 0
0 21102 13 0
0 21102 14 0
0 20228 15 0
0 20228 0 0
0 20228 1 0
0 20228 2 0
0 20228 3 0
0 20228 4 0
0 572 5 0
0 572 6 0
0 572 7 0
0 572 8 0
0 572 9 0
0 572 10 0
0 59611 11 0
0 59611 12 0
0 59611 13 0
0 59611 14 0
0 59611 15 0
0 59611 0 0
0 9694 1 0
0 9694 2 0
0 9694 3 0
0 9694 4 0
0 9694 5 0
0 9694 6 0
0 54106 7 0
0 54106 8 0
0 54106 9 0
0 54106 10 0
0 54106 11 0
0 54106 12 0
0 41952 13 0
0 41952 14 0
0 41952 15 0
0 41952 0 0
0 41952 1 0
0 41952 2 0
0 23486 3 0
0 23486 4 0
0 23486 5 0
0 23486 6 0
0 23486 7 0
0 23486 8 0
0 10496 9 0
0 10496 10 0
0 10496 11 0
0 10496 12 0
0 10496 13 0
0 10496 14 0
0 44594 15 0
0 44594 0 0
0 44594 1 0
0 44594 2 0
0 44594 3 0
0 44594 4 0
0 59687 5 0
0 59687 6 0
0 59687 7 0
0 59687 8 0
0 59687 9 0
0 59687 10 0
0 25281 11 0
0 25281 12 0
0 25281 13 0
0 25281 14 0
0 25281 15 0
0 25281 0 0
0 64131 1 0
0 64131 2 0
0 64131 3 0
0 64131 4 0
0 64131 5 0
0 64131 6 0
0 55034 7 0
0 55034 8 0
0 55034 9 0
0 55034 10 0
0 55034 11 0
0 55034 12 0
0 6687 13 0
0 6687 14 0
0 6687 15 0
0 6687 0 0
0 6687 1 0
0 6687 2 0
0 20661 3 0
0 20661 4 0
0 20661 5 0
0 20661 6 0
0 20661 7 0
0 20661 8 0
0 32819 9 0
0 32819 10 0
0 32819 11 0
0 32819 12 0
0 32819 13 0
0 32819 14 0
0 38242 15 0
0 38242 0 0
0 38242 1 0
0 38242 2 0
0 38242 3 0
0 38242 4 0
0 38590 5 0
0 38590 6 0
0 38590 7 0
0 38590 8 0
0 38590 9 0
0 38590 10 0
0 57105 11 0
0 57105 12 0
0 57105 13 0
0 57105 14 0
0 57105 15 0
0 57105 0 0
0 253 1 0
0 253 2 0
0 253 3 0
0 253 4 0
0 253 5 0
0 253 6 0
0 64627 7 0
0 64627 8 0
0 64627 9 0
0 64627 10 0
0 64627 11 0
0 64627 12 0
0 9016 13 0
0 9016 14 0
0 9016 15 0
0 9016 0 0
0 9016 1 0
0 9016 2 0
0 61836 3 0
0 61836 4 0
0 61836 5 0
0 61836 6 0
0 61836 7 0
0 61836 8 0
0 38167 9 0
0 38167 10 0
0 38167 11 0
0 38167 12 0
0 38167 13 0
0 38167 14 0
0 61197 15 0
0 61197 0 0
0 61197 1 0
0 61197 2 0
0 61197 3 0
0 61197 4 0
0 48060 5 0
0 48060 6 0
0 48060 7 0
0 48060 8 0
0 48060 9 0
0 48060 10 0
0 62892 11 0
0 62892 12 0
0 62892 13 0
0 62892 14 0
0 62892 15 0
0 62892 0 0
0 9163 1 0
0 9163 2 0
0 9163 3 0
0 9163 4 0
0 9163 5 0
0 9163 6 0
0 40399 7 0
0 40399 8 0
0 40399 9 0
0 40399 10 0
0 40399 11 0
0 40399 12 0
0 27598 13 0
0 27598 14 0
0 27598 15 0
0 27598 0 0
0 27598 1 0
0 27598 2 0
0 54852 3 0
0 54852 4 0
0 54852 5 0
0 54852 6 0
0 54852 7 0
0 54852 8 0
0 60734 9 0
0 60734 10 0
0 60734 11 0
0 60734 12 0
0 60734 13 0
0 60734 14 0
0 46102 15 0
0 46102 0 0
0 46102 1 0
0 46102 2 0
0 46102 3 0
0 46102 4 0
0 57995 5 0
0 57995 6 0
0 57995 7 0
0 57995 8 0
0 57995 9 0
0 57995 10 0
0 18970 11 0
0 18970 12 0
0 18970 13 0
0 18970 14 0
0 18970 15 0
0 18970 0 0
0 63137 1 0
0 63137 2 0
0 63137 3 0
0 63137 4 0
0 63137 5 0
0 63137 6 0
0 47332 7 0
0 47332 8 0
0 47332 9 0
0 47332 10 0
0 47332 11 0
0 47332 12 0
0 8436 13 0
0 8436 14 0
0 8436 15 0
0 8436 0 0
0 8436 1 0
0 8436 2 0
0 33699 3 0
0 33699 4 0
0 33699 5 0
0 33699 6 0
0 33699 7 0
0 33699 8 0
0 27419 9 0
0 27419 10 0
0 27419 11 0
0 27419 12 0
0 27419 13 0
0 27419 14 0
0 17753 15 0
0 17753 0 0
0 17753 1 0
0 17753 2 0
0 17753 3 0
0 17753 4 0
0 37494 5 0
0 37494 6 0
0 37494 7 0
0 37494 8 0
0 37494 9 0
0 37494 10 0
0 10628 11 0
0 10628 12 0
0 10628 13 0
0 10628 14 0
0 10628 15 0
0 10628 0 0
0 23227 1 0
0 23227 2 0
0 23227 3 0
0 23227 4 0
0 23227 5 0
0 23227 6 0
0 556 7 0
0 556 8 0
0 556 9 0
0 556 10 0
0 556 11 0
0 556 12 0
0 59747 13 0
0 59747 14 0
0 59747 15 0
0 59747 0 0
0 59747 1 0
0 59747 2 0
0 63287 3 0
0 63287 4 0
0 63287 5 0
0 63287 6 0
0 63287 7 0
0 63287 8 0
0 36416 9 0
0 36416 10 0
0 36416 11 0
0 36416 12 0
0 36416 13 0
0 36416 14 0
0 23763 15 0
0 23763 0 0
0 23763 1 0
0 23763 2 0
0 23763 3 0
0 23763 4 0
0 680 5 0
0 680 6 0
0 680 7 0
0 680 8 0
0 680 9 0
0 680 10 0
0 56990 11 0
0 56990 12 0
0 56990 13 0
0 56990 14 0
0 56990 15 0
0 56990 0 0
0 46132 1 0
0 46132 2 0
0 46132 3 0
0 46132 4 0
0 46132 5 0
0 46132 6 0
0 39555 7 0
0 39555 8 0
0 39555 9 0
0 39555 10 0
0 39555 11 0
0 39555 12 0
0 57307 13 0
0 57307 14 0
0 57307 15 0
0 57307 0 0
0 57307 1 0
0 57307 2 0
0 6254 3 0
0 6254 4 0
0 6254 5 0
0 6254 6 0
0 6254 7 0
0 6254 8 0
0 4294 9 0
0 4294 10 0
0 4294 11 0
0 4294 12 0
0 4294 13 0
0 4294 14 0
0 6077 15 0
0 6077 0 0
0 6077 1 0
0 6077 2 0
0 6077 3 0
0 6077 4 0
0 32592 5 0
0 32592 6 0
0 32592 7 0
0 32592 8 0
0 32592 9 0
0 32592 10 0
0 55473 11 0
0 55473 12 0
0 55473 13 0
0 55473 14 0
0 55473 15 0
0 55473 0 0
0 12006 1 0
0 12006 2 0
0 12006 3 0
0 12006 4 0
0 12006 5 0
0 12006 6 0
0 6115 7 0
0 6115 8 0
0 6115 9 0
0 6115 10 0
0 6115 11 0
0 6115 12 0
0 49206 13 0
0 49206 14 0
0 49206 15 0
0 49206 0 0
0 49206 1 0
0 49206 2 0
0 61577 3 0
0 61577 4 0
0 61577 5 0
0 61577 6 0
0 61577 7 0
0 61577 8 0
0 27509 9 0
0 27509 10 0
0 27509 11 0
0 27509 12 0
0 27509 13 0
0 27509 14 0
0 15342 15 0
0 15342 0 0
0 15342 1 0
0 15342 2 0
0 15342 3 0
0 15342 4 0
0 35048 5 0
0 35048 6 0
0 35048 7 0
0 35048 8 0
0 35048 9 0
0 35048 10 0
0 2396 11 0
0 2396 12 0
0 2396 13 0
0 2396 14 0
0 2396 15 0
0 2396 0 0
0 22783 1 0
0 22783 2 0
0 22783 3 0
0 22783 4 0
0 22783 5 0
0 22783 6 0
0 62146 7 0
0 62146 8 0
0 62146 9 0
0 62146 10 0
0 62146 11 0
0 62146 12 0
0 6182 13 0
0 6182 14 0
0 6182 15 0
0 6182 0 0
0 6182 1 0
0 6182 2 0
0 8783 3 0
0 8783 4 0
0 8783 5 0
0 8783 6 0
0 8783 7 0
0 8783 8 0
0 2484 9 0
0 2484 10 0
0 2484 11 0
0 2484 12 0
0 2484 13 0
0 2484 14 0
0 32960 15 0
0 32960 0 0
0 32960 1 0
0 32960 2 0
0 32960 3 0
0 32960 4 0
0 19078 5 0
0 19078 6 0
0 19078 7 0
0 19078 8 0
0 19078 9 0
0 19078 10 0
0 57372 11 0
0 57372 12 0
0 57372 13 0
0 57372 14 0
0 57372 15 0
0 57372 0 0
0 20784 1 0
0 20784 2 0
0 20784 3 0
0 20784 4 0
0 20784 5 0
0 20784 6 0
0 28447 7 0
0 28447 8 0
0 28447 9 0
0 28447 10 0
0 28447 11 0
0 28447 12 0
0 31344 13 0
0 31344 14 0
0 31344 15 0
0 31344 0 0
0 31344 1 0
0 31344 2 0
0 28692 3 0
0 28692 4 0
0 28692 5 0
0 28692 6 0
0 28692 7 0
0 28692 8 0
0 2347 9 0
0 2347 10 0
0 2347 11 0
0 2347 12 0
0 2347 13 0
0 2347 14 0
0 8056 15 0
0 8056 0 0
0 8056 1 0
0 8056 2 0
0 8056 3 0
0 8056 4 0
0 58859 5 0
0 58859 6 0
0 58859 7 0
0 58859 8 0
0 58859 9 0
0 58859 10 0
0 64036 11 0
0 64036 12 0
0 64036 13 0
0 64036 14 0
0 64036 15 0
0 64036 0 0
0 43503 1 0
0 43503 2 0
0 43503 3 0
0 43503 4 0
0 43503 5 0
0 43503 6 0
0 19868 7 0
0 19868 8 0
0 19868 9 0
0 19868 10 0
0 19868 11 0
0 19868 12 0
0 9420 13 0
0 9420 14 0
0 9420 15 0
0 9420 0 0
0 9420 1 0
0 9420 2 0
0 8089 3 0
0 8089 4 0
0 8089 5 0
0 8089 6 0
0 8089 7 0
0 8089 8 0
0 6284 9 0
0 6284 10 0
0 6284 11 0
0 6284 12 0
0 6284 13 0
0 6284 14 0
0 7363 15 0
0 7363 0 0
0 7363 1 0
0 7363 2 0
0 7363 3 0
0 7363 4 0
0 29932 5 0
0 29932 6 0
0 29932 7 0
0 29932 8 0
0 29932 9 0
0 29932 10 0
0 52636 11 0
0 52636 12 0
0 52636 13 0
0 52636 14 0
0 52636 15 0
0 52636 0 0
0 34620 1 0
0 34620 2 0
0 34620 3 0
0 34620 4 0
0 34620 5 0
0 34620 6 0
0 1266 7 0
0 1266 8 0
0 1266 9 0
0 1266 10 0
0 1266 11 0
0 1266 12 0
0 64797 13 0
0 64797 14 0
0 64797 15 0
0 64797 0 0
0 64797 1 0
0 64797 2 0
0 34242 3 0
0 34242 4 0
0 34242 5 0
0 34242 6 0
0 34242 7 0
0 34242 8 0
0 13162 9 0
0 13162 10 0
0 13162 11 0
0 13162 12 0
0 13162 13 0
0 13162 14 0
0 19641 15 0
0 19641 0 0
0 19641 1 0
0 19641 2 0
0 19641 3 0
0 19641 4 0
0 10489 5 0
0 10489 6 0
0 10489 7 0
0 10489 8 0
0 10489 9 0
0 10489 10 0
0 48532 11 0
0 48532 12 0
0 48532 13 0
0 48532 14 0
0 48532 15 0
0 48532 0 0
0 41732 1 0
0 41732 2 0
0 41732 3 0
0 41732 4 0
0 41732 5 0
0 41732 6 0
0 26297 7 0
0 26297 8 0
0 26297 9 0
0 26297 10 0
0 26297 11 0
0 26297 12 0
0 27708 13 0
0 27708 14 0
0 27708 15 0
0 27708 0 0
0 27708 1 0
0 27708 2 0
0 39179 3 0
0 39179 4 0
0 39179 5 0
0 39179 6 0
0 39179 7 0
0 39179 8 0
0 32498 9 0
0 32498 10 0
0 32498 11 0
0 32498 12 0
0 32498 13 0
0 32498 14 0
0 20696 15 0
0 20696 0 0
0 20696 1 0
0 20696 2 0
0 20696 3 0
0 20696 4 0
0 24289 5 0
0 24289 6 0
0 24289 7 0
0 24289 8 0
0 24289 9 0
0 24289 10 0
0 46361 11 0
0 46361 12 0
0 46361 13 0
0 46361 14 0
0 46361 15 0
0 46361 0 0
0 8829 1 0
0 8829 2 0
0 8829 3 0
0 8829 4 0
0 8829 5 0
0 8829 6 0
0 13264 7 0
0 13264 8 0
0 13264 9 0
0 13264 10 0
0 13264 11 0
0 13264 12 0
0 37390 13 0
0 37390 14 0
0 37390 15 0
0 37390 0 0
0 37390 1 0
0 37390 2 0
0 54321 3 0
0 54321 4 0
0 54321 5 0
0 54321 6 0
0 54321 7 0
0 54321 8 0
0 55494 9 0
0 55494 10 0
0 55494 11 0
0 55494 12 0
0 55494 13 0
0 55494 14 0
0 33326 15 0
0 33326 0 0
0 33326 1 0
0 33326 2 0
0 33326 3 0
0 33326 4 0
0 20056 5 0
0 20056 6 0
0 20056 7 0
0 20056 8 0
0 20056 9 0
0 20056 10 0
0 14532 11 0
0 14532 12 0
0 14532 13 0
0 14532 14 0
0 14532 15 0
0 14532 0 0
0 48740 1 0
0 48740 2 0
0 48740 3 0
0 48740 4 0
0 48740 5 0
0 48740 6 0
0 52200 7 0
0 52200 8 0
0 52200 9 0
0 52200 10 0
0 52200 11 0
0 52200 12 0
0 15794 13 0
0 15794 14 0
0 15794 15 0
0 15794 0 0
0 15794 1 0
0 15794 2 0
0 24425 3 0
0 24425 4 0
0 24425 5 0
0 24425 6 0
0 24425 7 0
0 24425 8 0
0 6453 9 0
0 6453 10 0
0 6453 11 0
0 6453 12 0
0 6453 13 0
0 6453 14 0
0 53540 15 0
0 53540 0 0
0 53540 1 0
0 53540 2 0
0 53540 3 0
0 53540 4 0
0 4067 5 0
0 4067 6 0
0 4067 7 0
0 4067 8 0
0 4067 9 0
0 4067 10 0
0 35644 11 0
0 35644 12 0
0 35644 13 0
0 35644 14 0
0 35644 15 0
0 35644 0 0
0 41335 1 0
0 41335 2 0
0 41335 3 0
0 41335 4 0
0 41335 5 0
0 41335 6 0
0 30925 7 0
0 30925 8 0
0 30925 9 0
0 30925 10 0
0 30925 11 0
0 30925 12 0
0 2218 13 0
0 2218 14 0
0 2218 15 0
