0 0 0 0
0 0 1 0
0 0 2 0
0 0 3 0
0 0 4 0
0 58931 5 0
0 58931 6 0
0 58931 7 0
0 58931 8 0
0 58931 9 0
0 58931 10 0
0 9642 11 0
0 9642 12 0
0 9642 13 0
0 9642 14 0
0 9642 15 0
0 9642 0 0
0 42011 1 0
0 42011 2 0
0 42011 3 0
0 42011 4 0
0 42011 5 0
0 42011 6 0
0 41858 7 0
0 41858 8 0
0 41858 9 0
0 41858 10 0
0 41858 11 0
0 41858 12 0
0 46905 13 0
0 46905 14 0
0 46905 15 0
0 46905 0 0
0 46905 1 0
0 46905 2 0
0 44804 3 0
0 44804 4 0
0 44804 5 0
0 44804 6 0
0 44804 7 0
0 44804 8 0
0 35601 9 0
0 35601 10 0
0 35601 11 0
0 35601 12 0
0 35601 13 0
0 35601 14 0
0 48227 15 0
0 48227 0 0
0 48227 1 0
0 48227 2 0
0 48227 3 0
0 48227 4 0
0 57690 5 0
0 57690 6 0
0 57690 7 0
0 57690 8 0
0 57690 9 0
0 57690 10 0
0 26754 11 0
0 26754 12 0
0 26754 13 0
0 26754 14 0
0 26754 15 0
0 26754 0 0
0 57174 1 0
0 57174 2 0
0 57174 3 0
0 57174 4 0
0 57174 5 0
0 57174 6 0
0 4238 7 0
0 4238 8 0
0 4238 9 0
0 4238 10 0
0 4238 11 0
0 4238 12 0
0 43815 13 0
0 43815 14 0
0 43815 15 0
0 43815 0 0
0 43815 1 0
0 43815 2 0
0 47887 3 0
0 47887 4 0
0 47887 5 0
0 47887 6 0
0 47887 7 0
0 47887 8 0
0 54597 9 0
0 54597 10 0
0 54597 11 0
0 54597 12 0
0 54597 13 0
0 54597 14 0
0 12397 15 0
0 12397 0 0
0 12397 1 0
0 12397 2 0
0 12397 3 0
0 12397 4 0
0 25776 5 0
0 25776 6 0
0 25776 7 0
0 25776 8 0
0 25776 9 0
0 25776 10 0
0 17133 11 0
0 17133 12 0
0 17133 13 0
0 17133 14 0
0 17133 15 0
0 17133 0 0
0 63146 1 0
0 63146 2 0
0 63146 3 0
0 63146 4 0
0 63146 5 0
0 63146 6 0
0 58981 7 0
0 58981 8 0
0 58981 9 0
0 58981 10 0
0 58981 11 0
0 58981 12 0
0 39533 13 0
0 39533 14 0
0 39533 15 0
0 39533 0 0
0 39533 1 0
0 39533 2 0
0 46367 3 0
0 46367 4 0
0 46367 5 0
0 46367 6 0
0 46367 7 0
0 46367 8 0
0 22903 9 0
0 22903 10 0
0 22903 11 0
0 22903 12 0
0 22903 13 0
0 22903 14 0
0 4796 15 0
0 4796 0 0
0 4796 1 0
0 4796 2 0
0 4796 3 0
0 4796 4 0
0 30386 5 0
0 30386 6 0
0 30386 7 0
0 30386 8 0
0 30386 9 0
0 30386 10 0
0 37547 11 0
0 37547 12 0
0 37547 13 0
0 37547 14 0
0 37547 15 0
0 37547 0 0
0 44126 1 0
0 44126 2 0
0 44126 3 0
0 44126 4 0
0 44126 5 0
0 44126 6 0
0 10536 7 0
0 10536 8 0
0 10536 9 0
0 10536 10 0
0 10536 11 0
0 10536 12 0
0 59706 13 0
0 59706 14 0
0 59706 15 0
0 59706 0 0
0 59706 1 0
0 59706 2 0
0 17865 3 0
0 17865 4 0
0 17865 5 0
0 17865 6 0
0 17865 7 0
0 17865 8 0
0 56179 9 0
0 56179 10 0
0 56179 11 0
0 56179 12 0
0 56179 13 0
0 56179 14 0
0 11825 15 0
0 11825 0 0
0 11825 1 0
0 11825 2 0
0 11825 3 0
0 11825 4 0
0 25246 5 0
0 25246 6 0
0 25246 7 0
0 25246 8 0
0 25246 9 0
0 25246 10 0
0 8898 11 0
0 8898 12 0
0 8898 13 0
0 8898 14 0
0 8898 15 0
0 8898 0 0
0 22611 1 0
0 22611 2 0
0 22611 3 0
0 22611 4 0
0 22611 5 0
0 22611 6 0
0 9325 7 0
0 9325 8 0
0 9325 9 0
0 9325 10 0
0 9325 11 0
0 9325 12 0
0 35123 13 0
0 35123 14 0
0 35123 15 0
0 35123 0 0
0 35123 1 0
0 35123 2 0
0 51344 3 0
0 51344 4 0
0 51344 5 0
0 51344 6 0
0 51344 7 0
0 51344 8 0
0 27336 9 0
0 27336 10 0
0 27336 11 0
0 27336 12 0
0 27336 13 0
0 27336 14 0
0 10852 15 0
0 10852 0 0
0 10852 1 0
0 10852 2 0
0 10852 3 0
0 10852 4 0
0 42875 5 0
0 42875 6 0
0 42875 7 0
0 42875 8 0
0 42875 9 0
0 42875 10 0
0 16322 11 0
0 16322 12 0
0 16322 13 0
0 16322 14 0
0 16322 15 0
0 16322 0 0
0 1068 1 0
0 1068 2 0
0 1068 3 0
0 1068 4 0
0 1068 5 0
0 1068 6 0
0 21476 7 0
0 21476 8 0
0 21476 9 0
0 21476 10 0
0 21476 11 0
0 21476 12 0
0 20168 13 0
0 20168 14 0
0 20168 15 0
0 20168 0 0
0 20168 1 0
0 20168 2 0
0 2045 3 0
0 2045 4 0
0 2045 5 0
0 2045 6 0
0 2045 7 0
0 2045 8 0
0 16749 9 0
0 16749 10 0
0 16749 11 0
0 16749 12 0
0 16749 13 0
0 16749 14 0
0 20049 15 0
0 20049 0 0
0 20049 1 0
0 20049 2 0
0 20049 3 0
0 20049 4 0
0 24414 5 0
0 24414 6 0
0 24414 7 0
0 24414 8 0
0 24414 9 0
0 24414 10 0
0 38320 11 0
0 38320 12 0
0 38320 13 0
0 38320 14 0
0 38320 15 0
0 38320 0 0
0 24523 1 0
0 24523 2 0
0 24523 3 0
0 24523 4 0
0 24523 5 0
0 24523 6 0
0 28395 7 0
0 28395 8 0
0 28395 9 0
0 28395 10 0
0 28395 11 0
0 28395 12 0
0 5333 13 0
0 5333 14 0
0 5333 15 0
0 5333 0 0
0 5333 1 0
0 5333 2 0
0 23522 3 0
0 23522 4 0
0 23522 5 0
0 23522 6 0
0 23522 7 0
0 23522 8 0
0 42776 9 0
0 42776 10 0
0 42776 11 0
0 42776 12 0
0 42776 13 0
0 42776 14 0
0 42804 15 0
0 42804 0 0
0 42804 1 0
0 42804 2 0
0 42804 3 0
0 42804 4 0
0 54052 5 0
0 54052 6 0
0 54052 7 0
0 54052 8 0
0 54052 9 0
0 54052 10 0
0 23113 11 0
0 23113 12 0
0 23113 13 0
0 23113 14 0
0 23113 15 0
0 23113 0 0
0 41557 1 0
0 41557 2 0
0 41557 3 0
0 41557 4 0
0 41557 5 0
0 41557 6 0
0 38358 7 0
0 38358 8 0
0 38358 9 0
0 38358 10 0
0 38358 11 0
0 38358 12 0
0 18978 13 0
0 18978 14 0
0 18978 15 0
0 18978 0 0
0 18978 1 0
0 18978 2 0
0 51242 3 0
0 51242 4 0
0 51242 5 0
0 51242 6 0
0 51242 7 0
0 51242 8 0
0 59858 9 0
0 59858 10 0
0 59858 11 0
0 59858 12 0
0 59858 13 0
0 59858 14 0
0 15386 15 0
0 15386 0 0
0 15386 1 0
0 15386 2 0
0 15386 3 0
0 15386 4 0
0 23177 5 0
0 23177 6 0
0 23177 7 0
0 23177 8 0
0 23177 9 0
0 23177 10 0
0 33825 11 0
0 33825 12 0
0 33825 13 0
0 33825 14 0
0 33825 15 0
0 33825 0 0
0 20617 1 0
0 20617 2 0
0 20617 3 0
0 20617 4 0
0 20617 5 0
0 20617 6 0
0 48221 7 0
0 48221 8 0
0 48221 9 0
0 48221 10 0
0 48221 11 0
0 48221 12 0
0 57620 13 0
0 57620 14 0
0 57620 15 0
0 57620 0 0
0 57620 1 0
0 57620 2 0
0 40117 3 0
0 40117 4 0
0 40117 5 0
0 40117 6 0
0 40117 7 0
0 40117 8 0
0 31414 9 0
0 31414 10 0
0 31414 11 0
0 31414 12 0
0 31414 13 0
0 31414 14 0
0 5757 15 0
0 5757 0 0
0 5757 1 0
0 5757 2 0
0 5757 3 0
0 5757 4 0
0 58868 5 0
0 58868 6 0
0 58868 7 0
0 58868 8 0
0 58868 9 0
0 58868 10 0
0 51121 11 0
0 51121 12 0
0 51121 13 0
0 51121 14 0
0 51121 15 0
0 51121 0 0
0 1147 1 0
0 1147 2 0
0 1147 3 0
0 1147 4 0
0 1147 5 0
0 1147 6 0
0 40325 7 0
0 40325 8 0
0 40325 9 0
0 40325 10 0
0 40325 11 0
0 40325 12 0
0 24692 13 0
0 24692 14 0
0 24692 15 0
0 24692 0 0
0 24692 1 0
0 24692 2 0
0 11808 3 0
0 11808 4 0
0 11808 5 0
0 11808 6 0
0 11808 7 0
0 11808 8 0
0 32042 9 0
0 32042 10 0
0 32042 11 0
0 32042 12 0
0 32042 13 0
0 32042 14 0
0 46039 15 0
0 46039 0 0
0 46039 1 0
0 46039 2 0
0 46039 3 0
0 46039 4 0
0 30633 5 0
0 30633 6 0
0 30633 7 0
0 30633 8 0
0 30633 9 0
0 30633 10 0
0 23903 11 0
0 23903 12 0
0 23903 13 0
0 23903 14 0
0 23903 15 0
0 23903 0 0
0 34477 1 0
0 34477 2 0
0 34477 3 0
0 34477 4 0
0 34477 5 0
0 34477 6 0
0 11818 7 0
0 11818 8 0
0 11818 9 0
0 11818 10 0
0 11818 11 0
0 11818 12 0
0 44135 13 0
0 44135 14 0
0 44135 15 0
0 44135 0 0
0 44135 1 0
0 44135 2 0
0 22307 3 0
0 22307 4 0
0 22307 5 0
0 22307 6 0
0 22307 7 0
0 22307 8 0
0 10903 9 0
0 10903 10 0
0 10903 11 0
0 10903 12 0
0 10903 13 0
0 10903 14 0
0 12661 15 0
0 12661 0 0
0 12661 1 0
0 12661 2 0
0 12661 3 0
0 12661 4 0
0 9772 5 0
0 9772 6 0
0 9772 7 0
0 9772 8 0
0 9772 9 0
0 9772 10 0
0 9178 11 0
0 9178 12 0
0 9178 13 0
0 9178 14 0
0 9178 15 0
0 9178 0 0
0 28183 1 0
0 28183 2 0
0 28183 3 0
0 28183 4 0
0 28183 5 0
0 28183 6 0
0 52288 7 0
0 52288 8 0
0 52288 9 0
0 52288 10 0
0 52288 11 0
0 52288 12 0
0 32565 13 0
0 32565 14 0
0 32565 15 0
0 32565 0 0
0 32565 1 0
0 32565 2 0
0 47269 3 0
0 47269 4 0
0 47269 5 0
0 47269 6 0
0 47269 7 0
0 47269 8 0
0 13849 9 0
0 13849 10 0
0 13849 11 0
0 13849 12 0
0 13849 13 0
0 13849 14 0
0 10722 15 0
0 10722 0 0
0 10722 1 0
0 10722 2 0
0 10722 3 0
0 10722 4 0
0 43467 5 0
0 43467 6 0
0 43467 7 0
0 43467 8 0
0 43467 9 0
0 43467 10 0
0 43034 11 0
0 43034 12 0
0 43034 13 0
0 43034 14 0
0 43034 15 0
0 43034 0 0
0 55663 1 0
0 55663 2 0
0 55663 3 0
0 55663 4 0
0 55663 5 0
0 55663 6 0
0 50827 7 0
0 50827 8 0
0 50827 9 0
0 50827 10 0
0 50827 11 0
0 50827 12 0
0 30061 13 0
0 30061 14 0
0 30061 15 0
0 30061 0 0
0 30061 1 0
0 30061 2 0
0 61170 3 0
0 61170 4 0
0 61170 5 0
0 61170 6 0
0 61170 7 0
0 61170 8 0
0 5857 9 0
0 5857 10 0
0 5857 11 0
0 5857 12 0
0 5857 13 0
0 5857 14 0
0 9185 15 0
0 9185 0 0
0 9185 1 0
0 9185 2 0
0 9185 3 0
0 9185 4 0
0 10158 5 0
0 10158 6 0
0 10158 7 0
0 10158 8 0
0 10158 9 0
0 10158 10 0
0 3893 11 0
0 3893 12 0
0 3893 13 0
0 3893 14 0
0 3893 15 0
0 3893 0 0
0 57630 1 0
0 57630 2 0
0 57630 3 0
0 57630 4 0
0 57630 5 0
0 57630 6 0
0 45208 7 0
0 45208 8 0
0 45208 9 0
0 45208 10 0
0 45208 11 0
0 45208 12 0
0 15811 13 0
0 15811 14 0
0 15811 15 0
0 15811 0 0
0 15811 1 0
0 15811 2 0
0 37271 3 0
0 37271 4 0
0 37271 5 0
0 37271 6 0
0 37271 7 0
0 37271 8 0
0 15047 9 0
0 15047 10 0
0 15047 11 0
0 15047 12 0
0 15047 13 0
0 15047 14 0
0 9874 15 0
0 9874 0 0
0 9874 1 0
0 9874 2 0
0 9874 3 0
0 9874 4 0
0 18967 5 0
0 18967 6 0
0 18967 7 0
0 18967 8 0
0 18967 9 0
0 18967 10 0
0 24795 11 0
0 24795 12 0
0 24795 13 0
0 24795 14 0
0 24795 15 0
0 24795 0 0
0 29246 1 0
0 29246 2 0
0 29246 3 0
0 29246 4 0
0 29246 5 0
0 29246 6 0
0 5236 7 0
0 5236 8 0
0 5236 9 0
0 5236 10 0
0 5236 11 0
0 5236 12 0
0 63985 13 0
0 63985 14 0
0 63985 15 0
0 63985 0 0
0 63985 1 0
0 63985 2 0
0 15396 3 0
0 15396 4 0
0 15396 5 0
0 15396 6 0
0 15396 7 0
0 15396 8 0
0 26245 9 0
0 26245 10 0
0 26245 11 0
0 26245 12 0
0 26245 13 0
0 26245 14 0
0 26150 15 0
0 26150 0 0
0 26150 1 0
0 26150 2 0
0 26150 3 0
0 26150 4 0
0 59513 5 0
0 59513 6 0
0 59513 7 0
0 59513 8 0
0 59513 9 0
0 59513 10 0
0 32113 11 0
0 32113 12 0
0 32113 13 0
0 32113 14 0
0 32113 15 0
0 32113 0 0
0 19064 1 0
0 19064 2 0
0 19064 3 0
0 19064 4 0
0 19064 5 0
0 19064 6 0
0 28524 7 0
0 28524 8 0
0 28524 9 0
0 28524 10 0
0 28524 11 0
0 28524 12 0
0 32330 13 0
0 32330 14 0
0 32330 15 0
0 32330 0 0
0 32330 1 0
0 32330 2 0
0 25559 3 0
0 25559 4 0
0 25559 5 0
0 25559 6 0
0 25559 7 0
0 25559 8 0
0 22562 9 0
0 22562 10 0
0 22562 11 0
0 22562 12 0
0 22562 13 0
0 22562 14 0
0 27359 15 0
0 27359 0 0
0 27359 1 0
0 27359 2 0
0 27359 3 0
0 27359 4 0
0 10279 5 0
0 10279 6 0
0 10279 7 0
0 10279 8 0
0 10279 9 0
0 10279 10 0
0 30748 11 0
0 30748 12 0
0 30748 13 0
0 30748 14 0
0 30748 15 0
0 30748 0 0
0 20693 1 0
0 20693 2 0
0 20693 3 0
0 20693 4 0
0 20693 5 0
0 20693 6 0
0 61302 7 0
0 61302 8 0
0 61302 9 0
0 61302 10 0
0 61302 11 0
0 61302 12 0
0 15127 13 0
0 15127 14 0
0 15127 15 0
0 15127 0 0
0 15127 1 0
0 15127 2 0
0 40241 3 0
0 40241 4 0
0 40241 5 0
0 40241 6 0
0 40241 7 0
0 40241 8 0
0 60317 9 0
0 60317 10 0
0 60317 11 0
0 60317 12 0
0 60317 13 0
0 60317 14 0
0 46745 15 0
0 46745 0 0
0 46745 1 0
0 46745 2 0
0 46745 3 0
0 46745 4 0
0 19283 5 0
0 19283 6 0
0 19283 7 0
0 19283 8 0
0 19283 9 0
0 19283 10 0
0 23885 11 0
0 23885 12 0
0 23885 13 0
0 23885 14 0
0 23885 15 0
0 23885 0 0
0 21961 1 0
0 21961 2 0
0 21961 3 0
0 21961 4 0
0 21961 5 0
0 21961 6 0
0 32848 7 0
0 32848 8 0
0 32848 9 0
0 32848 10 0
0 32848 11 0
0 32848 12 0
0 34023 13 0
0 34023 14 0
0 34023 15 0
0 34023 0 0
0 34023 1 0
0 34023 2 0
0 38838 3 0
0 38838 4 0
0 38838 5 0
0 38838 6 0
0 38838 7 0
0 38838 8 0
0 39848 9 0
0 39848 10 0
0 39848 11 0
0 39848 12 0
0 39848 13 0
0 39848 14 0
0 29866 15 0
0 29866 0 0
0 29866 1 0
0 29866 2 0
0 29866 3 0
0 29866 4 0
0 19364 5 0
0 19364 6 0
0 19364 7 0
0 19364 8 0
0 19364 9 0
0 19364 10 0
0 23568 11 0
0 23568 12 0
0 23568 13 0
0 23568 14 0
0 23568 15 0
0 23568 0 0
0 2324 1 0
0 2324 2 0
0 2324 3 0
0 2324 4 0
0 2324 5 0
0 2324 6 0
0 7601 7 0
0 7601 8 0
0 7601 9 0
0 7601 10 0
0 7601 11 0
0 7601 12 0
0 59240 13 0
0 59240 14 0
0 59240 15 0
0 59240 0 0
0 59240 1 0
0 59240 2 0
0 22423 3 0
0 22423 4 0
0 22423 5 0
0 22423 6 0
0 22423 7 0
0 22423 8 0
0 64642 9 0
0 64642 10 0
0 64642 11 0
0 64642 12 0
0 64642 13 0
0 64642 14 0
0 16599 15 0
0 16599 0 0
0 16599 1 0
0 16599 2 0
0 16599 3 0
0 16599 4 0
0 16236 5 0
0 16236 6 0
0 16236 7 0
0 16236 8 0
0 16236 9 0
0 16236 10 0
0 43381 11 0
0 43381 12 0
0 43381 13 0
0 43381 14 0
0 43381 15 0
0 43381 0 0
0 48584 1 0
0 48584 2 0
0 48584 3 0
0 48584 4 0
0 48584 5 0
0 48584 6 0
0 57275 7 0
0 57275 8 0
0 57275 9 0
0 57275 10 0
0 57275 11 0
0 57275 12 0
0 24846 13 0
0 24846 14 0
0 24846 15 0
0 24846 0 0
0 24846 1 0
0 24846 2 0
0 10977 3 0
0 10977 4 0
0 10977 5 0
0 10977 6 0
0 10977 7 0
0 10977 8 0
0 35089 9 0
0 35089 10 0
0 35089 11 0
0 35089 12 0
0 35089 13 0
0 35089 14 0
0 25170 15 0
0 25170 0 0
0 25170 1 0
0 25170 2 0
0 25170 3 0
0 25170 4 0
0 20737 5 0
0 20737 6 0
0 20737 7 0
0 20737 8 0
0 20737 9 0
0 20737 10 0
0 64590 11 0
0 64590 12 0
0 64590 13 0
0 64590 14 0
0 64590 15 0
0 64590 0 0
0 9396 1 0
0 9396 2 0
0 9396 3 0
0 9396 4 0
0 9396 5 0
0 9396 6 0
0 61001 7 0
0 61001 8 0
0 61001 9 0
0 61001 10 0
0 61001 11 0
0 61001 12 0
0 61112 13 0
0 61112 14 0
0 61112 15 0
0 61112 0 0
0 61112 1 0
0 61112 2 0
0 38799 3 0
0 38799 4 0
0 38799 5 0
0 38799 6 0
0 38799 7 0
0 38799 8 0
0 4181 9 0
0 4181 10 0
0 4181 11 0
0 4181 12 0
0 4181 13 0
0 4181 14 0
0 51783 15 0
0 51783 0 0
0 51783 1 0
0 51783 2 0
0 51783 3 0
0 51783 4 0
0 46750 5 0
0 46750 6 0
0 46750 7 0
0 46750 8 0
0 46750 9 0
0 46750 10 0
0 3591 11 0
0 3591 12 0
0 3591 13 0
0 3591 14 0
0 3591 15 0
0 3591 0 0
0 36518 1 0
0 36518 2 0
0 36518 3 0
0 36518 4 0
0 36518 5 0
0 36518 6 0
0 29136 7 0
0 29136 8 0
0 29136 9 0
0 29136 10 0
0 29136 11 0
0 29136 12 0
0 26381 13 0
0 26381 14 0
0 26381 15 0
0 26381 0 0
0 26381 1 0
0 26381 2 0
0 10935 3 0
0 10935 4 0
0 10935 5 0
0 10935 6 0
0 10935 7 0
0 10935 8 0
0 31130 9 0
0 31130 10 0
0 31130 11 0
0 31130 12 0
0 31130 13 0
0 31130 14 0
0 20278 15 0
0 20278 0 0
0 20278 1 0
0 20278 2 0
0 20278 3 0
0 20278 4 0
0 50416 5 0
0 50416 6 0
0 50416 7 0
0 50416 8 0
0 50416 9 0
0 50416 10 0
0 58997 11 0
0 58997 12 0
0 58997 13 0
0 58997 14 0
0 58997 15 0
0 58997 0 0
0 15940 1 0
0 15940 2 0
0 15940 3 0
0 15940 4 0
0 15940 5 0
0 15940 6 0
0 10100 7 0
0 10100 8 0
0 10100 9 0
0 10100 10 0
0 10100 11 0
0 10100 12 0
0 49845 13 0
0 49845 14 0
0 49845 15 0
0 49845 0 0
0 49845 1 0
0 49845 2 0
0 39882 3 0
0 39882 4 0
0 39882 5 0
0 39882 6 0
0 39882 7 0
0 39882 8 0
0 34271 9 0
0 34271 10 0
0 34271 11 0
0 34271 12 0
0 34271 13 0
0 34271 14 0
0 64785 15 0
0 64785 0 0
0 64785 1 0
0 64785 2 0
0 64785 3 0
0 64785 4 0
0 57034 5 0
0 57034 6 0
0 57034 7 0
0 57034 8 0
0 57034 9 0
0 57034 10 0
0 64502 11 0
0 64502 12 0
0 64502 13 0
0 64502 14 0
0 64502 15 0
0 64502 0 0
0 22729 1 0
0 22729 2 0
0 22729 3 0
0 22729 4 0
0 22729 5 0
0 22729 6 0
0 29963 7 0
0 29963 8 0
0 29963 9 0
0 29963 10 0
0 29963 11 0
0 29963 12 0
0 62317 13 0
0 62317 14 0
0 62317 15 0
0 62317 0 0
0 62317 1 0
0 62317 2 0
0 7306 3 0
0 7306 4 0
0 7306 5 0
0 7306 6 0
0 7306 7 0
0 7306 8 0
0 12798 9 0
0 12798 10 0
0 12798 11 0
0 12798 12 0
0 12798 13 0
0 12798 14 0
0 41522 15 0
0 41522 0 0
0 41522 1 0
0 41522 2 0
0 41522 3 0
0 41522 4 0
0 22016 5 0
0 22016 6 0
0 22016 7 0
0 22016 8 0
0 22016 9 0
0 22016 10 0
0 16043 11 0
0 16043 12 0
0 16043 13 0
0 16043 14 0
0 16043 15 0
0 16043 0 0
0 56457 1 0
0 56457 2 0
0 56457 3 0
0 56457 4 0
0 56457 5 0
0 56457 6 0
0 9298 7 0
0 9298 8 0
0 9298 9 0
0 9298 10 0
0 9298 11 0
0 9298 12 0
0 62656 13 0
0 62656 14 0
0 62656 15 0
0 62656 0 0
0 62656 1 0
0 62656 2 0
0 20341 3 0
0 20341 4 0
0 20341 5 0
0 20341 6 0
0 20341 7 0
0 20341 8 0
0 52084 9 0
0 52084 10 0
0 52084 11 0
0 52084 12 0
0 52084 13 0
0 52084 14 0
0 23187 15 0
0 23187 0 0
0 23187 1 0
0 23187 2 0
0 23187 3 0
0 23187 4 0
0 6857 5 0
0 6857 6 0
0 6857 7 0
0 6857 8 0
0 6857 9 0
0 6857 10 0
0 30533 11 0
0 30533 12 0
0 30533 13 0
0 30533 14 0
0 30533 15 0
0 30533 0 0
0 23727 1 0
0 23727 2 0
0 23727 3 0
0 23727 4 0
0 23727 5 0
0 23727 6 0
0 10269 7 0
0 10269 8 0
0 10269 9 0
0 10269 10 0
0 10269 11 0
0 10269 12 0
0 53707 13 0
0 53707 14 0
0 53707 15 0
0 53707 0 0
0 53707 1 0
0 53707 2 0
0 23217 3 0
0 23217 4 0
0 23217 5 0
0 23217 6 0
0 23217 7 0
0 23217 8 0
0 21961 9 0
0 21961 10 0
0 21961 11 0
0 21961 12 0
0 21961 13 0
0 21961 14 0
0 43327 15 0
0 43327 0 0
0 43327 1 0
0 43327 2 0
0 43327 3 0
0 43327 4 0
0 35851 5 0
0 35851 6 0
0 35851 7 0
0 35851 8 0
0 35851 9 0
0 35851 10 0
0 46509 11 0
0 46509 12 0
0 46509 13 0
0 46509 14 0
0 46509 15 0
0 46509 0 0
0 56717 1 0
0 56717 2 0
0 56717 3 0
0 56717 4 0
0 56717 5 0
0 56717 6 0
0 30680 7 0
0 30680 8 0
0 30680 9 0
0 30680 10 0
0 30680 11 0
0 30680 12 0
0 37775 13 0
0 37775 14 0
0 37775 15 0
0 37775 0 0
0 37775 1 0
0 37775 2 0
0 22615 3 0
0 22615 4 0
0 22615 5 0
0 22615 6 0
0 22615 7 0
0 22615 8 0
0 55316 9 0
0 55316 10 0
0 55316 11 0
0 55316 12 0
0 55316 13 0
0 55316 14 0
0 12175 15 0
0 12175 0 0
0 12175 1 0
0 12175 2 0
0 12175 3 0
0 12175 4 0
0 32112 5 0
0 32112 6 0
0 32112 7 0
0 32112 8 0
0 32112 9 0
0 32112 10 0
0 23138 11 0
0 23138 12 0
0 23138 13 0
0 23138 14 0
0 23138 15 0
0 23138 0 0
0 26598 1 0
0 26598 2 0
0 26598 3 0
0 26598 4 0
0 26598 5 0
0 26598 6 0
0 41411 7 0
0 41411 8 0
0 41411 9 0
0 41411 10 0
0 41411 11 0
0 41411 12 0
0 38342 13 0
0 38342 14 0
0 38342 15 0
0 38342 0 0
0 38342 1 0
0 38342 2 0
0 2672 3 0
0 2672 4 0
0 2672 5 0
0 2672 6 0
0 2672 7 0
0 2672 8 0
0 53994 9 0
0 53994 10 0
0 53994 11 0
0 53994 12 0
0 53994 13 0
0 53994 14 0
0 27326 15 0
0 27326 0 0
0 27326 1 0
0 27326 2 0
0 27326 3 0
0 27326 4 0
0 37791 5 0
0 37791 6 0
0 37791 7 0
0 37791 8 0
0 37791 9 0
0 37791 10 0
0 42679 11 0
0 42679 12 0
0 42679 13 0
0 42679 14 0
0 42679 15 0
0 42679 0 0
0 61480 1 0
0 61480 2 0
0 61480 3 0
0 61480 4 0
0 61480 5 0
0 61480 6 0
0 24449 7 0
0 24449 8 0
0 24449 9 0
0 24449 10 0
0 24449 11 0
0 24449 12 0
0 32604 13 0
0 32604 14 0
0 32604 15 0
0 32604 0 0
0 32604 1 0
0 32604 2 0
0 2564 3 0
0 2564 4 0
0 2564 5 0
0 2564 6 0
0 2564 7 0
0 2564 8 0
0 10558 9 0
0 10558 10 0
0 10558 11 0
0 10558 12 0
0 10558 13 0
0 10558 14 0
0 56273 15 0
0 56273 0 0
0 56273 1 0
0 56273 2 0
0 56273 3 0
0 56273 4 0
0 7524 5 0
0 7524 6 0
0 7524 7 0
0 7524 8 0
0 7524 9 0
0 7524 10 0
0 35896 11 0
0 35896 12 0
0 35896 13 0
0 35896 14 0
0 35896 15 0
0 35896 0 0
0 42997 1 0
0 42997 2 0
0 42997 3 0
0 42997 4 0
0 42997 5 0
0 42997 6 0
0 4695 7 0
0 4695 8 0
0 4695 9 0
0 4695 10 0
0 4695 11 0
0 4695 12 0
0 2687 13 0
0 2687 14 0
0 2687 15 0
0 2687 0 0
0 2687 1 0
0 2687 2 0
0 62547 3 0
0 62547 4 0
0 62547 5 0
0 62547 6 0
0 62547 7 0
0 62547 8 0
0 51489 9 0
0 51489 10 0
0 51489 11 0
0 51489 12 0
0 51489 13 0
0 51489 14 0
0 52532 15 0
0 52532 0 0
0 52532 1 0
0 52532 2 0
0 52532 3 0
0 52532 4 0
0 28921 5 0
0 28921 6 0
0 28921 7 0
0 28921 8 0
0 28921 9 0
0 28921 10 0
0 53580 11 0
0 53580 12 0
0 53580 13 0
0 53580 14 0
0 53580 15 0
0 53580 0 0
0 48637 1 0
0 48637 2 0
0 48637 3 0
0 48637 4 0
0 48637 5 0
0 48637 6 0
0 18646 7 0
0 18646 8 0
0 18646 9 0
0 18646 10 0
0 18646 11 0
0 18646 12 0
0 54499 13 0
0 54499 14 0
0 54499 15 0
0 54499 0 0
0 54499 1 0
0 54499 2 0
0 39617 3 0
0 39617 4 0
0 39617 5 0
0 39617 6 0
0 39617 7 0
0 39617 8 0
0 48082 9 0
0 48082 10 0
0 48082 11 0
0 48082 12 0
0 48082 13 0
0 48082 14 0
0 47993 15 0
0 47993 0 0
0 47993 1 0
0 47993 2 0
0 47993 3 0
0 47993 4 0
0 9427 5 0
0 9427 6 0
0 9427 7 0
0 9427 8 0
0 9427 9 0
0 9427 10 0
0 49041 11 0
0 49041 12 0
0 49041 13 0
0 49041 14 0
0 49041 15 0
0 49041 0 0
0 21036 1 0
0 21036 2 0
0 21036 3 0
0 21036 4 0
0 21036 5 0
0 21036 6 0
0 9677 7 0
0 9677 8 0
0 9677 9 0
0 9677 10 0
0 9677 11 0
0 9677 12 0
0 47603 13 0
0 47603 14 0
0 47603 15 0
0 47603 0 0
0 47603 1 0
0 47603 2 0
0 30160 3 0
0 30160 4 0
0 30160 5 0
0 30160 6 0
0 30160 7 0
0 30160 8 0
0 49683 9 0
0 49683 10 0
0 49683 11 0
0 49683 12 0
0 49683 13 0
0 49683 14 0
0 5891 15 0
0 5891 0 0
0 5891 1 0
0 5891 2 0
0 5891 3 0
0 5891 4 0
0 13839 5 0
0 13839 6 0
0 13839 7 0
0 13839 8 0
0 13839 9 0
0 13839 10 0
0 28578 11 0
0 28578 12 0
0 28578 13 0
0 28578 14 0
0 28578 15 0
0 28578 0 0
0 18981 1 0
0 18981 2 0
0 18981 3 0
0 18981 4 0
0 18981 5 0
0 18981 6 0
0 49283 7 0
0 49283 8 0
0 49283 9 0
0 49283 10 0
0 49283 11 0
0 49283 12 0
0 21502 13 0
0 21502 14 0
0 21502 15 0
0 21502 0 0
0 21502 1 0
0 21502 2 0
0 27997 3 0
0 27997 4 0
0 27997 5 0
0 27997 6 0
0 27997 7 0
0 27997 8 0
0 14433 9 0
0 14433 10 0
0 14433 11 0
0 14433 12 0
0 14433 13 0
0 14433 14 0
0 64333 15 0
0 64333 0 0
0 64333 1 0
0 64333 2 0
0 64333 3 0
0 64333 4 0
0 31279 5 0
0 31279 6 0
0 31279 7 0
0 31279 8 0
0 31279 9 0
0 31279 10 0
0 24638 11 0
0 24638 12 0
0 24638 13 0
0 24638 14 0
0 24638 15 0
0 24638 0 0
0 51203 1 0
0 51203 2 0
0 51203 3 0
0 51203 4 0
0 51203 5 0
0 51203 6 0
0 23933 7 0
0 23933 8 0
0 23933 9 0
0 23933 10 0
0 23933 11 0
0 23933 12 0
0 966 13 0
0 966 14 0
0 966 15 0
0 966 0 0
0 966 1 0
0 966 2 0
0 49520 3 0
0 49520 4 0
0 49520 5 0
0 49520 6 0
0 49520 7 0
0 49520 8 0
0 7225 9 0
0 7225 10 0
0 7225 11 0
0 7225 12 0
0 7225 13 0
0 7225 14 0
0 3291 15 0
0 3291 0 0
0 3291 1 0
0 3291 2 0
0 3291 3 0
0 3291 4 0
0 12574 5 0
0 12574 6 0
0 12574 7 0
0 12574 8 0
0 12574 9 0
0 12574 10 0
0 61646 11 0
0 61646 12 0
0 61646 13 0
0 61646 14 0
0 61646 15 0
0 61646 0 0
0 22884 1 0
0 22884 2 0
0 22884 3 0
0 22884 4 0
0 22884 5 0
0 22884 6 0
0 60892 7 0
0 60892 8 0
0 60892 9 0
0 60892 10 0
0 60892 11 0
0 60892 12 0
0 2577 13 0
0 2577 14 0
0 2577 15 0
0 2577 0 0
0 2577 1 0
0 2577 2 0
0 24323 3 0
0 24323 4 0
0 24323 5 0
0 24323 6 0
0 24323 7 0
0 24323 8 0
0 33824 9 0
0 33824 10 0
0 33824 11 0
0 33824 12 0
0 33824 13 0
0 33824 14 0
0 61953 15 0
0 61953 0 0
0 61953 1 0
0 61953 2 0
0 61953 3 0
0 61953 4 0
0 35129 5 0
0 35129 6 0
0 35129 7 0
0 35129 8 0
0 35129 9 0
0 35129 10 0
0 27684 11 0
0 27684 12 0
0 27684 13 0
0 27684 14 0
0 27684 15 0
0 27684 0 0
0 46148 1 0
0 46148 2 0
0 46148 3 0
0 46148 4 0
0 46148 5 0
0 46148 6 0
0 54605 7 0
0 54605 8 0
0 54605 9 0
0 54605 10 0
0 54605 11 0
0 54605 12 0
0 9397 13 0
0 9397 14 0
0 9397 15 0
0 9397 0 0
0 9397 1 0
0 9397 2 0
0 11721 3 0
0 11721 4 0
0 11721 5 0
0 11721 6 0
0 11721 7 0
0 11721 8 0
0 10828 9 0
0 10828 10 0
0 10828 11 0
0 10828 12 0
0 10828 13 0
0 10828 14 0
0 55838 15 0
0 55838 0 0
0 55838 1 0
0 55838 2 0
0 55838 3 0
0 55838 4 0
0 48653 5 0
0 48653 6 0
0 48653 7 0
0 48653 8 0
0 48653 9 0
0 48653 10 0
0 29816 11 0
0 29816 12 0
0 29816 13 0
0 29816 14 0
0 29816 15 0
0 29816 0 0
0 7595 1 0
0 7595 2 0
0 7595 3 0
0 7595 4 0
0 7595 5 0
0 7595 6 0
0 8746 7 0
0 8746 8 0
0 8746 9 0
0 8746 10 0
0 8746 11 0
0 8746 12 0
0 58019 13 0
0 58019 14 0
0 58019 15 0
0 58019 0 0
0 58019 1 0
0 58019 2 0
0 50755 3 0
0 50755 4 0
0 50755 5 0
0 50755 6 0
0 50755 7 0
0 50755 8 0
0 61599 9 0
0 61599 10 0
0 61599 11 0
0 61599 12 0
0 61599 13 0
0 61599 14 0
0 39871 15 0
0 39871 0 0
0 39871 1 0
0 39871 2 0
0 39871 3 0
0 39871 4 0
0 39048 5 0
0 39048 6 0
0 39048 7 0
0 39048 8 0
0 39048 9 0
0 39048 10 0
0 23182 11 0
0 23182 12 0
0 23182 13 0
0 23182 14 0
0 23182 15 0
0 23182 0 0
0 16731 1 0
0 16731 2 0
0 16731 3 0
0 16731 4 0
0 16731 5 0
0 16731 6 0
0 4415 7 0
0 4415 8 0
0 4415 9 0
0 4415 10 0
0 4415 11 0
0 4415 12 0
0 19543 13 0
0 19543 14 0
0 19543 15 0
0 19543 0 0
0 19543 1 0
0 19543 2 0
0 20938 3 0
0 20938 4 0
0 20938 5 0
0 20938 6 0
0 20938 7 0
0 20938 8 0
0 38826 9 0
0 38826 10 0
0 38826 11 0
0 38826 12 0
0 38826 13 0
0 38826 14 0
0 5694 15 0
0 5694 0 0
0 5694 1 0
0 5694 2 0
0 5694 3 0
0 5694 4 0
0 42804 5 0
0 42804 6 0
0 42804 7 0
0 42804 8 0
0 42804 9 0
0 42804 10 0
0 51579 11 0
0 51579 12 0
0 51579 13 0
0 51579 14 0
0 51579 15 0
0 51579 0 0
0 55431 1 0
0 55431 2 0
0 55431 3 0
0 55431 4 0
0 55431 5 0
0 55431 6 0
0 21275 7 0
0 21275 8 0
0 21275 9 0
0 21275 10 0
0 21275 11 0
0 21275 12 0
0 4792 13 0
0 4792 14 0
0 4792 15 0
0 4792 0 0
0 4792 1 0
0 4792 2 0
0 21308 3 0
0 21308 4 0
0 21308 5 0
0 21308 6 0
0 21308 7 0
0 21308 8 0
0 56593 9 0
0 56593 10 0
0 56593 11 0
0 56593 12 0
0 56593 13 0
0 56593 14 0
0 8751 15 0
0 8751 0 0
0 8751 1 0
0 8751 2 0
0 8751 3 0
0 8751 4 0
0 43350 5 0
0 43350 6 0
0 43350 7 0
0 43350 8 0
0 43350 9 0
0 43350 10 0
0 62203 11 0
0 62203 12 0
0 62203 13 0
0 62203 14 0
0 62203 15 0
0 62203 0 0
0 44623 1 0
0 44623 2 0
0 44623 3 0
0 44623 4 0
0 44623 5 0
0 44623 6 0
0 21198 7 0
0 21198 8 0
0 21198 9 0
0 21198 10 0
0 21198 11 0
0 21198 12 0
0 18745 13 0
0 18745 14 0
0 18745 15 0
0 18745 0 0
0 18745 1 0
0 18745 2 0
0 758 3 0
0 758 4 0
0 758 5 0
0 758 6 0
0 758 7 0
0 758 8 0
0 63750 9 0
0 63750 10 0
0 63750 11 0
0 63750 12 0
0 63750 13 0
0 63750 14 0
0 23699 15 0
0 23699 0 0
0 23699 1 0
0 23699 2 0
0 23699 3 0
0 23699 4 0
0 30732 5 0
0 30732 6 0
0 30732 7 0
0 30732 8 0
0 30732 9 0
0 30732 10 0
0 195 11 0
0 195 12 0
0 195 13 0
0 195 14 0
0 195 15 0
0 195 0 0
0 41516 1 0
0 41516 2 0
0 41516 3 0
0 41516 4 0
0 41516 5 0
0 41516 6 0
0 25843 7 0
0 25843 8 0
0 25843 9 0
0 25843 10 0
0 25843 11 0
0 25843 12 0
0 65294 13 0
0 65294 14 0
0 65294 15 0
0 65294 0 0
0 65294 1 0
0 65294 2 0
0 37179 3 0
0 37179 4 0
0 37179 5 0
0 37179 6 0
0 37179 7 0
0 37179 8 0
0 25298 9 0
0 25298 10 0
0 25298 11 0
0 25298 12 0
0 25298 13 0
0 25298 14 0
0 8303 15 0
0 8303 0 0
0 8303 1 0
0 8303 2 0
0 8303 3 0
0 8303 4 0
0 27136 5 0
0 27136 6 0
0 27136 7 0
0 27136 8 0
0 27136 9 0
0 27136 10 0
0 34811 11 0
0 34811 12 0
0 34811 13 0
0 34811 14 0
0 34811 15 0
0 34811 0 0
0 27350 1 0
0 27350 2 0
0 27350 3 0
0 27350 4 0
0 27350 5 0
0 27350 6 0
0 16626 7 0
0 16626 8 0
0 16626 9 0
0 16626 10 0
0 16626 11 0
0 16626 12 0
0 292 13 0
0 292 14 0
0 292 15 0
