0 0 0 0
0 0 1 0
0 0 2 0
0 0 3 0
0 0 4 0
0 31238 5 0
0 31238 6 0
0 31238 7 0
0 31238 8 0
0 31238 9 0
0 31238 10 0
0 48268 11 0
0 48268 12 0
0 48268 13 0
0 48268 14 0
0 48268 15 0
0 48268 0 0
0 40351 1 0
0 40351 2 0
0 40351 3 0
0 40351 4 0
0 40351 5 0
0 40351 6 0
0 65053 7 0
0 65053 8 0
0 65053 9 0
0 65053 10 0
0 65053 11 0
0 65053 12 0
0 28971 13 0
0 28971 14 0
0 28971 15 0
0 28971 0 0
0 28971 1 0
0 28971 2 0
0 10725 3 0
0 10725 4 0
0 10725 5 0
0 10725 6 0
0 10725 7 0
0 10725 8 0
0 7569 9 0
0 7569 10 0
0 7569 11 0
0 7569 12 0
0 7569 13 0
0 7569 14 0
0 5909 15 0
0 5909 0 0
0 5909 1 0
0 5909 2 0
0 5909 3 0
0 5909 4 0
0 44558 5 0
0 44558 6 0
0 44558 7 0
0 44558 8 0
0 44558 9 0
0 44558 10 0
0 27637 11 0
0 27637 12 0
0 27637 13 0
0 27637 14 0
0 27637 15 0
0 27637 0 0
0 6766 1 0
0 6766 2 0
0 6766 3 0
0 6766 4 0
0 6766 5 0
0 6766 6 0
0 25781 7 0
0 25781 8 0
0 25781 9 0
0 25781 10 0
0 25781 11 0
0 25781 12 0
0 55100 13 0
0 55100 14 0
0 55100 15 0
0 55100 0 0
0 55100 1 0
0 55100 2 0
0 65063 3 0
0 65063 4 0
0 65063 5 0
0 65063 6 0
0 65063 7 0
0 65063 8 0
0 6359 9 0
0 6359 10 0
0 6359 11 0
0 6359 12 0
0 6359 13 0
0 6359 14 0
0 10548 15 0
0 10548 0 0
0 10548 1 0
0 10548 2 0
0 10548 3 0
0 10548 4 0
0 1799 5 0
0 1799 6 0
0 1799 7 0
0 1799 8 0
0 1799 9 0
0 1799 10 0
0 39904 11 0
0 39904 12 0
0 39904 13 0
0 39904 14 0
0 39904 15 0
0 39904 0 0
0 18891 1 0
0 18891 2 0
0 18891 3 0
0 18891 4 0
0 18891 5 0
0 18891 6 0
0 17237 7 0
0 17237 8 0
0 17237 9 0
0 17237 10 0
0 17237 11 0
0 17237 12 0
0 47755 13 0
0 47755 14 0
0 47755 15 0
0 47755 0 0
0 47755 1 0
0 47755 2 0
0 10678 3 0
0 10678 4 0
0 10678 5 0
0 10678 6 0
0 10678 7 0
0 10678 8 0
0 14200 9 0
0 14200 10 0
0 14200 11 0
0 14200 12 0
0 14200 13 0
0 14200 14 0
0 43059 15 0
0 43059 0 0
0 43059 1 0
0 43059 2 0
0 43059 3 0
0 43059 4 0
0 45253 5 0
0 45253 6 0
0 45253 7 0
0 45253 8 0
0 45253 9 0
0 45253 10 0
0 9962 11 0
0 9962 12 0
0 9962 13 0
0 9962 14 0
0 9962 15 0
0 9962 0 0
0 9989 1 0
0 9989 2 0
0 9989 3 0
0 9989 4 0
0 9989 5 0
0 9989 6 0
0 27533 7 0
0 27533 8 0
0 27533 9 0
0 27533 10 0
0 27533 11 0
0 27533 12 0
0 32161 13 0
0 32161 14 0
0 32161 15 0
0 32161 0 0
0 32161 1 0
0 32161 2 0
0 57037 3 0
0 57037 4 0
0 57037 5 0
0 57037 6 0
0 57037 7 0
0 57037 8 0
0 18784 9 0
0 18784 10 0
0 18784 11 0
0 18784 12 0
0 18784 13 0
0 18784 14 0
0 4742 15 0
0 4742 0 0
0 4742 1 0
0 4742 2 0
0 4742 3 0
0 4742 4 0
0 37007 5 0
0 37007 6 0
0 37007 7 0
0 37007 8 0
0 37007 9 0
0 37007 10 0
0 1300 11 0
0 1300 12 0
0 1300 13 0
0 1300 14 0
0 1300 15 0
0 1300 0 0
0 57988 1 0
0 57988 2 0
0 57988 3 0
0 57988 4 0
0 57988 5 0
0 57988 6 0
0 11317 7 0
0 11317 8 0
0 11317 9 0
0 11317 10 0
0 11317 11 0
0 11317 12 0
0 55304 13 0
0 55304 14 0
0 55304 15 0
0 55304 0 0
0 55304 1 0
0 55304 2 0
0 2300 3 0
0 2300 4 0
0 2300 5 0
0 2300 6 0
0 2300 7 0
0 2300 8 0
0 53392 9 0
0 53392 10 0
0 53392 11 0
0 53392 12 0
0 53392 13 0
0 53392 14 0
0 23834 15 0
0 23834 0 0
0 23834 1 0
0 23834 2 0
0 23834 3 0
0 23834 4 0
0 29739 5 0
0 29739 6 0
0 29739 7 0
0 29739 8 0
0 29739 9 0
0 29739 10 0
0 42809 11 0
0 42809 12 0
0 42809 13 0
0 42809 14 0
0 42809 15 0
0 42809 0 0
0 5496 1 0
0 5496 2 0
0 5496 3 0
0 5496 4 0
0 5496 5 0
0 5496 6 0
0 48671 7 0
0 48671 8 0
0 48671 9 0
0 48671 10 0
0 48671 11 0
0 48671 12 0
0 13500 13 0
0 13500 14 0
0 13500 15 0
0 13500 0 0
0 13500 1 0
0 13500 2 0
0 13317 3 0
0 13317 4 0
0 13317 5 0
0 13317 6 0
0 13317 7 0
0 13317 8 0
0 28014 9 0
0 28014 10 0
0 28014 11 0
0 28014 12 0
0 28014 13 0
0 28014 14 0
0 44523 15 0
0 44523 0 0
0 44523 1 0
0 44523 2 0
0 44523 3 0
0 44523 4 0
0 64302 5 0
0 64302 6 0
0 64302 7 0
0 64302 8 0
0 64302 9 0
0 64302 10 0
0 43129 11 0
0 43129 12 0
0 43129 13 0
0 43129 14 0
0 43129 15 0
0 43129 0 0
0 486 1 0
0 486 2 0
0 486 3 0
0 486 4 0
0 486 5 0
0 486 6 0
0 19099 7 0
0 19099 8 0
0 19099 9 0
0 19099 10 0
0 19099 11 0
0 19099 12 0
0 27769 13 0
0 27769 14 0
0 27769 15 0
0 27769 0 0
0 27769 1 0
0 27769 2 0
0 39070 3 0
0 39070 4 0
0 39070 5 0
0 39070 6 0
0 39070 7 0
0 39070 8 0
0 47714 9 0
0 47714 10 0
0 47714 11 0
0 47714 12 0
0 47714 13 0
0 47714 14 0
0 34039 15 0
0 34039 0 0
0 34039 1 0
0 34039 2 0
0 34039 3 0
0 34039 4 0
0 14491 5 0
0 14491 6 0
0 14491 7 0
0 14491 8 0
0 14491 9 0
0 14491 10 0
0 48574 11 0
0 48574 12 0
0 48574 13 0
0 48574 14 0
0 48574 15 0
0 48574 0 0
0 1476 1 0
0 1476 2 0
0 1476 3 0
0 1476 4 0
0 1476 5 0
0 1476 6 0
0 59564 7 0
0 59564 8 0
0 59564 9 0
0 59564 10 0
0 59564 11 0
0 59564 12 0
0 34631 13 0
0 34631 14 0
0 34631 15 0
0 34631 0 0
0 34631 1 0
0 34631 2 0
0 10136 3 0
0 10136 4 0
0 10136 5 0
0 10136 6 0
0 10136 7 0
0 10136 8 0
0 37372 9 0
0 37372 10 0
0 37372 11 0
0 37372 12 0
0 37372 13 0
0 37372 14 0
0 16338 15 0
0 16338 0 0
0 16338 1 0
0 16338 2 0
0 16338 3 0
0 16338 4 0
0 47357 5 0
0 47357 6 0
0 47357 7 0
0 47357 8 0
0 47357 9 0
0 47357 10 0
0 59707 11 0
0 59707 12 0
0 59707 13 0
0 59707 14 0
0 59707 15 0
0 59707 0 0
0 1596 1 0
0 1596 2 0
0 1596 3 0
0 1596 4 0
0 1596 5 0
0 1596 6 0
0 10139 7 0
0 10139 8 0
0 10139 9 0
0 10139 10 0
0 10139 11 0
0 10139 12 0
0 55869 13 0
0 55869 14 0
0 55869 15 0
0 55869 0 0
0 55869 1 0
0 55869 2 0
0 22142 3 0
0 22142 4 0
0 22142 5 0
0 22142 6 0
0 22142 7 0
0 22142 8 0
0 2012 9 0
0 2012 10 0
0 2012 11 0
0 2012 12 0
0 2012 13 0
0 2012 14 0
0 43520 15 0
0 43520 0 0
0 43520 1 0
0 43520 2 0
0 43520 3 0
0 43520 4 0
0 60026 5 0
0 60026 6 0
0 60026 7 0
0 60026 8 0
0 60026 9 0
0 60026 10 0
0 62603 11 0
0 62603 12 0
0 62603 13 0
0 62603 14 0
0 62603 15 0
0 62603 0 0
0 32843 1 0
0 32843 2 0
0 32843 3 0
0 32843 4 0
0 32843 5 0
0 32843 6 0
0 23582 7 0
0 23582 8 0
0 23582 9 0
0 23582 10 0
0 23582 11 0
0 23582 12 0
0 4724 13 0
0 4724 14 0
0 4724 15 0
0 4724 0 0
0 4724 1 0
0 4724 2 0
0 17424 3 0
0 17424 4 0
0 17424 5 0
0 17424 6 0
0 17424 7 0
0 17424 8 0
0 48781 9 0
0 48781 10 0
0 48781 11 0
0 48781 12 0
0 48781 13 0
0 48781 14 0
0 9013 15 0
0 9013 0 0
0 9013 1 0
0 9013 2 0
0 9013 3 0
0 9013 4 0
0 46018 5 0
0 46018 6 0
0 46018 7 0
0 46018 8 0
0 46018 9 0
0 46018 10 0
0 25386 11 0
0 25386 12 0
0 25386 13 0
0 25386 14 0
0 25386 15 0
0 25386 0 0
0 40834 1 0
0 40834 2 0
0 40834 3 0
0 40834 4 0
0 40834 5 0
0 40834 6 0
0 24484 7 0
0 24484 8 0
0 24484 9 0
0 24484 10 0
0 24484 11 0
0 24484 12 0
0 14098 13 0
0 14098 14 0
0 14098 15 0
0 14098 0 0
0 14098 1 0
0 14098 2 0
0 42874 3 0
0 42874 4 0
0 42874 5 0
0 42874 6 0
0 42874 7 0
0 42874 8 0
0 21344 9 0
0 21344 10 0
0 21344 11 0
0 21344 12 0
0 21344 13 0
0 21344 14 0
0 19599 15 0
0 19599 0 0
0 19599 1 0
0 19599 2 0
0 19599 3 0
0 19599 4 0
0 64623 5 0
0 64623 6 0
0 64623 7 0
0 64623 8 0
0 64623 9 0
0 64623 10 0
0 19732 11 0
0 19732 12 0
0 19732 13 0
0 19732 14 0
0 19732 15 0
0 19732 0 0
0 34598 1 0
0 34598 2 0
0 34598 3 0
0 34598 4 0
0 34598 5 0
0 34598 6 0
0 60167 7 0
0 60167 8 0
0 60167 9 0
0 60167 10 0
0 60167 11 0
0 60167 12 0
0 37371 13 0
0 37371 14 0
0 37371 15 0
0 37371 0 0
0 37371 1 0
0 37371 2 0
0 59502 3 0
0 59502 4 0
0 59502 5 0
0 59502 6 0
0 59502 7 0
0 59502 8 0
0 55205 9 0
0 55205 10 0
0 55205 11 0
0 55205 12 0
0 55205 13 0
0 55205 14 0
0 23196 15 0
0 23196 0 0
0 23196 1 0
0 23196 2 0
0 23196 3 0
0 23196 4 0
0 54900 5 0
0 54900 6 0
0 54900 7 0
0 54900 8 0
0 54900 9 0
0 54900 10 0
0 51937 11 0
0 51937 12 0
0 51937 13 0
0 51937 14 0
0 51937 15 0
0 51937 0 0
0 26567 1 0
0 26567 2 0
0 26567 3 0
0 26567 4 0
0 26567 5 0
0 26567 6 0
0 11748 7 0
0 11748 8 0
0 11748 9 0
0 11748 10 0
0 11748 11 0
0 11748 12 0
0 12076 13 0
0 12076 14 0
0 12076 15 0
0 12076 0 0
0 12076 1 0
0 12076 2 0
0 23126 3 0
0 23126 4 0
0 23126 5 0
0 23126 6 0
0 23126 7 0
0 23126 8 0
0 3817 9 0
0 3817 10 0
0 3817 11 0
0 3817 12 0
0 3817 13 0
0 3817 14 0
0 51159 15 0
0 51159 0 0
0 51159 1 0
0 51159 2 0
0 51159 3 0
0 51159 4 0
0 33293 5 0
0 33293 6 0
0 33293 7 0
0 33293 8 0
0 33293 9 0
0 33293 10 0
0 30905 11 0
0 30905 12 0
0 30905 13 0
0 30905 14 0
0 30905 15 0
0 30905 0 0
0 42204 1 0
0 42204 2 0
0 42204 3 0
0 42204 4 0
0 42204 5 0
0 42204 6 0
0 62239 7 0
0 62239 8 0
0 62239 9 0
0 62239 10 0
0 62239 11 0
0 62239 12 0
0 22031 13 0
0 22031 14 0
0 22031 15 0
0 22031 0 0
0 22031 1 0
0 22031 2 0
0 2043 3 0
0 2043 4 0
0 2043 5 0
0 2043 6 0
0 2043 7 0
0 2043 8 0
0 42308 9 0
0 42308 10 0
0 42308 11 0
0 42308 12 0
0 42308 13 0
0 42308 14 0
0 44018 15 0
0 44018 0 0
0 44018 1 0
0 44018 2 0
0 44018 3 0
0 44018 4 0
0 28151 5 0
0 28151 6 0
0 28151 7 0
0 28151 8 0
0 28151 9 0
0 28151 10 0
0 2379 11 0
0 2379 12 0
0 2379 13 0
0 2379 14 0
0 2379 15 0
0 2379 0 0
0 53831 1 0
0 53831 2 0
0 53831 3 0
0 53831 4 0
0 53831 5 0
0 53831 6 0
0 3469 7 0
0 3469 8 0
0 3469 9 0
0 3469 10 0
0 3469 11 0
0 3469 12 0
0 2065 13 0
0 2065 14 0
0 2065 15 0
0 2065 0 0
0 2065 1 0
0 2065 2 0
0 27643 3 0
0 27643 4 0
0 27643 5 0
0 27643 6 0
0 27643 7 0
0 27643 8 0
0 28177 9 0
0 28177 10 0
0 28177 11 0
0 28177 12 0
0 28177 13 0
0 28177 14 0
0 8103 15 0
0 8103 0 0
0 8103 1 0
0 8103 2 0
0 8103 3 0
0 8103 4 0
0 49459 5 0
0 49459 6 0
0 49459 7 0
0 49459 8 0
0 49459 9 0
0 49459 10 0
0 62142 11 0
0 62142 12 0
0 62142 13 0
0 62142 14 0
0 62142 15 0
0 62142 0 0
0 37358 1 0
0 37358 2 0
0 37358 3 0
0 37358 4 0
0 37358 5 0
0 37358 6 0
0 6706 7 0
0 6706 8 0
0 6706 9 0
0 6706 10 0
0 6706 11 0
0 6706 12 0
0 14748 13 0
0 14748 14 0
0 14748 15 0
0 14748 0 0
0 14748 1 0
0 14748 2 0
0 65121 3 0
0 65121 4 0
0 65121 5 0
0 65121 6 0
0 65121 7 0
0 65121 8 0
0 5167 9 0
0 5167 10 0
0 5167 11 0
0 5167 12 0
0 5167 13 0
0 5167 14 0
0 22042 15 0
0 22042 0 0
0 22042 1 0
0 22042 2 0
0 22042 3 0
0 22042 4 0
0 16166 5 0
0 16166 6 0
0 16166 7 0
0 16166 8 0
0 16166 9 0
0 16166 10 0
0 60332 11 0
0 60332 12 0
0 60332 13 0
0 60332 14 0
0 60332 15 0
0 60332 0 0
0 40792 1 0
0 40792 2 0
0 40792 3 0
0 40792 4 0
0 40792 5 0
0 40792 6 0
0 5207 7 0
0 5207 8 0
0 5207 9 0
0 5207 10 0
0 5207 11 0
0 5207 12 0
0 49857 13 0
0 49857 14 0
0 49857 15 0
0 49857 0 0
0 49857 1 0
0 49857 2 0
0 45957 3 0
0 45957 4 0
0 45957 5 0
0 45957 6 0
0 45957 7 0
0 45957 8 0
0 45648 9 0
0 45648 10 0
0 45648 11 0
0 45648 12 0
0 45648 13 0
0 45648 14 0
0 49895 15 0
0 49895 0 0
0 49895 1 0
0 49895 2 0
0 49895 3 0
0 49895 4 0
0 36111 5 0
0 36111 6 0
0 36111 7 0
0 36111 8 0
0 36111 9 0
0 36111 10 0
0 49669 11 0
0 49669 12 0
0 49669 13 0
0 49669 14 0
0 49669 15 0
0 49669 0 0
0 61111 1 0
0 61111 2 0
0 61111 3 0
0 61111 4 0
0 61111 5 0
0 61111 6 0
0 32303 7 0
0 32303 8 0
0 32303 9 0
0 32303 10 0
0 32303 11 0
0 32303 12 0
0 61539 13 0
0 61539 14 0
0 61539 15 0
0 61539 0 0
0 61539 1 0
0 61539 2 0
0 32180 3 0
0 32180 4 0
0 32180 5 0
0 32180 6 0
0 32180 7 0
0 32180 8 0
0 37458 9 0
0 37458 10 0
0 37458 11 0
0 37458 12 0
0 37458 13 0
0 37458 14 0
0 53962 15 0
0 53962 0 0
0 53962 1 0
0 53962 2 0
0 53962 3 0
0 53962 4 0
0 50104 5 0
0 50104 6 0
0 50104 7 0
0 50104 8 0
0 50104 9 0
0 50104 10 0
0 22455 11 0
0 22455 12 0
0 22455 13 0
0 22455 14 0
0 22455 15 0
0 22455 0 0
0 15900 1 0
0 15900 2 0
0 15900 3 0
0 15900 4 0
0 15900 5 0
0 15900 6 0
0 11427 7 0
0 11427 8 0
0 11427 9 0
0 11427 10 0
0 11427 11 0
0 11427 12 0
0 1996 13 0
0 1996 14 0
0 1996 15 0
0 1996 0 0
0 1996 1 0
0 1996 2 0
0 6930 3 0
0 6930 4 0
0 6930 5 0
0 6930 6 0
0 6930 7 0
0 6930 8 0
0 27390 9 0
0 27390 10 0
0 27390 11 0
0 27390 12 0
0 27390 13 0
0 27390 14 0
0 39827 15 0
0 39827 0 0
0 39827 1 0
0 39827 2 0
0 39827 3 0
0 39827 4 0
0 15219 5 0
0 15219 6 0
0 15219 7 0
0 15219 8 0
0 15219 9 0
0 15219 10 0
0 31038 11 0
0 31038 12 0
0 31038 13 0
0 31038 14 0
0 31038 15 0
0 31038 0 0
0 22965 1 0
0 22965 2 0
0 22965 3 0
0 22965 4 0
0 22965 5 0
0 22965 6 0
0 51584 7 0
0 51584 8 0
0 51584 9 0
0 51584 10 0
0 51584 11 0
0 51584 12 0
0 8739 13 0
0 8739 14 0
0 8739 15 0
0 8739 0 0
0 8739 1 0
0 8739 2 0
0 38510 3 0
0 38510 4 0
0 38510 5 0
0 38510 6 0
0 38510 7 0
0 38510 8 0
0 27852 9 0
0 27852 10 0
0 27852 11 0
0 27852 12 0
0 27852 13 0
0 27852 14 0
0 15947 15 0
0 15947 0 0
0 15947 1 0
0 15947 2 0
0 15947 3 0
0 15947 4 0
0 14304 5 0
0 14304 6 0
0 14304 7 0
0 14304 8 0
0 14304 9 0
0 14304 10 0
0 54100 11 0
0 54100 12 0
0 54100 13 0
0 54100 14 0
0 54100 15 0
0 54100 0 0
0 3678 1 0
0 3678 2 0
0 3678 3 0
0 3678 4 0
0 3678 5 0
0 3678 6 0
0 23673 7 0
0 23673 8 0
0 23673 9 0
0 23673 10 0
0 23673 11 0
0 23673 12 0
0 63109 13 0
0 63109 14 0
0 63109 15 0
0 63109 0 0
0 63109 1 0
0 63109 2 0
0 36772 3 0
0 36772 4 0
0 36772 5 0
0 36772 6 0
0 36772 7 0
0 36772 8 0
0 43368 9 0
0 43368 10 0
0 43368 11 0
0 43368 12 0
0 43368 13 0
0 43368 14 0
0 43623 15 0
0 43623 0 0
0 43623 1 0
0 43623 2 0
0 43623 3 0
0 43623 4 0
0 51682 5 0
0 51682 6 0
0 51682 7 0
0 51682 8 0
0 51682 9 0
0 51682 10 0
0 42204 11 0
0 42204 12 0
0 42204 13 0
0 42204 14 0
0 42204 15 0
0 42204 0 0
0 19369 1 0
0 19369 2 0
0 19369 3 0
0 19369 4 0
0 19369 5 0
0 19369 6 0
0 44973 7 0
0 44973 8 0
0 44973 9 0
0 44973 10 0
0 44973 11 0
0 44973 12 0
0 23852 13 0
0 23852 14 0
0 23852 15 0
0 23852 0 0
0 23852 1 0
0 23852 2 0
0 6718 3 0
0 6718 4 0
0 6718 5 0
0 6718 6 0
0 6718 7 0
0 6718 8 0
0 46817 9 0
0 46817 10 0
0 46817 11 0
0 46817 12 0
0 46817 13 0
0 46817 14 0
0 62245 15 0
0 62245 0 0
0 62245 1 0
0 62245 2 0
0 62245 3 0
0 62245 4 0
0 37311 5 0
0 37311 6 0
0 37311 7 0
0 37311 8 0
0 37311 9 0
0 37311 10 0
0 12911 11 0
0 12911 12 0
0 12911 13 0
0 12911 14 0
0 12911 15 0
0 12911 0 0
0 20251 1 0
0 20251 2 0
0 20251 3 0
0 20251 4 0
0 20251 5 0
0 20251 6 0
0 51853 7 0
0 51853 8 0
0 51853 9 0
0 51853 10 0
0 51853 11 0
0 51853 12 0
0 29356 13 0
0 29356 14 0
0 29356 15 0
0 29356 0 0
0 29356 1 0
0 29356 2 0
0 40983 3 0
0 40983 4 0
0 40983 5 0
0 40983 6 0
0 40983 7 0
0 40983 8 0
0 16932 9 0
0 16932 10 0
0 16932 11 0
0 16932 12 0
0 16932 13 0
0 16932 14 0
0 422 15 0
0 422 0 0
0 422 1 0
0 422 2 0
0 422 3 0
0 422 4 0
0 20870 5 0
0 20870 6 0
0 20870 7 0
0 20870 8 0
0 20870 9 0
0 20870 10 0
0 44962 11 0
0 44962 12 0
0 44962 13 0
0 44962 14 0
0 44962 15 0
0 44962 0 0
0 6485 1 0
0 6485 2 0
0 6485 3 0
0 6485 4 0
0 6485 5 0
0 6485 6 0
0 35292 7 0
0 35292 8 0
0 35292 9 0
0 35292 10 0
0 35292 11 0
0 35292 12 0
0 50231 13 0
0 50231 14 0
0 50231 15 0
0 50231 0 0
0 50231 1 0
0 50231 2 0
0 52234 3 0
0 52234 4 0
0 52234 5 0
0 52234 6 0
0 52234 7 0
0 52234 8 0
0 39863 9 0
0 39863 10 0
0 39863 11 0
0 39863 12 0
0 39863 13 0
0 39863 14 0
0 62454 15 0
0 62454 0 0
0 62454 1 0
0 62454 2 0
0 62454 3 0
0 62454 4 0
0 21012 5 0
0 21012 6 0
0 21012 7 0
0 21012 8 0
0 21012 9 0
0 21012 10 0
0 59743 11 0
0 59743 12 0
0 59743 13 0
0 59743 14 0
0 59743 15 0
0 59743 0 0
0 42586 1 0
0 42586 2 0
0 42586 3 0
0 42586 4 0
0 42586 5 0
0 42586 6 0
0 62010 7 0
0 62010 8 0
0 62010 9 0
0 62010 10 0
0 62010 11 0
0 62010 12 0
0 29008 13 0
0 29008 14 0
0 29008 15 0
0 29008 0 0
0 29008 1 0
0 29008 2 0
0 28649 3 0
0 28649 4 0
0 28649 5 0
0 28649 6 0
0 28649 7 0
0 28649 8 0
0 23098 9 0
0 23098 10 0
0 23098 11 0
0 23098 12 0
0 23098 13 0
0 23098 14 0
0 14446 15 0
0 14446 0 0
0 14446 1 0
0 14446 2 0
0 14446 3 0
0 14446 4 0
0 685 5 0
0 685 6 0
0 685 7 0
0 685 8 0
0 685 9 0
0 685 10 0
0 47345 11 0
0 47345 12 0
0 47345 13 0
0 47345 14 0
0 47345 15 0
0 47345 0 0
0 30132 1 0
0 30132 2 0
0 30132 3 0
0 30132 4 0
0 30132 5 0
0 30132 6 0
0 34830 7 0
0 34830 8 0
0 34830 9 0
0 34830 10 0
0 34830 11 0
0 34830 12 0
0 24451 13 0
0 24451 14 0
0 24451 15 0
0 24451 0 0
0 24451 1 0
0 24451 2 0
0 36151 3 0
0 36151 4 0
0 36151 5 0
0 36151 6 0
0 36151 7 0
0 36151 8 0
0 4818 9 0
0 4818 10 0
0 4818 11 0
0 4818 12 0
0 4818 13 0
0 4818 14 0
0 50460 15 0
0 50460 0 0
0 50460 1 0
0 50460 2 0
0 50460 3 0
0 50460 4 0
0 21953 5 0
0 21953 6 0
0 21953 7 0
0 21953 8 0
0 21953 9 0
0 21953 10 0
0 20342 11 0
0 20342 12 0
0 20342 13 0
0 20342 14 0
0 20342 15 0
0 20342 0 0
0 53653 1 0
0 53653 2 0
0 53653 3 0
0 53653 4 0
0 53653 5 0
0 53653 6 0
0 47811 7 0
0 47811 8 0
0 47811 9 0
0 47811 10 0
0 47811 11 0
0 47811 12 0
0 62002 13 0
0 62002 14 0
0 62002 15 0
0 62002 0 0
0 62002 1 0
0 62002 2 0
0 9328 3 0
0 9328 4 0
0 9328 5 0
0 9328 6 0
0 9328 7 0
0 9328 8 0
0 56402 9 0
0 56402 10 0
0 56402 11 0
0 56402 12 0
0 56402 13 0
0 56402 14 0
0 25523 15 0
0 25523 0 0
0 25523 1 0
0 25523 2 0
0 25523 3 0
0 25523 4 0
0 24362 5 0
0 24362 6 0
0 24362 7 0
0 24362 8 0
0 24362 9 0
0 24362 10 0
0 37669 11 0
0 37669 12 0
0 37669 13 0
0 37669 14 0
0 37669 15 0
0 37669 0 0
0 51126 1 0
0 51126 2 0
0 51126 3 0
0 51126 4 0
0 51126 5 0
0 51126 6 0
0 62352 7 0
0 62352 8 0
0 62352 9 0
0 62352 10 0
0 62352 11 0
0 62352 12 0
0 59358 13 0
0 59358 14 0
0 59358 15 0
0 59358 0 0
0 59358 1 0
0 59358 2 0
0 23002 3 0
0 23002 4 0
0 23002 5 0
0 23002 6 0
0 23002 7 0
0 23002 8 0
0 44091 9 0
0 44091 10 0
0 44091 11 0
0 44091 12 0
0 44091 13 0
0 44091 14 0
0 50033 15 0
0 50033 0 0
0 50033 1 0
0 50033 2 0
0 50033 3 0
0 50033 4 0
0 60815 5 0
0 60815 6 0
0 60815 7 0
0 60815 8 0
0 60815 9 0
0 60815 10 0
0 48371 11 0
0 48371 12 0
0 48371 13 0
0 48371 14 0
0 48371 15 0
0 48371 0 0
0 631 1 0
0 631 2 0
0 631 3 0
0 631 4 0
0 631 5 0
0 631 6 0
0 58270 7 0
0 58270 8 0
0 58270 9 0
0 58270 10 0
0 58270 11 0
0 58270 12 0
0 44336 13 0
0 44336 14 0
0 44336 15 0
0 44336 0 0
0 44336 1 0
0 44336 2 0
0 45708 3 0
0 45708 4 0
0 45708 5 0
0 45708 6 0
0 45708 7 0
0 45708 8 0
0 36355 9 0
0 36355 10 0
0 36355 11 0
0 36355 12 0
0 36355 13 0
0 36355 14 0
0 11506 15 0
0 11506 0 0
0 11506 1 0
0 11506 2 0
0 11506 3 0
0 11506 4 0
0 11648 5 0
0 11648 6 0
0 11648 7 0
0 11648 8 0
0 11648 9 0
0 11648 10 0
0 18215 11 0
0 18215 12 0
0 18215 13 0
0 18215 14 0
0 18215 15 0
0 18215 0 0
0 46151 1 0
0 46151 2 0
0 46151 3 0
0 46151 4 0
0 46151 5 0
0 46151 6 0
0 13396 7 0
0 13396 8 0
0 13396 9 0
0 13396 10 0
0 13396 11 0
0 13396 12 0
0 36330 13 0
0 36330 14 0
0 36330 15 0
0 36330 0 0
0 36330 1 0
0 36330 2 0
0 44699 3 0
0 44699 4 0
0 44699 5 0
0 44699 6 0
0 44699 7 0
0 44699 8 0
0 17603 9 0
0 17603 10 0
0 17603 11 0
0 17603 12 0
0 17603 13 0
0 17603 14 0
0 51233 15 0
0 51233 0 0
0 51233 1 0
0 51233 2 0
0 51233 3 0
0 51233 4 0
0 24407 5 0
0 24407 6 0
0 24407 7 0
0 24407 8 0
0 24407 9 0
0 24407 10 0
0 5333 11 0
0 5333 12 0
0 5333 13 0
0 5333 14 0
0 5333 15 0
0 5333 0 0
0 59500 1 0
0 59500 2 0
0 59500 3 0
0 59500 4 0
0 59500 5 0
0 59500 6 0
0 36557 7 0
0 36557 8 0
0 36557 9 0
0 36557 10 0
0 36557 11 0
0 36557 12 0
0 31603 13 0
0 31603 14 0
0 31603 15 0
0 31603 0 0
0 31603 1 0
0 31603 2 0
0 49938 3 0
0 49938 4 0
0 49938 5 0
0 49938 6 0
0 49938 7 0
0 49938 8 0
0 24805 9 0
0 24805 10 0
0 24805 11 0
0 24805 12 0
0 24805 13 0
0 24805 14 0
0 21300 15 0
0 21300 0 0
0 21300 1 0
0 21300 2 0
0 21300 3 0
0 21300 4 0
0 39668 5 0
0 39668 6 0
0 39668 7 0
0 39668 8 0
0 39668 9 0
0 39668 10 0
0 20965 11 0
0 20965 12 0
0 20965 13 0
0 20965 14 0
0 20965 15 0
0 20965 0 0
0 60058 1 0
0 60058 2 0
0 60058 3 0
0 60058 4 0
0 60058 5 0
0 60058 6 0
0 32614 7 0
0 32614 8 0
0 32614 9 0
0 32614 10 0
0 32614 11 0
0 32614 12 0
0 12284 13 0
0 12284 14 0
0 12284 15 0
0 12284 0 0
0 12284 1 0
0 12284 2 0
0 46847 3 0
0 46847 4 0
0 46847 5 0
0 46847 6 0
0 46847 7 0
0 46847 8 0
0 25117 9 0
0 25117 10 0
0 25117 11 0
0 25117 12 0
0 25117 13 0
0 25117 14 0
0 24964 15 0
0 24964 0 0
0 24964 1 0
0 24964 2 0
0 24964 3 0
0 24964 4 0
0 63409 5 0
0 63409 6 0
0 63409 7 0
0 63409 8 0
0 63409 9 0
0 63409 10 0
0 49308 11 0
0 49308 12 0
0 49308 13 0
0 49308 14 0
0 49308 15 0
0 49308 0 0
0 6344 1 0
0 6344 2 0
0 6344 3 0
0 6344 4 0
0 6344 5 0
0 6344 6 0
0 3874 7 0
0 3874 8 0
0 3874 9 0
0 3874 10 0
0 3874 11 0
0 3874 12 0
0 8236 13 0
0 8236 14 0
0 8236 15 0
0 8236 0 0
0 8236 1 0
0 8236 2 0
0 31063 3 0
0 31063 4 0
0 31063 5 0
0 31063 6 0
0 31063 7 0
0 31063 8 0
0 5112 9 0
0 5112 10 0
0 5112 11 0
0 5112 12 0
0 5112 13 0
0 5112 14 0
0 23610 15 0
0 23610 0 0
0 23610 1 0
0 23610 2 0
0 23610 3 0
0 23610 4 0
0 59392 5 0
0 59392 6 0
0 59392 7 0
0 59392 8 0
0 59392 9 0
0 59392 10 0
0 51881 11 0
0 51881 12 0
0 51881 13 0
0 51881 14 0
0 51881 15 0
0 51881 0 0
0 1046 1 0
0 1046 2 0
0 1046 3 0
0 1046 4 0
0 1046 5 0
0 1046 6 0
0 10629 7 0
0 10629 8 0
0 10629 9 0
0 10629 10 0
0 10629 11 0
0 10629 12 0
0 24414 13 0
0 24414 14 0
0 24414 15 0
0 24414 0 0
0 24414 1 0
0 24414 2 0
0 28816 3 0
0 28816 4 0
0 28816 5 0
0 28816 6 0
0 28816 7 0
0 28816 8 0
0 19885 9 0
0 19885 10 0
0 19885 11 0
0 19885 12 0
0 19885 13 0
0 19885 14 0
0 34836 15 0
0 34836 0 0
0 34836 1 0
0 34836 2 0
0 34836 3 0
0 34836 4 0
0 41709 5 0
0 41709 6 0
0 41709 7 0
0 41709 8 0
0 41709 9 0
0 41709 10 0
0 17202 11 0
0 17202 12 0
0 17202 13 0
0 17202 14 0
0 17202 15 0
0 17202 0 0
0 8339 1 0
0 8339 2 0
0 8339 3 0
0 8339 4 0
0 8339 5 0
0 8339 6 0
0 22491 7 0
0 22491 8 0
0 22491 9 0
0 22491 10 0
0 22491 11 0
0 22491 12 0
0 13115 13 0
0 13115 14 0
0 13115 15 0
0 13115 0 0
0 13115 1 0
0 13115 2 0
0 1277 3 0
0 1277 4 0
0 1277 5 0
0 1277 6 0
0 1277 7 0
0 1277 8 0
0 29740 9 0
0 29740 10 0
0 29740 11 0
0 29740 12 0
0 29740 13 0
0 29740 14 0
0 36358 15 0
0 36358 0 0
0 36358 1 0
0 36358 2 0
0 36358 3 0
0 36358 4 0
0 31871 5 0
0 31871 6 0
0 31871 7 0
0 31871 8 0
0 31871 9 0
0 31871 10 0
0 35128 11 0
0 35128 12 0
0 35128 13 0
0 35128 14 0
0 35128 15 0
0 35128 0 0
0 54332 1 0
0 54332 2 0
0 54332 3 0
0 54332 4 0
0 54332 5 0
0 54332 6 0
0 22144 7 0
0 22144 8 0
0 22144 9 0
0 22144 10 0
0 22144 11 0
0 22144 12 0
0 36609 13 0
0 36609 14 0
0 36609 15 0
0 36609 0 0
0 36609 1 0
0 36609 2 0
0 37671 3 0
0 37671 4 0
0 37671 5 0
0 37671 6 0
0 37671 7 0
0 37671 8 0
0 34507 9 0
0 34507 10 0
0 34507 11 0
0 34507 12 0
0 34507 13 0
0 34507 14 0
0 33205 15 0
0 33205 0 0
0 33205 1 0
0 33205 2 0
0 33205 3 0
0 33205 4 0
0 27684 5 0
0 27684 6 0
0 27684 7 0
0 27684 8 0
0 27684 9 0
0 27684 10 0
0 4414 11 0
0 4414 12 0
0 4414 13 0
0 4414 14 0
0 4414 15 0
0 4414 0 0
0 64639 1 0
0 64639 2 0
0 64639 3 0
0 64639 4 0
0 64639 5 0
0 64639 6 0
0 12831 7 0
0 12831 8 0
0 12831 9 0
0 12831 10 0
0 12831 11 0
0 12831 12 0
0 3810 13 0
0 3810 14 0
0 3810 15 0
0 3810 0 0
0 3810 1 0
0 3810 2 0
0 45081 3 0
0 45081 4 0
0 45081 5 0
0 45081 6 0
0 45081 7 0
0 45081 8 0
0 15985 9 0
0 15985 10 0
0 15985 11 0
0 15985 12 0
0 15985 13 0
0 15985 14 0
0 58684 15 0
0 58684 0 0
0 58684 1 0
0 58684 2 0
0 58684 3 0
0 58684 4 0
0 4951 5 0
0 4951 6 0
0 4951 7 0
0 4951 8 0
0 4951 9 0
0 4951 10 0
0 49112 11 0
0 49112 12 0
0 49112 13 0
0 49112 14 0
0 49112 15 0
0 49112 0 0
0 30211 1 0
0 30211 2 0
0 30211 3 0
0 30211 4 0
0 30211 5 0
0 30211 6 0
0 40116 7 0
0 40116 8 0
0 40116 9 0
0 40116 10 0
0 40116 11 0
0 40116 12 0
0 21231 13 0
0 21231 14 0
0 21231 15 0
0 21231 0 0
0 21231 1 0
0 21231 2 0
0 65334 3 0
0 65334 4 0
0 65334 5 0
0 65334 6 0
0 65334 7 0
0 65334 8 0
0 18536 9 0
0 18536 10 0
0 18536 11 0
0 18536 12 0
0 18536 13 0
0 18536 14 0
0 1766 15 0
0 1766 0 0
0 1766 1 0
0 1766 2 0
0 1766 3 0
0 1766 4 0
0 24897 5 0
0 24897 6 0
0 24897 7 0
0 24897 8 0
0 24897 9 0
0 24897 10 0
0 30297 11 0
0 30297 12 0
0 30297 13 0
0 30297 14 0
0 30297 15 0
0 30297 0 0
0 28065 1 0
0 28065 2 0
0 28065 3 0
0 28065 4 0
0 28065 5 0
0 28065 6 0
0 55066 7 0
0 55066 8 0
0 55066 9 0
0 55066 10 0
0 55066 11 0
0 55066 12 0
0 17581 13 0
0 17581 14 0
0 17581 15 0
0 17581 0 0
0 17581 1 0
0 17581 2 0
0 45485 3 0
0 45485 4 0
0 45485 5 0
0 45485 6 0
0 45485 7 0
0 45485 8 0
0 3198 9 0
0 3198 10 0
0 3198 11 0
0 3198 12 0
0 3198 13 0
0 3198 14 0
0 12928 15 0
0 12928 0 0
0 12928 1 0
0 12928 2 0
0 12928 3 0
0 12928 4 0
0 25264 5 0
0 25264 6 0
0 25264 7 0
0 25264 8 0
0 25264 9 0
0 25264 10 0
0 5507 11 0
0 5507 12 0
0 5507 13 0
0 5507 14 0
0 5507 15 0
0 5507 0 0
0 41398 1 0
0 41398 2 0
0 41398 3 0
0 41398 4 0
0 41398 5 0
0 41398 6 0
0 50067 7 0
0 50067 8 0
0 50067 9 0
0 50067 10 0
0 50067 11 0
0 50067 12 0
0 38714 13 0
0 38714 14 0
0 38714 15 0
0 38714 0 0
0 38714 1 0
0 38714 2 0
0 937 3 0
0 937 4 0
0 937 5 0
0 937 6 0
0 937 7 0
0 937 8 0
0 56592 9 0
0 56592 10 0
0 56592 11 0
0 56592 12 0
0 56592 13 0
0 56592 14 0
0 60832 15 0
0 60832 0 0
0 60832 1 0
0 60832 2 0
0 60832 3 0
0 60832 4 0
0 8350 5 0
0 8350 6 0
0 8350 7 0
0 8350 8 0
0 8350 9 0
0 8350 10 0
0 15504 11 0
0 15504 12 0
0 15504 13 0
0 15504 14 0
0 15504 15 0
0 15504 0 0
0 15055 1 0
0 15055 2 0
0 15055 3 0
0 15055 4 0
0 15055 5 0
0 15055 6 0
0 2526 7 0
0 2526 8 0
0 2526 9 0
0 2526 10 0
0 2526 11 0
0 2526 12 0
0 5808 13 0
0 5808 14 0
0 5808 15 0
0 5808 0 0
0 5808 1 0
0 5808 2 0
0 58744 3 0
0 58744 4 0
0 58744 5 0
0 58744 6 0
0 58744 7 0
0 58744 8 0
0 32026 9 0
0 32026 10 0
0 32026 11 0
0 32026 12 0
0 32026 13 0
0 32026 14 0
0 35964 15 0
0 35964 0 0
0 35964 1 0
0 35964 2 0
0 35964 3 0
0 35964 4 0
0 63792 5 0
0 63792 6 0
0 63792 7 0
0 63792 8 0
0 63792 9 0
0 63792 10 0
0 31648 11 0
0 31648 12 0
0 31648 13 0
0 31648 14 0
0 31648 15 0
0 31648 0 0
0 8736 1 0
0 8736 2 0
0 8736 3 0
0 8736 4 0
0 8736 5 0
0 8736 6 0
0 24195 7 0
0 24195 8 0
0 24195 9 0
0 24195 10 0
0 24195 11 0
0 24195 12 0
0 14974 13 0
0 14974 14 0
0 14974 15 0
