0 0 0 0
0 0 1 0
0 0 2 0
0 0 3 0
0 0 4 0
0 4525 5 0
0 4525 6 0
0 4525 7 0
0 4525 8 0
0 4525 9 0
0 4525 10 0
0 41011 11 0
0 41011 12 0
0 41011 13 0
0 41011 14 0
0 41011 15 0
0 41011 0 0
0 43732 1 0
0 43732 2 0
0 43732 3 0
0 43732 4 0
0 43732 5 0
0 43732 6 0
0 60750 7 0
0 60750 8 0
0 60750 9 0
0 60750 10 0
0 60750 11 0
0 60750 12 0
0 3128 13 0
0 3128 14 0
0 3128 15 0
0 3128 0 0
0 3128 1 0
0 3128 2 0
0 63892 3 0
0 63892 4 0
0 63892 5 0
0 63892 6 0
0 63892 7 0
0 63892 8 0
0 52973 9 0
0 52973 10 0
0 52973 11 0
0 52973 12 0
0 52973 13 0
0 52973 14 0
0 37982 15 0
0 37982 0 0
0 37982 1 0
0 37982 2 0
0 37982 3 0
0 37982 4 0
0 3399 5 0
0 3399 6 0
0 3399 7 0
0 3399 8 0
0 3399 9 0
0 3399 10 0
0 31276 11 0
0 31276 12 0
0 31276 13 0
0 31276 14 0
0 31276 15 0
0 31276 0 0
0 46653 1 0
0 46653 2 0
0 46653 3 0
0 46653 4 0
0 46653 5 0
0 46653 6 0
0 45927 7 0
0 45927 8 0
0 45927 9 0
0 45927 10 0
0 45927 11 0
0 45927 12 0
0 42117 13 0
0 42117 14 0
0 42117 15 0
0 42117 0 0
0 42117 1 0
0 42117 2 0
0 22369 3 0
0 22369 4 0
0 22369 5 0
0 22369 6 0
0 22369 7 0
0 22369 8 0
0 55002 9 0
0 55002 10 0
0 55002 11 0
0 55002 12 0
0 55002 13 0
0 55002 14 0
0 24935 15 0
0 24935 0 0
0 24935 1 0
0 24935 2 0
0 24935 3 0
0 24935 4 0
0 51776 5 0
0 51776 6 0
0 51776 7 0
0 51776 8 0
0 51776 9 0
0 51776 10 0
0 6909 11 0
0 6909 12 0
0 6909 13 0
0 6909 14 0
0 6909 15 0
0 6909 0 0
0 3827 1 0
0 3827 2 0
0 3827 3 0
0 3827 4 0
0 3827 5 0
0 3827 6 0
0 35133 7 0
0 35133 8 0
0 35133 9 0
0 35133 10 0
0 35133 11 0
0 35133 12 0
0 27991 13 0
0 27991 14 0
0 27991 15 0
0 27991 0 0
0 27991 1 0
0 27991 2 0
0 39177 3 0
0 39177 4 0
0 39177 5 0
0 39177 6 0
0 39177 7 0
0 39177 8 0
0 19883 9 0
0 19883 10 0
0 19883 11 0
0 19883 12 0
0 19883 13 0
0 19883 14 0
0 1571 15 0
0 1571 0 0
0 1571 1 0
0 1571 2 0
0 1571 3 0
0 1571 4 0
0 52685 5 0
0 52685 6 0
0 52685 7 0
0 52685 8 0
0 52685 9 0
0 52685 10 0
0 33778 11 0
0 33778 12 0
0 33778 13 0
0 33778 14 0
0 33778 15 0
0 33778 0 0
0 32487 1 0
0 32487 2 0
0 32487 3 0
0 32487 4 0
0 32487 5 0
0 32487 6 0
0 2511 7 0
0 2511 8 0
0 2511 9 0
0 2511 10 0
0 2511 11 0
0 2511 12 0
0 5231 13 0
0 5231 14 0
0 5231 15 0
0 5231 0 0
0 5231 1 0
0 5231 2 0
0 23296 3 0
0 23296 4 0
0 23296 5 0
0 23296 6 0
0 23296 7 0
0 23296 8 0
0 59325 9 0
0 59325 10 0
0 59325 11 0
0 59325 12 0
0 59325 13 0
0 59325 14 0
0 19535 15 0
0 19535 0 0
0 19535 1 0
0 19535 2 0
0 19535 3 0
0 19535 4 0
0 29379 5 0
0 29379 6 0
0 29379 7 0
0 29379 8 0
0 29379 9 0
0 29379 10 0
0 43038 11 0
0 43038 12 0
0 43038 13 0
0 43038 14 0
0 43038 15 0
0 43038 0 0
0 38926 1 0
0 38926 2 0
0 38926 3 0
0 38926 4 0
0 38926 5 0
0 38926 6 0
0 51291 7 0
0 51291 8 0
0 51291 9 0
0 51291 10 0
0 51291 11 0
0 51291 12 0
0 10222 13 0
0 10222 14 0
0 10222 15 0
0 10222 0 0
0 10222 1 0
0 10222 2 0
0 62463 3 0
0 62463 4 0
0 62463 5 0
0 62463 6 0
0 62463 7 0
0 62463 8 0
0 28847 9 0
0 28847 10 0
0 28847 11 0
0 28847 12 0
0 28847 13 0
0 28847 14 0
0 35128 15 0
0 35128 0 0
0 35128 1 0
0 35128 2 0
0 35128 3 0
0 35128 4 0
0 34578 5 0
0 34578 6 0
0 34578 7 0
0 34578 8 0
0 34578 9 0
0 34578 10 0
0 4398 11 0
0 4398 12 0
0 4398 13 0
0 4398 14 0
0 4398 15 0
0 4398 0 0
0 47949 1 0
0 47949 2 0
0 47949 3 0
0 47949 4 0
0 47949 5 0
0 47949 6 0
0 39031 7 0
0 39031 8 0
0 39031 9 0
0 39031 10 0
0 39031 11 0
0 39031 12 0
0 33451 13 0
0 33451 14 0
0 33451 15 0
0 33451 0 0
0 33451 1 0
0 33451 2 0
0 30591 3 0
0 30591 4 0
0 30591 5 0
0 30591 6 0
0 30591 7 0
0 30591 8 0
0 40246 9 0
0 40246 10 0
0 40246 11 0
0 40246 12 0
0 40246 13 0
0 40246 14 0
0 43556 15 0
0 43556 0 0
0 43556 1 0
0 43556 2 0
0 43556 3 0
0 43556 4 0
0 38313 5 0
0 38313 6 0
0 38313 7 0
0 38313 8 0
0 38313 9 0
0 38313 10 0
0 35905 11 0
0 35905 12 0
0 35905 13 0
0 35905 14 0
0 35905 15 0
0 35905 0 0
0 49523 1 0
0 49523 2 0
0 49523 3 0
0 49523 4 0
0 49523 5 0
0 49523 6 0
0 63597 7 0
0 63597 8 0
0 63597 9 0
0 63597 10 0
0 63597 11 0
0 63597 12 0
0 14683 13 0
0 14683 14 0
0 14683 15 0
0 14683 0 0
0 14683 1 0
0 14683 2 0
0 10091 3 0
0 10091 4 0
0 10091 5 0
0 10091 6 0
0 10091 7 0
0 10091 8 0
0 54656 9 0
0 54656 10 0
0 54656 11 0
0 54656 12 0
0 54656 13 0
0 54656 14 0
0 25838 15 0
0 25838 0 0
0 25838 1 0
0 25838 2 0
0 25838 3 0
0 25838 4 0
0 23031 5 0
0 23031 6 0
0 23031 7 0
0 23031 8 0
0 23031 9 0
0 23031 10 0
0 27369 11 0
0 27369 12 0
0 27369 13 0
0 27369 14 0
0 27369 15 0
0 27369 0 0
0 35938 1 0
0 35938 2 0
0 35938 3 0
0 35938 4 0
0 35938 5 0
0 35938 6 0
0 48694 7 0
0 48694 8 0
0 48694 9 0
0 48694 10 0
0 48694 11 0
0 48694 12 0
0 57998 13 0
0 57998 14 0
0 57998 15 0
0 57998 0 0
0 57998 1 0
0 57998 2 0
0 57797 3 0
0 57797 4 0
0 57797 5 0
0 57797 6 0
0 57797 7 0
0 57797 8 0
0 53756 9 0
0 53756 10 0
0 53756 11 0
0 53756 12 0
0 53756 13 0
0 53756 14 0
0 27578 15 0
0 27578 0 0
0 27578 1 0
0 27578 2 0
0 27578 3 0
0 27578 4 0
0 58271 5 0
0 58271 6 0
0 58271 7 0
0 58271 8 0
0 58271 9 0
0 58271 10 0
0 44834 11 0
0 44834 12 0
0 44834 13 0
0 44834 14 0
0 44834 15 0
0 44834 0 0
0 12402 1 0
0 12402 2 0
0 12402 3 0
0 12402 4 0
0 12402 5 0
0 12402 6 0
0 28432 7 0
0 28432 8 0
0 28432 9 0
0 28432 10 0
0 28432 11 0
0 28432 12 0
0 62606 13 0
0 62606 14 0
0 62606 15 0
0 62606 0 0
0 62606 1 0
0 62606 2 0
0 40615 3 0
0 40615 4 0
0 40615 5 0
0 40615 6 0
0 40615 7 0
0 40615 8 0
0 13807 9 0
0 13807 10 0
0 13807 11 0
0 13807 12 0
0 13807 13 0
0 13807 14 0
0 2906 15 0
0 2906 0 0
0 2906 1 0
0 2906 2 0
0 2906 3 0
0 2906 4 0
0 4136 5 0
0 4136 6 0
0 4136 7 0
0 4136 8 0
0 4136 9 0
0 4136 10 0
0 9345 11 0
0 9345 12 0
0 9345 13 0
0 9345 14 0
0 9345 15 0
0 9345 0 0
0 30669 1 0
0 30669 2 0
0 30669 3 0
0 30669 4 0
0 30669 5 0
0 30669 6 0
0 55405 7 0
0 55405 8 0
0 55405 9 0
0 55405 10 0
0 55405 11 0
0 55405 12 0
0 42038 13 0
0 42038 14 0
0 42038 15 0
0 42038 0 0
0 42038 1 0
0 42038 2 0
0 12449 3 0
0 12449 4 0
0 12449 5 0
0 12449 6 0
0 12449 7 0
0 12449 8 0
0 11935 9 0
0 11935 10 0
0 11935 11 0
0 11935 12 0
0 11935 13 0
0 11935 14 0
0 63264 15 0
0 63264 0 0
0 63264 1 0
0 63264 2 0
0 63264 3 0
0 63264 4 0
0 38740 5 0
0 38740 6 0
0 38740 7 0
0 38740 8 0
0 38740 9 0
0 38740 10 0
0 64945 11 0
0 64945 12 0
0 64945 13 0
0 64945 14 0
0 64945 15 0
0 64945 0 0
0 61187 1 0
0 61187 2 0
0 61187 3 0
0 61187 4 0
0 61187 5 0
0 61187 6 0
0 7821 7 0
0 7821 8 0
0 7821 9 0
0 7821 10 0
0 7821 11 0
0 7821 12 0
0 40570 13 0
0 40570 14 0
0 40570 15 0
0 40570 0 0
0 40570 1 0
0 40570 2 0
0 62010 3 0
0 62010 4 0
0 62010 5 0
0 62010 6 0
0 62010 7 0
0 62010 8 0
0 48626 9 0
0 48626 10 0
0 48626 11 0
0 48626 12 0
0 48626 13 0
0 48626 14 0
0 62129 15 0
0 62129 0 0
0 62129 1 0
0 62129 2 0
0 62129 3 0
0 62129 4 0
0 16674 5 0
0 16674 6 0
0 16674 7 0
0 16674 8 0
0 16674 9 0
0 16674 10 0
0 29688 11 0
0 29688 12 0
0 29688 13 0
0 29688 14 0
0 29688 15 0
0 29688 0 0
0 6482 1 0
0 6482 2 0
0 6482 3 0
0 6482 4 0
0 6482 5 0
0 6482 6 0
0 58914 7 0
0 58914 8 0
0 58914 9 0
0 58914 10 0
0 58914 11 0
0 58914 12 0
0 31511 13 0
0 31511 14 0
0 31511 15 0
0 31511 0 0
0 31511 1 0
0 31511 2 0
0 32766 3 0
0 32766 4 0
0 32766 5 0
0 32766 6 0
0 32766 7 0
0 32766 8 0
0 29716 9 0
0 29716 10 0
0 29716 11 0
0 29716 12 0
0 29716 13 0
0 29716 14 0
0 4536 15 0
0 4536 0 0
0 4536 1 0
0 4536 2 0
0 4536 3 0
0 4536 4 0
0 37163 5 0
0 37163 6 0
0 37163 7 0
0 37163 8 0
0 37163 9 0
0 37163 10 0
0 14382 11 0
0 14382 12 0
0 14382 13 0
0 14382 14 0
0 14382 15 0
0 14382 0 0
0 50604 1 0
0 50604 2 0
0 50604 3 0
0 50604 4 0
0 50604 5 0
0 50604 6 0
0 44158 7 0
0 44158 8 0
0 44158 9 0
0 44158 10 0
0 44158 11 0
0 44158 12 0
0 54560 13 0
0 54560 14 0
0 54560 15 0
0 54560 0 0
0 54560 1 0
0 54560 2 0
0 45291 3 0
0 45291 4 0
0 45291 5 0
0 45291 6 0
0 45291 7 0
0 45291 8 0
0 18686 9 0
0 18686 10 0
0 18686 11 0
0 18686 12 0
0 18686 13 0
0 18686 14 0
0 50303 15 0
0 50303 0 0
0 50303 1 0
0 50303 2 0
0 50303 3 0
0 50303 4 0
0 59894 5 0
0 59894 6 0
0 59894 7 0
0 59894 8 0
0 59894 9 0
0 59894 10 0
0 16889 11 0
0 16889 12 0
0 16889 13 0
0 16889 14 0
0 16889 15 0
0 16889 0 0
0 54362 1 0
0 54362 2 0
0 54362 3 0
0 54362 4 0
0 54362 5 0
0 54362 6 0
0 20724 7 0
0 20724 8 0
0 20724 9 0
0 20724 10 0
0 20724 11 0
0 20724 12 0
0 30282 13 0
0 30282 14 0
0 30282 15 0
0 30282 0 0
0 30282 1 0
0 30282 2 0
0 4982 3 0
0 4982 4 0
0 4982 5 0
0 4982 6 0
0 4982 7 0
0 4982 8 0
0 48976 9 0
0 48976 10 0
0 48976 11 0
0 48976 12 0
0 48976 13 0
0 48976 14 0
0 60458 15 0
0 60458 0 0
0 60458 1 0
0 60458 2 0
0 60458 3 0
0 60458 4 0
0 59500 5 0
0 59500 6 0
0 59500 7 0
0 59500 8 0
0 59500 9 0
0 59500 10 0
0 14894 11 0
0 14894 12 0
0 14894 13 0
0 14894 14 0
0 14894 15 0
0 14894 0 0
0 43165 1 0
0 43165 2 0
0 43165 3 0
0 43165 4 0
0 43165 5 0
0 43165 6 0
0 34016 7 0
0 34016 8 0
0 34016 9 0
0 34016 10 0
0 34016 11 0
0 34016 12 0
0 17026 13 0
0 17026 14 0
0 17026 15 0
0 17026 0 0
0 17026 1 0
0 17026 2 0
0 38980 3 0
0 38980 4 0
0 38980 5 0
0 38980 6 0
0 38980 7 0
0 38980 8 0
0 4736 9 0
0 4736 10 0
0 4736 11 0
0 4736 12 0
0 4736 13 0
0 4736 14 0
0 25612 15 0
0 25612 0 0
0 25612 1 0
0 25612 2 0
0 25612 3 0
0 25612 4 0
0 38323 5 0
0 38323 6 0
0 38323 7 0
0 38323 8 0
0 38323 9 0
0 38323 10 0
0 34258 11 0
0 34258 12 0
0 34258 13 0
0 34258 14 0
0 34258 15 0
0 34258 0 0
0 31172 1 0
0 31172 2 0
0 31172 3 0
0 31172 4 0
0 31172 5 0
0 31172 6 0
0 10628 7 0
0 10628 8 0
0 10628 9 0
0 10628 10 0
0 10628 11 0
0 10628 12 0
0 60129 13 0
0 60129 14 0
0 60129 15 0
0 60129 0 0
0 60129 1 0
0 60129 2 0
0 14852 3 0
0 14852 4 0
0 14852 5 0
0 14852 6 0
0 14852 7 0
0 14852 8 0
0 63839 9 0
0 63839 10 0
0 63839 11 0
0 63839 12 0
0 63839 13 0
0 63839 14 0
0 42069 15 0
0 42069 0 0
0 42069 1 0
0 42069 2 0
0 42069 3 0
0 42069 4 0
0 23619 5 0
0 23619 6 0
0 23619 7 0
0 23619 8 0
0 23619 9 0
0 23619 10 0
0 40086 11 0
0 40086 12 0
0 40086 13 0
0 40086 14 0
0 40086 15 0
0 40086 0 0
0 13650 1 0
0 13650 2 0
0 13650 3 0
0 13650 4 0
0 13650 5 0
0 13650 6 0
0 442 7 0
0 442 8 0
0 442 9 0
0 442 10 0
0 442 11 0
0 442 12 0
0 26662 13 0
0 26662 14 0
0 26662 15 0
0 26662 0 0
0 26662 1 0
0 26662 2 0
0 28951 3 0
0 28951 4 0
0 28951 5 0
0 28951 6 0
0 28951 7 0
0 28951 8 0
0 47581 9 0
0 47581 10 0
0 47581 11 0
0 47581 12 0
0 47581 13 0
0 47581 14 0
0 23478 15 0
0 23478 0 0
0 23478 1 0
0 23478 2 0
0 23478 3 0
0 23478 4 0
0 48892 5 0
0 48892 6 0
0 48892 7 0
0 48892 8 0
0 48892 9 0
0 48892 10 0
0 43607 11 0
0 43607 12 0
0 43607 13 0
0 43607 14 0
0 43607 15 0
0 43607 0 0
0 30311 1 0
0 30311 2 0
0 30311 3 0
0 30311 4 0
0 30311 5 0
0 30311 6 0
0 40629 7 0
0 40629 8 0
0 40629 9 0
0 40629 10 0
0 40629 11 0
0 40629 12 0
0 25426 13 0
0 25426 14 0
0 25426 15 0
0 25426 0 0
0 25426 1 0
0 25426 2 0
0 7169 3 0
0 7169 4 0
0 7169 5 0
0 7169 6 0
0 7169 7 0
0 7169 8 0
0 49609 9 0
0 49609 10 0
0 49609 11 0
0 49609 12 0
0 49609 13 0
0 49609 14 0
0 33635 15 0
0 33635 0 0
0 33635 1 0
0 33635 2 0
0 33635 3 0
0 33635 4 0
0 37929 5 0
0 37929 6 0
0 37929 7 0
0 37929 8 0
0 37929 9 0
0 37929 10 0
0 50774 11 0
0 50774 12 0
0 50774 13 0
0 50774 14 0
0 50774 15 0
0 50774 0 0
0 35308 1 0
0 35308 2 0
0 35308 3 0
0 35308 4 0
0 35308 5 0
0 35308 6 0
0 11042 7 0
0 11042 8 0
0 11042 9 0
0 11042 10 0
0 11042 11 0
0 11042 12 0
0 7554 13 0
0 7554 14 0
0 7554 15 0
0 7554 0 0
0 7554 1 0
0 7554 2 0
0 54 3 0
0 54 4 0
0 54 5 0
0 54 6 0
0 54 7 0
0 54 8 0
0 17361 9 0
0 17361 10 0
0 17361 11 0
0 17361 12 0
0 17361 13 0
0 17361 14 0
0 29855 15 0
0 29855 0 0
0 29855 1 0
0 29855 2 0
0 29855 3 0
0 29855 4 0
0 104 5 0
0 104 6 0
0 104 7 0
0 104 8 0
0 104 9 0
0 104 10 0
0 16713 11 0
0 16713 12 0
0 16713 13 0
0 16713 14 0
0 16713 15 0
0 16713 0 0
0 37767 1 0
0 37767 2 0
0 37767 3 0
0 37767 4 0
0 37767 5 0
0 37767 6 0
0 22597 7 0
0 22597 8 0
0 22597 9 0
0 22597 10 0
0 22597 11 0
0 22597 12 0
0 21037 13 0
0 21037 14 0
0 21037 15 0
0 21037 0 0
0 21037 1 0
0 21037 2 0
0 63750 3 0
0 63750 4 0
0 63750 5 0
0 63750 6 0
0 63750 7 0
0 63750 8 0
0 4919 9 0
0 4919 10 0
0 4919 11 0
0 4919 12 0
0 4919 13 0
0 4919 14 0
0 65124 15 0
0 65124 0 0
0 65124 1 0
0 65124 2 0
0 65124 3 0
0 65124 4 0
0 40793 5 0
0 40793 6 0
0 40793 7 0
0 40793 8 0
0 40793 9 0
0 40793 10 0
0 31279 11 0
0 31279 12 0
0 31279 13 0
0 31279 14 0
0 31279 15 0
0 31279 0 0
0 46866 1 0
0 46866 2 0
0 46866 3 0
0 46866 4 0
0 46866 5 0
0 46866 6 0
0 15704 7 0
0 15704 8 0
0 15704 9 0
0 15704 10 0
0 15704 11 0
0 15704 12 0
0 27541 13 0
0 27541 14 0
0 27541 15 0
0 27541 0 0
0 27541 1 0
0 27541 2 0
0 28918 3 0
0 28918 4 0
0 28918 5 0
0 28918 6 0
0 28918 7 0
0 28918 8 0
0 20117 9 0
0 20117 10 0
0 20117 11 0
0 20117 12 0
0 20117 13 0
0 20117 14 0
0 20310 15 0
0 20310 0 0
0 20310 1 0
0 20310 2 0
0 20310 3 0
0 20310 4 0
0 36658 5 0
0 36658 6 0
0 36658 7 0
0 36658 8 0
0 36658 9 0
0 36658 10 0
0 62524 11 0
0 62524 12 0
0 62524 13 0
0 62524 14 0
0 62524 15 0
0 62524 0 0
0 40116 1 0
0 40116 2 0
0 40116 3 0
0 40116 4 0
0 40116 5 0
0 40116 6 0
0 58575 7 0
0 58575 8 0
0 58575 9 0
0 58575 10 0
0 58575 11 0
0 58575 12 0
0 38669 13 0
0 38669 14 0
0 38669 15 0
0 38669 0 0
0 38669 1 0
0 38669 2 0
0 25251 3 0
0 25251 4 0
0 25251 5 0
0 25251 6 0
0 25251 7 0
0 25251 8 0
0 44982 9 0
0 44982 10 0
0 44982 11 0
0 44982 12 0
0 44982 13 0
0 44982 14 0
0 27044 15 0
0 27044 0 0
0 27044 1 0
0 27044 2 0
0 27044 3 0
0 27044 4 0
0 17697 5 0
0 17697 6 0
0 17697 7 0
0 17697 8 0
0 17697 9 0
0 17697 10 0
0 60533 11 0
0 60533 12 0
0 60533 13 0
0 60533 14 0
0 60533 15 0
0 60533 0 0
0 62682 1 0
0 62682 2 0
0 62682 3 0
0 62682 4 0
0 62682 5 0
0 62682 6 0
0 21410 7 0
0 21410 8 0
0 21410 9 0
0 21410 10 0
0 21410 11 0
0 21410 12 0
0 29172 13 0
0 29172 14 0
0 29172 15 0
0 29172 0 0
0 29172 1 0
0 29172 2 0
0 56420 3 0
0 56420 4 0
0 56420 5 0
0 56420 6 0
0 56420 7 0
0 56420 8 0
0 51009 9 0
0 51009 10 0
0 51009 11 0
0 51009 12 0
0 51009 13 0
0 51009 14 0
0 36324 15 0
0 36324 0 0
0 36324 1 0
0 36324 2 0
0 36324 3 0
0 36324 4 0
0 28563 5 0
0 28563 6 0
0 28563 7 0
0 28563 8 0
0 28563 9 0
0 28563 10 0
0 45640 11 0
0 45640 12 0
0 45640 13 0
0 45640 14 0
0 45640 15 0
0 45640 0 0
0 40232 1 0
0 40232 2 0
0 40232 3 0
0 40232 4 0
0 40232 5 0
0 40232 6 0
0 60602 7 0
0 60602 8 0
0 60602 9 0
0 60602 10 0
0 60602 11 0
0 60602 12 0
0 17353 13 0
0 17353 14 0
0 17353 15 0
0 17353 0 0
0 17353 1 0
0 17353 2 0
0 56687 3 0
0 56687 4 0
0 56687 5 0
0 56687 6 0
0 56687 7 0
0 56687 8 0
0 49386 9 0
0 49386 10 0
0 49386 11 0
0 49386 12 0
0 49386 13 0
0 49386 14 0
0 58841 15 0
0 58841 0 0
0 58841 1 0
0 58841 2 0
0 58841 3 0
0 58841 4 0
0 53597 5 0
0 53597 6 0
0 53597 7 0
0 53597 8 0
0 53597 9 0
0 53597 10 0
0 27653 11 0
0 27653 12 0
0 27653 13 0
0 27653 14 0
0 27653 15 0
0 27653 0 0
0 6673 1 0
0 6673 2 0
0 6673 3 0
0 6673 4 0
0 6673 5 0
0 6673 6 0
0 33492 7 0
0 33492 8 0
0 33492 9 0
0 33492 10 0
0 33492 11 0
0 33492 12 0
0 6581 13 0
0 6581 14 0
0 6581 15 0
0 6581 0 0
0 6581 1 0
0 6581 2 0
0 63125 3 0
0 63125 4 0
0 63125 5 0
0 63125 6 0
0 63125 7 0
0 63125 8 0
0 6165 9 0
0 6165 10 0
0 6165 11 0
0 6165 12 0
0 6165 13 0
0 6165 14 0
0 54071 15 0
0 54071 0 0
0 54071 1 0
0 54071 2 0
0 54071 3 0
0 54071 4 0
0 22827 5 0
0 22827 6 0
0 22827 7 0
0 22827 8 0
0 22827 9 0
0 22827 10 0
0 3640 11 0
0 3640 12 0
0 3640 13 0
0 3640 14 0
0 3640 15 0
0 3640 0 0
0 2002 1 0
0 2002 2 0
0 2002 3 0
0 2002 4 0
0 2002 5 0
0 2002 6 0
0 33032 7 0
0 33032 8 0
0 33032 9 0
0 33032 10 0
0 33032 11 0
0 33032 12 0
0 23062 13 0
0 23062 14 0
0 23062 15 0
0 23062 0 0
0 23062 1 0
0 23062 2 0
0 9024 3 0
0 9024 4 0
0 9024 5 0
0 9024 6 0
0 9024 7 0
0 9024 8 0
0 4173 9 0
0 4173 10 0
0 4173 11 0
0 4173 12 0
0 4173 13 0
0 4173 14 0
0 35751 15 0
0 35751 0 0
0 35751 1 0
0 35751 2 0
0 35751 3 0
0 35751 4 0
0 43565 5 0
0 43565 6 0
0 43565 7 0
0 43565 8 0
0 43565 9 0
0 43565 10 0
0 2928 11 0
0 2928 12 0
0 2928 13 0
0 2928 14 0
0 2928 15 0
0 2928 0 0
0 39221 1 0
0 39221 2 0
0 39221 3 0
0 39221 4 0
0 39221 5 0
0 39221 6 0
0 51332 7 0
0 51332 8 0
0 51332 9 0
0 51332 10 0
0 51332 11 0
0 51332 12 0
0 13449 13 0
0 13449 14 0
0 13449 15 0
0 13449 0 0
0 13449 1 0
0 13449 2 0
0 49697 3 0
0 49697 4 0
0 49697 5 0
0 49697 6 0
0 49697 7 0
0 49697 8 0
0 53331 9 0
0 53331 10 0
0 53331 11 0
0 53331 12 0
0 53331 13 0
0 53331 14 0
0 43347 15 0
0 43347 0 0
0 43347 1 0
0 43347 2 0
0 43347 3 0
0 43347 4 0
0 26948 5 0
0 26948 6 0
0 26948 7 0
0 26948 8 0
0 26948 9 0
0 26948 10 0
0 32601 11 0
0 32601 12 0
0 32601 13 0
0 32601 14 0
0 32601 15 0
0 32601 0 0
0 21522 1 0
0 21522 2 0
0 21522 3 0
0 21522 4 0
0 21522 5 0
0 21522 6 0
0 58119 7 0
0 58119 8 0
0 58119 9 0
0 58119 10 0
0 58119 11 0
0 58119 12 0
0 50429 13 0
0 50429 14 0
0 50429 15 0
0 50429 0 0
0 50429 1 0
0 50429 2 0
0 41165 3 0
0 41165 4 0
0 41165 5 0
0 41165 6 0
0 41165 7 0
0 41165 8 0
0 59231 9 0
0 59231 10 0
0 59231 11 0
0 59231 12 0
0 59231 13 0
0 59231 14 0
0 19395 15 0
0 19395 0 0
0 19395 1 0
0 19395 2 0
0 19395 3 0
0 19395 4 0
0 12783 5 0
0 12783 6 0
0 12783 7 0
0 12783 8 0
0 12783 9 0
0 12783 10 0
0 37023 11 0
0 37023 12 0
0 37023 13 0
0 37023 14 0
0 37023 15 0
0 37023 0 0
0 59326 1 0
0 59326 2 0
0 59326 3 0
0 59326 4 0
0 59326 5 0
0 59326 6 0
0 15199 7 0
0 15199 8 0
0 15199 9 0
0 15199 10 0
0 15199 11 0
0 15199 12 0
0 17897 13 0
0 17897 14 0
0 17897 15 0
0 17897 0 0
0 17897 1 0
0 17897 2 0
0 39806 3 0
0 39806 4 0
0 39806 5 0
0 39806 6 0
0 39806 7 0
0 39806 8 0
0 32546 9 0
0 32546 10 0
0 32546 11 0
0 32546 12 0
0 32546 13 0
0 32546 14 0
0 44689 15 0
0 44689 0 0
0 44689 1 0
0 44689 2 0
0 44689 3 0
0 44689 4 0
0 53781 5 0
0 53781 6 0
0 53781 7 0
0 53781 8 0
0 53781 9 0
0 53781 10 0
0 43958 11 0
0 43958 12 0
0 43958 13 0
0 43958 14 0
0 43958 15 0
0 43958 0 0
0 8862 1 0
0 8862 2 0
0 8862 3 0
0 8862 4 0
0 8862 5 0
0 8862 6 0
0 47615 7 0
0 47615 8 0
0 47615 9 0
0 47615 10 0
0 47615 11 0
0 47615 12 0
0 64584 13 0
0 64584 14 0
0 64584 15 0
0 64584 0 0
0 64584 1 0
0 64584 2 0
0 1905 3 0
0 1905 4 0
0 1905 5 0
0 1905 6 0
0 1905 7 0
0 1905 8 0
0 14659 9 0
0 14659 10 0
0 14659 11 0
0 14659 12 0
0 14659 13 0
0 14659 14 0
0 19297 15 0
0 19297 0 0
0 19297 1 0
0 19297 2 0
0 19297 3 0
0 19297 4 0
0 17872 5 0
0 17872 6 0
0 17872 7 0
0 17872 8 0
0 17872 9 0
0 17872 10 0
0 33551 11 0
0 33551 12 0
0 33551 13 0
0 33551 14 0
0 33551 15 0
0 33551 0 0
0 36242 1 0
0 36242 2 0
0 36242 3 0
0 36242 4 0
0 36242 5 0
0 36242 6 0
0 16657 7 0
0 16657 8 0
0 16657 9 0
0 16657 10 0
0 16657 11 0
0 16657 12 0
0 31375 13 0
0 31375 14 0
0 31375 15 0
0 31375 0 0
0 31375 1 0
0 31375 2 0
0 21216 3 0
0 21216 4 0
0 21216 5 0
0 21216 6 0
0 21216 7 0
0 21216 8 0
0 45765 9 0
0 45765 10 0
0 45765 11 0
0 45765 12 0
0 45765 13 0
0 45765 14 0
0 44715 15 0
0 44715 0 0
0 44715 1 0
0 44715 2 0
0 44715 3 0
0 44715 4 0
0 29060 5 0
0 29060 6 0
0 29060 7 0
0 29060 8 0
0 29060 9 0
0 29060 10 0
0 30782 11 0
0 30782 12 0
0 30782 13 0
0 30782 14 0
0 30782 15 0
0 30782 0 0
0 5952 1 0
0 5952 2 0
0 5952 3 0
0 5952 4 0
0 5952 5 0
0 5952 6 0
0 25547 7 0
0 25547 8 0
0 25547 9 0
0 25547 10 0
0 25547 11 0
0 25547 12 0
0 64054 13 0
0 64054 14 0
0 64054 15 0
0 64054 0 0
0 64054 1 0
0 64054 2 0
0 48879 3 0
0 48879 4 0
0 48879 5 0
0 48879 6 0
0 48879 7 0
0 48879 8 0
0 22821 9 0
0 22821 10 0
0 22821 11 0
0 22821 12 0
0 22821 13 0
0 22821 14 0
0 51730 15 0
0 51730 0 0
0 51730 1 0
0 51730 2 0
0 51730 3 0
0 51730 4 0
0 61444 5 0
0 61444 6 0
0 61444 7 0
0 61444 8 0
0 61444 9 0
0 61444 10 0
0 64957 11 0
0 64957 12 0
0 64957 13 0
0 64957 14 0
0 64957 15 0
0 64957 0 0
0 26639 1 0
0 26639 2 0
0 26639 3 0
0 26639 4 0
0 26639 5 0
0 26639 6 0
0 58644 7 0
0 58644 8 0
0 58644 9 0
0 58644 10 0
0 58644 11 0
0 58644 12 0
0 50371 13 0
0 50371 14 0
0 50371 15 0
0 50371 0 0
0 50371 1 0
0 50371 2 0
0 39592 3 0
0 39592 4 0
0 39592 5 0
0 39592 6 0
0 39592 7 0
0 39592 8 0
0 29764 9 0
0 29764 10 0
0 29764 11 0
0 29764 12 0
0 29764 13 0
0 29764 14 0
0 15849 15 0
0 15849 0 0
0 15849 1 0
0 15849 2 0
0 15849 3 0
0 15849 4 0
0 60647 5 0
0 60647 6 0
0 60647 7 0
0 60647 8 0
0 60647 9 0
0 60647 10 0
0 54357 11 0
0 54357 12 0
0 54357 13 0
0 54357 14 0
0 54357 15 0
0 54357 0 0
0 35701 1 0
0 35701 2 0
0 35701 3 0
0 35701 4 0
0 35701 5 0
0 35701 6 0
0 41428 7 0
0 41428 8 0
0 41428 9 0
0 41428 10 0
0 41428 11 0
0 41428 12 0
0 11269 13 0
0 11269 14 0
0 11269 15 0
0 11269 0 0
0 11269 1 0
0 11269 2 0
0 12790 3 0
0 12790 4 0
0 12790 5 0
0 12790 6 0
0 12790 7 0
0 12790 8 0
0 19733 9 0
0 19733 10 0
0 19733 11 0
0 19733 12 0
0 19733 13 0
0 19733 14 0
0 29690 15 0
0 29690 0 0
0 29690 1 0
0 29690 2 0
0 29690 3 0
0 29690 4 0
0 64879 5 0
0 64879 6 0
0 64879 7 0
0 64879 8 0
0 64879 9 0
0 64879 10 0
0 23578 11 0
0 23578 12 0
0 23578 13 0
0 23578 14 0
0 23578 15 0
0 23578 0 0
0 7701 1 0
0 7701 2 0
0 7701 3 0
0 7701 4 0
0 7701 5 0
0 7701 6 0
0 60254 7 0
0 60254 8 0
0 60254 9 0
0 60254 10 0
0 60254 11 0
0 60254 12 0
0 24323 13 0
0 24323 14 0
0 24323 15 0
0 24323 0 0
0 24323 1 0
0 24323 2 0
0 63008 3 0
0 63008 4 0
0 63008 5 0
0 63008 6 0
0 63008 7 0
0 63008 8 0
0 16971 9 0
0 16971 10 0
0 16971 11 0
0 16971 12 0
0 16971 13 0
0 16971 14 0
0 3406 15 0
0 3406 0 0
0 3406 1 0
0 3406 2 0
0 3406 3 0
0 3406 4 0
0 31199 5 0
0 31199 6 0
0 31199 7 0
0 31199 8 0
0 31199 9 0
0 31199 10 0
0 24479 11 0
0 24479 12 0
0 24479 13 0
0 24479 14 0
0 24479 15 0
0 24479 0 0
0 25820 1 0
0 25820 2 0
0 25820 3 0
0 25820 4 0
0 25820 5 0
0 25820 6 0
0 4143 7 0
0 4143 8 0
0 4143 9 0
0 4143 10 0
0 4143 11 0
0 4143 12 0
0 44632 13 0
0 44632 14 0
0 44632 15 0
0 44632 0 0
0 44632 1 0
0 44632 2 0
0 45814 3 0
0 45814 4 0
0 45814 5 0
0 45814 6 0
0 45814 7 0
0 45814 8 0
0 63056 9 0
0 63056 10 0
0 63056 11 0
0 63056 12 0
0 63056 13 0
0 63056 14 0
0 40588 15 0
0 40588 0 0
0 40588 1 0
0 40588 2 0
0 40588 3 0
0 40588 4 0
0 43150 5 0
0 43150 6 0
0 43150 7 0
0 43150 8 0
0 43150 9 0
0 43150 10 0
0 44030 11 0
0 44030 12 0
0 44030 13 0
0 44030 14 0
0 44030 15 0
0 44030 0 0
0 42343 1 0
0 42343 2 0
0 42343 3 0
0 42343 4 0
0 42343 5 0
0 42343 6 0
0 11193 7 0
0 11193 8 0
0 11193 9 0
0 11193 10 0
0 11193 11 0
0 11193 12 0
0 39654 13 0
0 39654 14 0
0 39654 15 0
0 39654 0 0
0 39654 1 0
0 39654 2 0
0 53081 3 0
0 53081 4 0
0 53081 5 0
0 53081 6 0
0 53081 7 0
0 53081 8 0
0 9682 9 0
0 9682 10 0
0 9682 11 0
0 9682 12 0
0 9682 13 0
0 9682 14 0
0 64224 15 0
0 64224 0 0
0 64224 1 0
0 64224 2 0
0 64224 3 0
0 64224 4 0
0 41702 5 0
0 41702 6 0
0 41702 7 0
0 41702 8 0
0 41702 9 0
0 41702 10 0
0 45945 11 0
0 45945 12 0
0 45945 13 0
0 45945 14 0
0 45945 15 0
0 45945 0 0
0 56526 1 0
0 56526 2 0
0 56526 3 0
0 56526 4 0
0 56526 5 0
0 56526 6 0
0 12342 7 0
0 12342 8 0
0 12342 9 0
0 12342 10 0
0 12342 11 0
0 12342 12 0
0 15773 13 0
0 15773 14 0
0 15773 15 0
0 15773 0 0
0 15773 1 0
0 15773 2 0
0 2085 3 0
0 2085 4 0
0 2085 5 0
0 2085 6 0
0 2085 7 0
0 2085 8 0
0 20098 9 0
0 20098 10 0
0 20098 11 0
0 20098 12 0
0 20098 13 0
0 20098 14 0
0 48094 15 0
0 48094 0 0
0 48094 1 0
0 48094 2 0
0 48094 3 0
0 48094 4 0
0 31724 5 0
0 31724 6 0
0 31724 7 0
0 31724 8 0
0 31724 9 0
0 31724 10 0
0 3204 11 0
0 3204 12 0
0 3204 13 0
0 3204 14 0
0 3204 15 0
0 3204 0 0
0 10374 1 0
0 10374 2 0
0 10374 3 0
0 10374 4 0
0 10374 5 0
0 10374 6 0
0 13522 7 0
0 13522 8 0
0 13522 9 0
0 13522 10 0
0 13522 11 0
0 13522 12 0
0 40265 13 0
0 40265 14 0
0 40265 15 0
0 40265 0 0
0 40265 1 0
0 40265 2 0
0 55845 3 0
0 55845 4 0
0 55845 5 0
0 55845 6 0
0 55845 7 0
0 55845 8 0
0 50340 9 0
0 50340 10 0
0 50340 11 0
0 50340 12 0
0 50340 13 0
0 50340 14 0
0 38136 15 0
0 38136 0 0
0 38136 1 0
0 38136 2 0
0 38136 3 0
0 38136 4 0
0 42202 5 0
0 42202 6 0
0 42202 7 0
0 42202 8 0
0 42202 9 0
0 42202 10 0
0 62550 11 0
0 62550 12 0
0 62550 13 0
0 62550 14 0
0 62550 15 0
0 62550 0 0
0 7781 1 0
0 7781 2 0
0 7781 3 0
0 7781 4 0
0 7781 5 0
0 7781 6 0
0 30900 7 0
0 30900 8 0
0 30900 9 0
0 30900 10 0
0 30900 11 0
0 30900 12 0
0 35803 13 0
0 35803 14 0
0 35803 15 0
0 35803 0 0
0 35803 1 0
0 35803 2 0
0 43277 3 0
0 43277 4 0
0 43277 5 0
0 43277 6 0
0 43277 7 0
0 43277 8 0
0 54228 9 0
0 54228 10 0
0 54228 11 0
0 54228 12 0
0 54228 13 0
0 54228 14 0
0 42793 15 0
0 42793 0 0
0 42793 1 0
0 42793 2 0
0 42793 3 0
0 42793 4 0
0 7361 5 0
0 7361 6 0
0 7361 7 0
0 7361 8 0
0 7361 9 0
0 7361 10 0
0 10780 11 0
0 10780 12 0
0 10780 13 0
0 10780 14 0
0 10780 15 0
0 10780 0 0
0 10204 1 0
0 10204 2 0
0 10204 3 0
0 10204 4 0
0 10204 5 0
0 10204 6 0
0 5122 7 0
0 5122 8 0
0 5122 9 0
0 5122 10 0
0 5122 11 0
0 5122 12 0
0 41052 13 0
0 41052 14 0
0 41052 15 0
0 41052 0 0
0 41052 1 0
0 41052 2 0
0 17639 3 0
0 17639 4 0
0 17639 5 0
0 17639 6 0
0 17639 7 0
0 17639 8 0
0 6874 9 0
0 6874 10 0
0 6874 11 0
0 6874 12 0
0 6874 13 0
0 6874 14 0
0 39611 15 0
0 39611 0 0
0 39611 1 0
0 39611 2 0
0 39611 3 0
0 39611 4 0
0 34647 5 0
0 34647 6 0
0 34647 7 0
0 34647 8 0
0 34647 9 0
0 34647 10 0
0 29227 11 0
0 29227 12 0
0 29227 13 0
0 29227 14 0
0 29227 15 0
0 29227 0 0
0 42240 1 0
0 42240 2 0
0 42240 3 0
0 42240 4 0
0 42240 5 0
0 42240 6 0
0 28150 7 0
0 28150 8 0
0 28150 9 0
0 28150 10 0
0 28150 11 0
0 28150 12 0
0 27131 13 0
0 27131 14 0
0 27131 15 0
