0 0 0 0
0 0 1 0
0 0 2 0
0 0 3 0
0 0 4 0
0 35864 5 0
0 35864 6 0
0 35864 7 0
0 35864 8 0
0 35864 9 0
0 35864 10 0
0 35507 11 0
0 35507 12 0
0 35507 13 0
0 35507 14 0
0 35507 15 0
0 35507 0 0
0 43166 1 0
0 43166 2 0
0 43166 3 0
0 43166 4 0
0 43166 5 0
0 43166 6 0
0 22907 7 0
0 22907 8 0
0 22907 9 0
0 22907 10 0
0 22907 11 0
0 22907 12 0
0 33983 13 0
0 33983 14 0
0 33983 15 0
0 33983 0 0
0 33983 1 0
0 33983 2 0
0 28472 3 0
0 28472 4 0
0 28472 5 0
0 28472 6 0
0 28472 7 0
0 28472 8 0
0 12893 9 0
0 12893 10 0
0 12893 11 0
0 12893 12 0
0 12893 13 0
0 12893 14 0
0 38199 15 0
0 38199 0 0
0 38199 1 0
0 38199 2 0
0 38199 3 0
0 38199 4 0
0 50673 5 0
0 50673 6 0
0 50673 7 0
0 50673 8 0
0 50673 9 0
0 50673 10 0
0 52472 11 0
0 52472 12 0
0 52472 13 0
0 52472 14 0
0 52472 15 0
0 52472 0 0
0 44412 1 0
0 44412 2 0
0 44412 3 0
0 44412 4 0
0 44412 5 0
0 44412 6 0
0 60939 7 0
0 60939 8 0
0 60939 9 0
0 60939 10 0
0 60939 11 0
0 60939 12 0
0 12495 13 0
0 12495 14 0
0 12495 15 0
0 12495 0 0
0 12495 1 0
0 12495 2 0
0 9086 3 0
0 9086 4 0
0 9086 5 0
0 9086 6 0
0 9086 7 0
0 9086 8 0
0 31904 9 0
0 31904 10 0
0 31904 11 0
0 31904 12 0
0 31904 13 0
0 31904 14 0
0 21661 15 0
0 21661 0 0
0 21661 1 0
0 21661 2 0
0 21661 3 0
0 21661 4 0
0 59975 5 0
0 59975 6 0
0 59975 7 0
0 59975 8 0
0 59975 9 0
0 59975 10 0
0 24825 11 0
0 24825 12 0
0 24825 13 0
0 24825 14 0
0 24825 15 0
0 24825 0 0
0 47207 1 0
0 47207 2 0
0 47207 3 0
0 47207 4 0
0 47207 5 0
0 47207 6 0
0 34840 7 0
0 34840 8 0
0 34840 9 0
0 34840 10 0
0 34840 11 0
0 34840 12 0
0 4713 13 0
0 4713 14 0
0 4713 15 0
0 4713 0 0
0 4713 1 0
0 4713 2 0
0 17888 3 0
0 17888 4 0
0 17888 5 0
0 17888 6 0
0 17888 7 0
0 17888 8 0
0 996 9 0
0 996 10 0
0 996 11 0
0 996 12 0
0 996 13 0
0 996 14 0
0 48228 15 0
0 48228 0 0
0 48228 1 0
0 48228 2 0
0 48228 3 0
0 48228 4 0
0 58234 5 0
0 58234 6 0
0 58234 7 0
0 58234 8 0
0 58234 9 0
0 58234 10 0
0 37453 11 0
0 37453 12 0
0 37453 13 0
0 37453 14 0
0 37453 15 0
0 37453 0 0
0 40773 1 0
0 40773 2 0
0 40773 3 0
0 40773 4 0
0 40773 5 0
0 40773 6 0
0 43126 7 0
0 43126 8 0
0 43126 9 0
0 43126 10 0
0 43126 11 0
0 43126 12 0
0 23450 13 0
0 23450 14 0
0 23450 15 0
0 23450 0 0
0 23450 1 0
0 23450 2 0
0 1946 3 0
0 1946 4 0
0 1946 5 0
0 1946 6 0
0 1946 7 0
0 1946 8 0
0 38892 9 0
0 38892 10 0
0 38892 11 0
0 38892 12 0
0 38892 13 0
0 38892 14 0
0 21430 15 0
0 21430 0 0
0 21430 1 0
0 21430 2 0
0 21430 3 0
0 21430 4 0
0 3427 5 0
0 3427 6 0
0 3427 7 0
0 3427 8 0
0 3427 9 0
0 3427 10 0
0 57708 11 0
0 57708 12 0
0 57708 13 0
0 57708 14 0
0 57708 15 0
0 57708 0 0
0 58131 1 0
0 58131 2 0
0 58131 3 0
0 58131 4 0
0 58131 5 0
0 58131 6 0
0 15771 7 0
0 15771 8 0
0 15771 9 0
0 15771 10 0
0 15771 11 0
0 15771 12 0
0 57332 13 0
0 57332 14 0
0 57332 15 0
0 57332 0 0
0 57332 1 0
0 57332 2 0
0 61974 3 0
0 61974 4 0
0 61974 5 0
0 61974 6 0
0 61974 7 0
0 61974 8 0
0 10787 9 0
0 10787 10 0
0 10787 11 0
0 10787 12 0
0 10787 13 0
0 10787 14 0
0 4623 15 0
0 4623 0 0
0 4623 1 0
0 4623 2 0
0 4623 3 0
0 4623 4 0
0 60944 5 0
0 60944 6 0
0 60944 7 0
0 60944 8 0
0 60944 9 0
0 60944 10 0
0 57257 11 0
0 57257 12 0
0 57257 13 0
0 57257 14 0
0 57257 15 0
0 57257 0 0
0 29518 1 0
0 29518 2 0
0 29518 3 0
0 29518 4 0
0 29518 5 0
0 29518 6 0
0 36123 7 0
0 36123 8 0
0 36123 9 0
0 36123 10 0
0 36123 11 0
0 36123 12 0
0 16763 13 0
0 16763 14 0
0 16763 15 0
0 16763 0 0
0 16763 1 0
0 16763 2 0
0 62671 3 0
0 62671 4 0
0 62671 5 0
0 62671 6 0
0 62671 7 0
0 62671 8 0
0 58508 9 0
0 58508 10 0
0 58508 11 0
0 58508 12 0
0 58508 13 0
0 58508 14 0
0 11287 15 0
0 11287 0 0
0 11287 1 0
0 11287 2 0
0 11287 3 0
0 11287 4 0
0 46332 5 0
0 46332 6 0
0 46332 7 0
0 46332 8 0
0 46332 9 0
0 46332 10 0
0 54281 11 0
0 54281 12 0
0 54281 13 0
0 54281 14 0
0 54281 15 0
0 54281 0 0
0 40583 1 0
0 40583 2 0
0 40583 3 0
0 40583 4 0
0 40583 5 0
0 40583 6 0
0 65062 7 0
0 65062 8 0
0 65062 9 0
0 65062 10 0
0 65062 11 0
0 65062 12 0
0 62011 13 0
0 62011 14 0
0 62011 15 0
0 62011 0 0
0 62011 1 0
0 62011 2 0
0 59125 3 0
0 59125 4 0
0 59125 5 0
0 59125 6 0
0 59125 7 0
0 59125 8 0
0 41068 9 0
0 41068 10 0
0 41068 11 0
0 41068 12 0
0 41068 13 0
0 41068 14 0
0 40516 15 0
0 40516 0 0
0 40516 1 0
0 40516 2 0
0 40516 3 0
0 40516 4 0
0 10881 5 0
0 10881 6 0
0 10881 7 0
0 10881 8 0
0 10881 9 0
0 10881 10 0
0 15041 11 0
0 15041 12 0
0 15041 13 0
0 15041 14 0
0 15041 15 0
0 15041 0 0
0 13946 1 0
0 13946 2 0
0 13946 3 0
0 13946 4 0
0 13946 5 0
0 13946 6 0
0 9953 7 0
0 9953 8 0
0 9953 9 0
0 9953 10 0
0 9953 11 0
0 9953 12 0
0 32279 13 0
0 32279 14 0
0 32279 15 0
0 32279 0 0
0 32279 1 0
0 32279 2 0
0 55648 3 0
0 55648 4 0
0 55648 5 0
0 55648 6 0
0 55648 7 0
0 55648 8 0
0 57833 9 0
0 57833 10 0
0 57833 11 0
0 57833 12 0
0 57833 13 0
0 57833 14 0
0 8954 15 0
0 8954 0 0
0 8954 1 0
0 8954 2 0
0 8954 3 0
0 8954 4 0
0 60994 5 0
0 60994 6 0
0 60994 7 0
0 60994 8 0
0 60994 9 0
0 60994 10 0
0 2968 11 0
0 2968 12 0
0 2968 13 0
0 2968 14 0
0 2968 15 0
0 2968 0 0
0 23365 1 0
0 23365 2 0
0 23365 3 0
0 23365 4 0
0 23365 5 0
0 23365 6 0
0 18575 7 0
0 18575 8 0
0 18575 9 0
0 18575 10 0
0 18575 11 0
0 18575 12 0
0 53895 13 0
0 53895 14 0
0 53895 15 0
0 53895 0 0
0 53895 1 0
0 53895 2 0
0 43379 3 0
0 43379 4 0
0 43379 5 0
0 43379 6 0
0 43379 7 0
0 43379 8 0
0 21846 9 0
0 21846 10 0
0 21846 11 0
0 21846 12 0
0 21846 13 0
0 21846 14 0
0 43979 15 0
0 43979 0 0
0 43979 1 0
0 43979 2 0
0 43979 3 0
0 43979 4 0
0 20625 5 0
0 20625 6 0
0 20625 7 0
0 20625 8 0
0 20625 9 0
0 20625 10 0
0 31888 11 0
0 31888 12 0
0 31888 13 0
0 31888 14 0
0 31888 15 0
0 31888 0 0
0 63026 1 0
0 63026 2 0
0 63026 3 0
0 63026 4 0
0 63026 5 0
0 63026 6 0
0 51386 7 0
0 51386 8 0
0 51386 9 0
0 51386 10 0
0 51386 11 0
0 51386 12 0
0 22203 13 0
0 22203 14 0
0 22203 15 0
0 22203 0 0
0 22203 1 0
0 22203 2 0
0 12692 3 0
0 12692 4 0
0 12692 5 0
0 12692 6 0
0 12692 7 0
0 12692 8 0
0 47910 9 0
0 47910 10 0
0 47910 11 0
0 47910 12 0
0 47910 13 0
0 47910 14 0
0 20885 15 0
0 20885 0 0
0 20885 1 0
0 20885 2 0
0 20885 3 0
0 20885 4 0
0 59717 5 0
0 59717 6 0
0 59717 7 0
0 59717 8 0
0 59717 9 0
0 59717 10 0
0 12699 11 0
0 12699 12 0
0 12699 13 0
0 12699 14 0
0 12699 15 0
0 12699 0 0
0 19962 1 0
0 19962 2 0
0 19962 3 0
0 19962 4 0
0 19962 5 0
0 19962 6 0
0 43526 7 0
0 43526 8 0
0 43526 9 0
0 43526 10 0
0 43526 11 0
0 43526 12 0
0 4897 13 0
0 4897 14 0
0 4897 15 0
0 4897 0 0
0 4897 1 0
0 4897 2 0
0 15016 3 0
0 15016 4 0
0 15016 5 0
0 15016 6 0
0 15016 7 0
0 15016 8 0
0 39186 9 0
0 39186 10 0
0 39186 11 0
0 39186 12 0
0 39186 13 0
0 39186 14 0
0 40883 15 0
0 40883 0 0
0 40883 1 0
0 40883 2 0
0 40883 3 0
0 40883 4 0
0 35966 5 0
0 35966 6 0
0 35966 7 0
0 35966 8 0
0 35966 9 0
0 35966 10 0
0 22811 11 0
0 22811 12 0
0 22811 13 0
0 22811 14 0
0 22811 15 0
0 22811 0 0
0 27178 1 0
0 27178 2 0
0 27178 3 0
0 27178 4 0
0 27178 5 0
0 27178 6 0
0 51478 7 0
0 51478 8 0
0 51478 9 0
0 51478 10 0
0 51478 11 0
0 51478 12 0
0 61891 13 0
0 61891 14 0
0 61891 15 0
0 61891 0 0
0 61891 1 0
0 61891 2 0
0 2607 3 0
0 2607 4 0
0 2607 5 0
0 2607 6 0
0 2607 7 0
0 2607 8 0
0 35324 9 0
0 35324 10 0
0 35324 11 0
0 35324 12 0
0 35324 13 0
0 35324 14 0
0 52429 15 0
0 52429 0 0
0 52429 1 0
0 52429 2 0
0 52429 3 0
0 52429 4 0
0 14696 5 0
0 14696 6 0
0 14696 7 0
0 14696 8 0
0 14696 9 0
0 14696 10 0
0 38929 11 0
0 38929 12 0
0 38929 13 0
0 38929 14 0
0 38929 15 0
0 38929 0 0
0 48460 1 0
0 48460 2 0
0 48460 3 0
0 48460 4 0
0 48460 5 0
0 48460 6 0
0 50060 7 0
0 50060 8 0
0 50060 9 0
0 50060 10 0
0 50060 11 0
0 50060 12 0
0 37827 13 0
0 37827 14 0
0 37827 15 0
0 37827 0 0
0 37827 1 0
0 37827 2 0
0 38716 3 0
0 38716 4 0
0 38716 5 0
0 38716 6 0
0 38716 7 0
0 38716 8 0
0 10444 9 0
0 10444 10 0
0 10444 11 0
0 10444 12 0
0 10444 13 0
0 10444 14 0
0 58853 15 0
0 58853 0 0
0 58853 1 0
0 58853 2 0
0 58853 3 0
0 58853 4 0
0 29543 5 0
0 29543 6 0
0 29543 7 0
0 29543 8 0
0 29543 9 0
0 29543 10 0
0 37927 11 0
0 37927 12 0
0 37927 13 0
0 37927 14 0
0 37927 15 0
0 37927 0 0
0 62118 1 0
0 62118 2 0
0 62118 3 0
0 62118 4 0
0 62118 5 0
0 62118 6 0
0 2716 7 0
0 2716 8 0
0 2716 9 0
0 2716 10 0
0 2716 11 0
0 2716 12 0
0 31258 13 0
0 31258 14 0
0 31258 15 0
0 31258 0 0
0 31258 1 0
0 31258 2 0
0 2364 3 0
0 2364 4 0
0 2364 5 0
0 2364 6 0
0 2364 7 0
0 2364 8 0
0 14381 9 0
0 14381 10 0
0 14381 11 0
0 14381 12 0
0 14381 13 0
0 14381 14 0
0 2912 15 0
0 2912 0 0
0 2912 1 0
0 2912 2 0
0 2912 3 0
0 2912 4 0
0 43948 5 0
0 43948 6 0
0 43948 7 0
0 43948 8 0
0 43948 9 0
0 43948 10 0
0 55534 11 0
0 55534 12 0
0 55534 13 0
0 55534 14 0
0 55534 15 0
0 55534 0 0
0 18721 1 0
0 18721 2 0
0 18721 3 0
0 18721 4 0
0 18721 5 0
0 18721 6 0
0 39125 7 0
0 39125 8 0
0 39125 9 0
0 39125 10 0
0 39125 11 0
0 39125 12 0
0 5139 13 0
0 5139 14 0
0 5139 15 0
0 5139 0 0
0 5139 1 0
0 5139 2 0
0 13495 3 0
0 13495 4 0
0 13495 5 0
0 13495 6 0
0 13495 7 0
0 13495 8 0
0 12857 9 0
0 12857 10 0
0 12857 11 0
0 12857 12 0
0 12857 13 0
0 12857 14 0
0 40395 15 0
0 40395 0 0
0 40395 1 0
0 40395 2 0
0 40395 3 0
0 40395 4 0
0 61423 5 0
0 61423 6 0
0 61423 7 0
0 61423 8 0
0 61423 9 0
0 61423 10 0
0 40273 11 0
0 40273 12 0
0 40273 13 0
0 40273 14 0
0 40273 15 0
0 40273 0 0
0 18369 1 0
0 18369 2 0
0 18369 3 0
0 18369 4 0
0 18369 5 0
0 18369 6 0
0 56162 7 0
0 56162 8 0
0 56162 9 0
0 56162 10 0
0 56162 11 0
0 56162 12 0
0 33343 13 0
0 33343 14 0
0 33343 15 0
0 33343 0 0
0 33343 1 0
0 33343 2 0
0 47406 3 0
0 47406 4 0
0 47406 5 0
0 47406 6 0
0 47406 7 0
0 47406 8 0
0 34004 9 0
0 34004 10 0
0 34004 11 0
0 34004 12 0
0 34004 13 0
0 34004 14 0
0 54878 15 0
0 54878 0 0
0 54878 1 0
0 54878 2 0
0 54878 3 0
0 54878 4 0
0 55293 5 0
0 55293 6 0
0 55293 7 0
0 55293 8 0
0 55293 9 0
0 55293 10 0
0 40843 11 0
0 40843 12 0
0 40843 13 0
0 40843 14 0
0 40843 15 0
0 40843 0 0
0 63239 1 0
0 63239 2 0
0 63239 3 0
0 63239 4 0
0 63239 5 0
0 63239 6 0
0 57268 7 0
0 57268 8 0
0 57268 9 0
0 57268 10 0
0 57268 11 0
0 57268 12 0
0 31223 13 0
0 31223 14 0
0 31223 15 0
0 31223 0 0
0 31223 1 0
0 31223 2 0
0 23497 3 0
0 23497 4 0
0 23497 5 0
0 23497 6 0
0 23497 7 0
0 23497 8 0
0 59594 9 0
0 59594 10 0
0 59594 11 0
0 59594 12 0
0 59594 13 0
0 59594 14 0
0 37580 15 0
0 37580 0 0
0 37580 1 0
0 37580 2 0
0 37580 3 0
0 37580 4 0
0 17577 5 0
0 17577 6 0
0 17577 7 0
0 17577 8 0
0 17577 9 0
0 17577 10 0
0 12772 11 0
0 12772 12 0
0 12772 13 0
0 12772 14 0
0 12772 15 0
0 12772 0 0
0 23859 1 0
0 23859 2 0
0 23859 3 0
0 23859 4 0
0 23859 5 0
0 23859 6 0
0 16934 7 0
0 16934 8 0
0 16934 9 0
0 16934 10 0
0 16934 11 0
0 16934 12 0
0 32926 13 0
0 32926 14 0
0 32926 15 0
0 32926 0 0
0 32926 1 0
0 32926 2 0
0 36888 3 0
0 36888 4 0
0 36888 5 0
0 36888 6 0
0 36888 7 0
0 36888 8 0
0 36307 9 0
0 36307 10 0
0 36307 11 0
0 36307 12 0
0 36307 13 0
0 36307 14 0
0 13904 15 0
0 13904 0 0
0 13904 1 0
0 13904 2 0
0 13904 3 0
0 13904 4 0
0 41523 5 0
0 41523 6 0
0 41523 7 0
0 41523 8 0
0 41523 9 0
0 41523 10 0
0 14615 11 0
0 14615 12 0
0 14615 13 0
0 14615 14 0
0 14615 15 0
0 14615 0 0
0 561 1 0
0 561 2 0
0 561 3 0
0 561 4 0
0 561 5 0
0 561 6 0
0 25803 7 0
0 25803 8 0
0 25803 9 0
0 25803 10 0
0 25803 11 0
0 25803 12 0
0 8578 13 0
0 8578 14 0
0 8578 15 0
0 8578 0 0
0 8578 1 0
0 8578 2 0
0 41676 3 0
0 41676 4 0
0 41676 5 0
0 41676 6 0
0 41676 7 0
0 41676 8 0
0 5895 9 0
0 5895 10 0
0 5895 11 0
0 5895 12 0
0 5895 13 0
0 5895 14 0
0 34926 15 0
0 34926 0 0
0 34926 1 0
0 34926 2 0
0 34926 3 0
0 34926 4 0
0 63726 5 0
0 63726 6 0
0 63726 7 0
0 63726 8 0
0 63726 9 0
0 63726 10 0
0 56026 11 0
0 56026 12 0
0 56026 13 0
0 56026 14 0
0 56026 15 0
0 56026 0 0
0 15747 1 0
0 15747 2 0
0 15747 3 0
0 15747 4 0
0 15747 5 0
0 15747 6 0
0 22339 7 0
0 22339 8 0
0 22339 9 0
0 22339 10 0
0 22339 11 0
0 22339 12 0
0 33683 13 0
0 33683 14 0
0 33683 15 0
0 33683 0 0
0 33683 1 0
0 33683 2 0
0 25558 3 0
0 25558 4 0
0 25558 5 0
0 25558 6 0
0 25558 7 0
0 25558 8 0
0 30371 9 0
0 30371 10 0
0 30371 11 0
0 30371 12 0
0 30371 13 0
0 30371 14 0
0 41134 15 0
0 41134 0 0
0 41134 1 0
0 41134 2 0
0 41134 3 0
0 41134 4 0
0 23583 5 0
0 23583 6 0
0 23583 7 0
0 23583 8 0
0 23583 9 0
0 23583 10 0
0 4901 11 0
0 4901 12 0
0 4901 13 0
0 4901 14 0
0 4901 15 0
0 4901 0 0
0 6868 1 0
0 6868 2 0
0 6868 3 0
0 6868 4 0
0 6868 5 0
0 6868 6 0
0 150 7 0
0 150 8 0
0 150 9 0
0 150 10 0
0 150 11 0
0 150 12 0
0 25616 13 0
0 25616 14 0
0 25616 15 0
0 25616 0 0
0 25616 1 0
0 25616 2 0
0 12416 3 0
0 12416 4 0
0 12416 5 0
0 12416 6 0
0 12416 7 0
0 12416 8 0
0 6508 9 0
0 6508 10 0
0 6508 11 0
0 6508 12 0
0 6508 13 0
0 6508 14 0
0 64901 15 0
0 64901 0 0
0 64901 1 0
0 64901 2 0
0 64901 3 0
0 64901 4 0
0 11999 5 0
0 11999 6 0
0 11999 7 0
0 11999 8 0
0 11999 9 0
0 11999 10 0
0 40181 11 0
0 40181 12 0
0 40181 13 0
0 40181 14 0
0 40181 15 0
0 40181 0 0
0 25758 1 0
0 25758 2 0
0 25758 3 0
0 25758 4 0
0 25758 5 0
0 25758 6 0
0 46689 7 0
0 46689 8 0
0 46689 9 0
0 46689 10 0
0 46689 11 0
0 46689 12 0
0 55919 13 0
0 55919 14 0
0 55919 15 0
0 55919 0 0
0 55919 1 0
0 55919 2 0
0 20950 3 0
0 20950 4 0
0 20950 5 0
0 20950 6 0
0 20950 7 0
0 20950 8 0
0 31529 9 0
0 31529 10 0
0 31529 11 0
0 31529 12 0
0 31529 13 0
0 31529 14 0
0 21767 15 0
0 21767 0 0
0 21767 1 0
0 21767 2 0
0 21767 3 0
0 21767 4 0
0 59505 5 0
0 59505 6 0
0 59505 7 0
0 59505 8 0
0 59505 9 0
0 59505 10 0
0 50417 11 0
0 50417 12 0
0 50417 13 0
0 50417 14 0
0 50417 15 0
0 50417 0 0
0 26401 1 0
0 26401 2 0
0 26401 3 0
0 26401 4 0
0 26401 5 0
0 26401 6 0
0 7033 7 0
0 7033 8 0
0 7033 9 0
0 7033 10 0
0 7033 11 0
0 7033 12 0
0 56003 13 0
0 56003 14 0
0 56003 15 0
0 56003 0 0
0 56003 1 0
0 56003 2 0
0 64595 3 0
0 64595 4 0
0 64595 5 0
0 64595 6 0
0 64595 7 0
0 64595 8 0
0 19667 9 0
0 19667 10 0
0 19667 11 0
0 19667 12 0
0 19667 13 0
0 19667 14 0
0 53346 15 0
0 53346 0 0
0 53346 1 0
0 53346 2 0
0 53346 3 0
0 53346 4 0
0 10076 5 0
0 10076 6 0
0 10076 7 0
0 10076 8 0
0 10076 9 0
0 10076 10 0
0 22590 11 0
0 22590 12 0
0 22590 13 0
0 22590 14 0
0 22590 15 0
0 22590 0 0
0 22191 1 0
0 22191 2 0
0 22191 3 0
0 22191 4 0
0 22191 5 0
0 22191 6 0
0 41434 7 0
0 41434 8 0
0 41434 9 0
0 41434 10 0
0 41434 11 0
0 41434 12 0
0 21006 13 0
0 21006 14 0
0 21006 15 0
0 21006 0 0
0 21006 1 0
0 21006 2 0
0 53931 3 0
0 53931 4 0
0 53931 5 0
0 53931 6 0
0 53931 7 0
0 53931 8 0
0 47270 9 0
0 47270 10 0
0 47270 11 0
0 47270 12 0
0 47270 13 0
0 47270 14 0
0 55371 15 0
0 55371 0 0
0 55371 1 0
0 55371 2 0
0 55371 3 0
0 55371 4 0
0 54672 5 0
0 54672 6 0
0 54672 7 0
0 54672 8 0
0 54672 9 0
0 54672 10 0
0 38051 11 0
0 38051 12 0
0 38051 13 0
0 38051 14 0
0 38051 15 0
0 38051 0 0
0 27091 1 0
0 27091 2 0
0 27091 3 0
0 27091 4 0
0 27091 5 0
0 27091 6 0
0 53096 7 0
0 53096 8 0
0 53096 9 0
0 53096 10 0
0 53096 11 0
0 53096 12 0
0 53395 13 0
0 53395 14 0
0 53395 15 0
0 53395 0 0
0 53395 1 0
0 53395 2 0
0 54646 3 0
0 54646 4 0
0 54646 5 0
0 54646 6 0
0 54646 7 0
0 54646 8 0
0 29433 9 0
0 29433 10 0
0 29433 11 0
0 29433 12 0
0 29433 13 0
0 29433 14 0
0 60365 15 0
0 60365 0 0
0 60365 1 0
0 60365 2 0
0 60365 3 0
0 60365 4 0
0 11244 5 0
0 11244 6 0
0 11244 7 0
0 11244 8 0
0 11244 9 0
0 11244 10 0
0 1346 11 0
0 1346 12 0
0 1346 13 0
0 1346 14 0
0 1346 15 0
0 1346 0 0
0 62394 1 0
0 62394 2 0
0 62394 3 0
0 62394 4 0
0 62394 5 0
0 62394 6 0
0 4686 7 0
0 4686 8 0
0 4686 9 0
0 4686 10 0
0 4686 11 0
0 4686 12 0
0 42557 13 0
0 42557 14 0
0 42557 15 0
0 42557 0 0
0 42557 1 0
0 42557 2 0
0 44143 3 0
0 44143 4 0
0 44143 5 0
0 44143 6 0
0 44143 7 0
0 44143 8 0
0 42504 9 0
0 42504 10 0
0 42504 11 0
0 42504 12 0
0 42504 13 0
0 42504 14 0
0 63400 15 0
0 63400 0 0
0 63400 1 0
0 63400 2 0
0 63400 3 0
0 63400 4 0
0 37042 5 0
0 37042 6 0
0 37042 7 0
0 37042 8 0
0 37042 9 0
0 37042 10 0
0 9345 11 0
0 9345 12 0
0 9345 13 0
0 9345 14 0
0 9345 15 0
0 9345 0 0
0 8005 1 0
0 8005 2 0
0 8005 3 0
0 8005 4 0
0 8005 5 0
0 8005 6 0
0 8825 7 0
0 8825 8 0
0 8825 9 0
0 8825 10 0
0 8825 11 0
0 8825 12 0
0 38742 13 0
0 38742 14 0
0 38742 15 0
0 38742 0 0
0 38742 1 0
0 38742 2 0
0 24166 3 0
0 24166 4 0
0 24166 5 0
0 24166 6 0
0 24166 7 0
0 24166 8 0
0 35806 9 0
0 35806 10 0
0 35806 11 0
0 35806 12 0
0 35806 13 0
0 35806 14 0
0 31923 15 0
0 31923 0 0
0 31923 1 0
0 31923 2 0
0 31923 3 0
0 31923 4 0
0 11483 5 0
0 11483 6 0
0 11483 7 0
0 11483 8 0
0 11483 9 0
0 11483 10 0
0 12417 11 0
0 12417 12 0
0 12417 13 0
0 12417 14 0
0 12417 15 0
0 12417 0 0
0 24904 1 0
0 24904 2 0
0 24904 3 0
0 24904 4 0
0 24904 5 0
0 24904 6 0
0 4457 7 0
0 4457 8 0
0 4457 9 0
0 4457 10 0
0 4457 11 0
0 4457 12 0
0 39771 13 0
0 39771 14 0
0 39771 15 0
0 39771 0 0
0 39771 1 0
0 39771 2 0
0 57241 3 0
0 57241 4 0
0 57241 5 0
0 57241 6 0
0 57241 7 0
0 57241 8 0
0 33571 9 0
0 33571 10 0
0 33571 11 0
0 33571 12 0
0 33571 13 0
0 33571 14 0
0 11069 15 0
0 11069 0 0
0 11069 1 0
0 11069 2 0
0 11069 3 0
0 11069 4 0
0 4280 5 0
0 4280 6 0
0 4280 7 0
0 4280 8 0
0 4280 9 0
0 4280 10 0
0 2476 11 0
0 2476 12 0
0 2476 13 0
0 2476 14 0
0 2476 15 0
0 2476 0 0
0 17001 1 0
0 17001 2 0
0 17001 3 0
0 17001 4 0
0 17001 5 0
0 17001 6 0
0 30649 7 0
0 30649 8 0
0 30649 9 0
0 30649 10 0
0 30649 11 0
0 30649 12 0
0 11037 13 0
0 11037 14 0
0 11037 15 0
0 11037 0 0
0 11037 1 0
0 11037 2 0
0 55695 3 0
0 55695 4 0
0 55695 5 0
0 55695 6 0
0 55695 7 0
0 55695 8 0
0 17179 9 0
0 17179 10 0
0 17179 11 0
0 17179 12 0
0 17179 13 0
0 17179 14 0
0 46040 15 0
0 46040 0 0
0 46040 1 0
0 46040 2 0
0 46040 3 0
0 46040 4 0
0 10031 5 0
0 10031 6 0
0 10031 7 0
0 10031 8 0
0 10031 9 0
0 10031 10 0
0 27132 11 0
0 27132 12 0
0 27132 13 0
0 27132 14 0
0 27132 15 0
0 27132 0 0
0 30014 1 0
0 30014 2 0
0 30014 3 0
0 30014 4 0
0 30014 5 0
0 30014 6 0
0 62010 7 0
0 62010 8 0
0 62010 9 0
0 62010 10 0
0 62010 11 0
0 62010 12 0
0 11908 13 0
0 11908 14 0
0 11908 15 0
0 11908 0 0
0 11908 1 0
0 11908 2 0
0 29239 3 0
0 29239 4 0
0 29239 5 0
0 29239 6 0
0 29239 7 0
0 29239 8 0
0 60675 9 0
0 60675 10 0
0 60675 11 0
0 60675 12 0
0 60675 13 0
0 60675 14 0
0 20706 15 0
0 20706 0 0
0 20706 1 0
0 20706 2 0
0 20706 3 0
0 20706 4 0
0 60003 5 0
0 60003 6 0
0 60003 7 0
0 60003 8 0
0 60003 9 0
0 60003 10 0
0 49098 11 0
0 49098 12 0
0 49098 13 0
0 49098 14 0
0 49098 15 0
0 49098 0 0
0 32765 1 0
0 32765 2 0
0 32765 3 0
0 32765 4 0
0 32765 5 0
0 32765 6 0
0 18251 7 0
0 18251 8 0
0 18251 9 0
0 18251 10 0
0 18251 11 0
0 18251 12 0
0 14833 13 0
0 14833 14 0
0 14833 15 0
0 14833 0 0
0 14833 1 0
0 14833 2 0
0 40053 3 0
0 40053 4 0
0 40053 5 0
0 40053 6 0
0 40053 7 0
0 40053 8 0
0 63711 9 0
0 63711 10 0
0 63711 11 0
0 63711 12 0
0 63711 13 0
0 63711 14 0
0 7735 15 0
0 7735 0 0
0 7735 1 0
0 7735 2 0
0 7735 3 0
0 7735 4 0
0 52803 5 0
0 52803 6 0
0 52803 7 0
0 52803 8 0
0 52803 9 0
0 52803 10 0
0 28482 11 0
0 28482 12 0
0 28482 13 0
0 28482 14 0
0 28482 15 0
0 28482 0 0
0 56596 1 0
0 56596 2 0
0 56596 3 0
0 56596 4 0
0 56596 5 0
0 56596 6 0
0 59447 7 0
0 59447 8 0
0 59447 9 0
0 59447 10 0
0 59447 11 0
0 59447 12 0
0 16511 13 0
0 16511 14 0
0 16511 15 0
0 16511 0 0
0 16511 1 0
0 16511 2 0
0 50598 3 0
0 50598 4 0
0 50598 5 0
0 50598 6 0
0 50598 7 0
0 50598 8 0
0 5122 9 0
0 5122 10 0
0 5122 11 0
0 5122 12 0
0 5122 13 0
0 5122 14 0
0 421 15 0
0 421 0 0
0 421 1 0
0 421 2 0
0 421 3 0
0 421 4 0
0 32417 5 0
0 32417 6 0
0 32417 7 0
0 32417 8 0
0 32417 9 0
0 32417 10 0
0 47958 11 0
0 47958 12 0
0 47958 13 0
0 47958 14 0
0 47958 15 0
0 47958 0 0
0 4057 1 0
0 4057 2 0
0 4057 3 0
0 4057 4 0
0 4057 5 0
0 4057 6 0
0 17241 7 0
0 17241 8 0
0 17241 9 0
0 17241 10 0
0 17241 11 0
0 17241 12 0
0 11692 13 0
0 11692 14 0
0 11692 15 0
0 11692 0 0
0 11692 1 0
0 11692 2 0
0 13879 3 0
0 13879 4 0
0 13879 5 0
0 13879 6 0
0 13879 7 0
0 13879 8 0
0 28897 9 0
0 28897 10 0
0 28897 11 0
0 28897 12 0
0 28897 13 0
0 28897 14 0
0 21574 15 0
0 21574 0 0
0 21574 1 0
0 21574 2 0
0 21574 3 0
0 21574 4 0
0 50904 5 0
0 50904 6 0
0 50904 7 0
0 50904 8 0
0 50904 9 0
0 50904 10 0
0 48715 11 0
0 48715 12 0
0 48715 13 0
0 48715 14 0
0 48715 15 0
0 48715 0 0
0 27085 1 0
0 27085 2 0
0 27085 3 0
0 27085 4 0
0 27085 5 0
0 27085 6 0
0 9386 7 0
0 9386 8 0
0 9386 9 0
0 9386 10 0
0 9386 11 0
0 9386 12 0
0 53624 13 0
0 53624 14 0
0 53624 15 0
0 53624 0 0
0 53624 1 0
0 53624 2 0
0 26091 3 0
0 26091 4 0
0 26091 5 0
0 26091 6 0
0 26091 7 0
0 26091 8 0
0 18855 9 0
0 18855 10 0
0 18855 11 0
0 18855 12 0
0 18855 13 0
0 18855 14 0
0 30481 15 0
0 30481 0 0
0 30481 1 0
0 30481 2 0
0 30481 3 0
0 30481 4 0
0 61693 5 0
0 61693 6 0
0 61693 7 0
0 61693 8 0
0 61693 9 0
0 61693 10 0
0 53810 11 0
0 53810 12 0
0 53810 13 0
0 53810 14 0
0 53810 15 0
0 53810 0 0
0 39205 1 0
0 39205 2 0
0 39205 3 0
0 39205 4 0
0 39205 5 0
0 39205 6 0
0 46271 7 0
0 46271 8 0
0 46271 9 0
0 46271 10 0
0 46271 11 0
0 46271 12 0
0 20649 13 0
0 20649 14 0
0 20649 15 0
0 20649 0 0
0 20649 1 0
0 20649 2 0
0 36163 3 0
0 36163 4 0
0 36163 5 0
0 36163 6 0
0 36163 7 0
0 36163 8 0
0 38923 9 0
0 38923 10 0
0 38923 11 0
0 38923 12 0
0 38923 13 0
0 38923 14 0
0 52036 15 0
0 52036 0 0
0 52036 1 0
0 52036 2 0
0 52036 3 0
0 52036 4 0
0 49053 5 0
0 49053 6 0
0 49053 7 0
0 49053 8 0
0 49053 9 0
0 49053 10 0
0 31269 11 0
0 31269 12 0
0 31269 13 0
0 31269 14 0
0 31269 15 0
0 31269 0 0
0 31908 1 0
0 31908 2 0
0 31908 3 0
0 31908 4 0
0 31908 5 0
0 31908 6 0
0 26086 7 0
0 26086 8 0
0 26086 9 0
0 26086 10 0
0 26086 11 0
0 26086 12 0
0 54146 13 0
0 54146 14 0
0 54146 15 0
0 54146 0 0
0 54146 1 0
0 54146 2 0
0 17929 3 0
0 17929 4 0
0 17929 5 0
0 17929 6 0
0 17929 7 0
0 17929 8 0
0 53072 9 0
0 53072 10 0
0 53072 11 0
0 53072 12 0
0 53072 13 0
0 53072 14 0
0 36939 15 0
0 36939 0 0
0 36939 1 0
0 36939 2 0
0 36939 3 0
0 36939 4 0
0 27030 5 0
0 27030 6 0
0 27030 7 0
0 27030 8 0
0 27030 9 0
0 27030 10 0
0 22096 11 0
0 22096 12 0
0 22096 13 0
0 22096 14 0
0 22096 15 0
0 22096 0 0
0 5462 1 0
0 5462 2 0
0 5462 3 0
0 5462 4 0
0 5462 5 0
0 5462 6 0
0 41681 7 0
0 41681 8 0
0 41681 9 0
0 41681 10 0
0 41681 11 0
0 41681 12 0
0 44621 13 0
0 44621 14 0
0 44621 15 0
0 44621 0 0
0 44621 1 0
0 44621 2 0
0 4555 3 0
0 4555 4 0
0 4555 5 0
0 4555 6 0
0 4555 7 0
0 4555 8 0
0 38047 9 0
0 38047 10 0
0 38047 11 0
0 38047 12 0
0 38047 13 0
0 38047 14 0
0 24591 15 0
0 24591 0 0
0 24591 1 0
0 24591 2 0
0 24591 3 0
0 24591 4 0
0 63863 5 0
0 63863 6 0
0 63863 7 0
0 63863 8 0
0 63863 9 0
0 63863 10 0
0 17687 11 0
0 17687 12 0
0 17687 13 0
0 17687 14 0
0 17687 15 0
0 17687 0 0
0 5944 1 0
0 5944 2 0
0 5944 3 0
0 5944 4 0
0 5944 5 0
0 5944 6 0
0 21713 7 0
0 21713 8 0
0 21713 9 0
0 21713 10 0
0 21713 11 0
0 21713 12 0
0 27396 13 0
0 27396 14 0
0 27396 15 0
0 27396 0 0
0 27396 1 0
0 27396 2 0
0 48429 3 0
0 48429 4 0
0 48429 5 0
0 48429 6 0
0 48429 7 0
0 48429 8 0
0 60390 9 0
0 60390 10 0
0 60390 11 0
0 60390 12 0
0 60390 13 0
0 60390 14 0
0 55537 15 0
0 55537 0 0
0 55537 1 0
0 55537 2 0
0 55537 3 0
0 55537 4 0
0 29879 5 0
0 29879 6 0
0 29879 7 0
0 29879 8 0
0 29879 9 0
0 29879 10 0
0 16778 11 0
0 16778 12 0
0 16778 13 0
0 16778 14 0
0 16778 15 0
0 16778 0 0
0 23724 1 0
0 23724 2 0
0 23724 3 0
0 23724 4 0
0 23724 5 0
0 23724 6 0
0 63224 7 0
0 63224 8 0
0 63224 9 0
0 63224 10 0
0 63224 11 0
0 63224 12 0
0 18865 13 0
0 18865 14 0
0 18865 15 0
0 18865 0 0
0 18865 1 0
0 18865 2 0
0 2718 3 0
0 2718 4 0
0 2718 5 0
0 2718 6 0
0 2718 7 0
0 2718 8 0
0 5243 9 0
0 5243 10 0
0 5243 11 0
0 5243 12 0
0 5243 13 0
0 5243 14 0
0 52739 15 0
0 52739 0 0
0 52739 1 0
0 52739 2 0
0 52739 3 0
0 52739 4 0
0 17398 5 0
0 17398 6 0
0 17398 7 0
0 17398 8 0
0 17398 9 0
0 17398 10 0
0 8128 11 0
0 8128 12 0
0 8128 13 0
0 8128 14 0
0 8128 15 0
0 8128 0 0
0 26536 1 0
0 26536 2 0
0 26536 3 0
0 26536 4 0
0 26536 5 0
0 26536 6 0
0 50113 7 0
0 50113 8 0
0 50113 9 0
0 50113 10 0
0 50113 11 0
0 50113 12 0
0 27656 13 0
0 27656 14 0
0 27656 15 0
0 27656 0 0
0 27656 1 0
0 27656 2 0
0 62588 3 0
0 62588 4 0
0 62588 5 0
0 62588 6 0
0 62588 7 0
0 62588 8 0
0 496 9 0
0 496 10 0
0 496 11 0
0 496 12 0
0 496 13 0
0 496 14 0
0 52855 15 0
0 52855 0 0
0 52855 1 0
0 52855 2 0
0 52855 3 0
0 52855 4 0
0 16266 5 0
0 16266 6 0
0 16266 7 0
0 16266 8 0
0 16266 9 0
0 16266 10 0
0 34159 11 0
0 34159 12 0
0 34159 13 0
0 34159 14 0
0 34159 15 0
0 34159 0 0
0 60712 1 0
0 60712 2 0
0 60712 3 0
0 60712 4 0
0 60712 5 0
0 60712 6 0
0 6634 7 0
0 6634 8 0
0 6634 9 0
0 6634 10 0
0 6634 11 0
0 6634 12 0
0 41260 13 0
0 41260 14 0
0 41260 15 0
0 41260 0 0
0 41260 1 0
0 41260 2 0
0 63392 3 0
0 63392 4 0
0 63392 5 0
0 63392 6 0
0 63392 7 0
0 63392 8 0
0 7115 9 0
0 7115 10 0
0 7115 11 0
0 7115 12 0
0 7115 13 0
0 7115 14 0
0 63553 15 0
0 63553 0 0
0 63553 1 0
0 63553 2 0
0 63553 3 0
0 63553 4 0
0 18011 5 0
0 18011 6 0
0 18011 7 0
0 18011 8 0
0 18011 9 0
0 18011 10 0
0 17803 11 0
0 17803 12 0
0 17803 13 0
0 17803 14 0
0 17803 15 0
0 17803 0 0
0 46232 1 0
0 46232 2 0
0 46232 3 0
0 46232 4 0
0 46232 5 0
0 46232 6 0
0 59808 7 0
0 59808 8 0
0 59808 9 0
0 59808 10 0
0 59808 11 0
0 59808 12 0
0 42883 13 0
0 42883 14 0
0 42883 15 0
