0 0 0 0
0 0 1 0
0 0 2 0
0 0 3 0
0 0 4 0
0 18170 5 0
0 18170 6 0
0 18170 7 0
0 18170 8 0
0 18170 9 0
0 18170 10 0
0 58675 11 0
0 58675 12 0
0 58675 13 0
0 58675 14 0
0 58675 15 0
0 58675 0 0
0 49413 1 0
0 49413 2 0
0 49413 3 0
0 49413 4 0
0 49413 5 0
0 49413 6 0
0 20364 7 0
0 20364 8 0
0 20364 9 0
0 20364 10 0
0 20364 11 0
0 20364 12 0
0 10585 13 0
0 10585 14 0
0 10585 15 0
0 10585 0 0
0 10585 1 0
0 10585 2 0
0 34600 3 0
0 34600 4 0
0 34600 5 0
0 34600 6 0
0 34600 7 0
0 34600 8 0
0 49222 9 0
0 49222 10 0
0 49222 11 0
0 49222 12 0
0 49222 13 0
0 49222 14 0
0 42983 15 0
0 42983 0 0
0 42983 1 0
0 42983 2 0
0 42983 3 0
0 42983 4 0
0 43154 5 0
0 43154 6 0
0 43154 7 0
0 43154 8 0
0 43154 9 0
0 43154 10 0
0 38410 11 0
0 38410 12 0
0 38410 13 0
0 38410 14 0
0 38410 15 0
0 38410 0 0
0 56942 1 0
0 56942 2 0
0 56942 3 0
0 56942 4 0
0 56942 5 0
0 56942 6 0
0 43388 7 0
0 43388 8 0
0 43388 9 0
0 43388 10 0
0 43388 11 0
0 43388 12 0
0 25539 13 0
0 25539 14 0
0 25539 15 0
0 25539 0 0
0 25539 1 0
0 25539 2 0
0 2280 3 0
0 2280 4 0
0 2280 5 0
0 2280 6 0
0 2280 7 0
0 2280 8 0
0 55528 9 0
0 55528 10 0
0 55528 11 0
0 55528 12 0
0 55528 13 0
0 55528 14 0
0 18991 15 0
0 18991 0 0
0 18991 1 0
0 18991 2 0
0 18991 3 0
0 18991 4 0
0 41249 5 0
0 41249 6 0
0 41249 7 0
0 41249 8 0
0 41249 9 0
0 41249 10 0
0 9631 11 0
0 9631 12 0
0 9631 13 0
0 9631 14 0
0 9631 15 0
0 9631 0 0
0 17294 1 0
0 17294 2 0
0 17294 3 0
0 17294 4 0
0 17294 5 0
0 17294 6 0
0 30307 7 0
0 30307 8 0
0 30307 9 0
0 30307 10 0
0 30307 11 0
0 30307 12 0
0 16872 13 0
0 16872 14 0
0 16872 15 0
0 16872 0 0
0 16872 1 0
0 16872 2 0
0 63363 3 0
0 63363 4 0
0 63363 5 0
0 63363 6 0
0 63363 7 0
0 63363 8 0
0 40765 9 0
0 40765 10 0
0 40765 11 0
0 40765 12 0
0 40765 13 0
0 40765 14 0
0 6065 15 0
0 6065 0 0
0 6065 1 0
0 6065 2 0
0 6065 3 0
0 6065 4 0
0 58355 5 0
0 58355 6 0
0 58355 7 0
0 58355 8 0
0 58355 9 0
0 58355 10 0
0 57834 11 0
0 57834 12 0
0 57834 13 0
0 57834 14 0
0 57834 15 0
0 57834 0 0
0 19272 1 0
0 19272 2 0
0 19272 3 0
0 19272 4 0
0 19272 5 0
0 19272 6 0
0 50847 7 0
0 50847 8 0
0 50847 9 0
0 50847 10 0
0 50847 11 0
0 50847 12 0
0 11225 13 0
0 11225 14 0
0 11225 15 0
0 11225 0 0
0 11225 1 0
0 11225 2 0
0 31165 3 0
0 31165 4 0
0 31165 5 0
0 31165 6 0
0 31165 7 0
0 31165 8 0
0 59950 9 0
0 59950 10 0
0 59950 11 0
0 59950 12 0
0 59950 13 0
0 59950 14 0
0 54614 15 0
0 54614 0 0
0 54614 1 0
0 54614 2 0
0 54614 3 0
0 54614 4 0
0 42887 5 0
0 42887 6 0
0 42887 7 0
0 42887 8 0
0 42887 9 0
0 42887 10 0
0 29436 11 0
0 29436 12 0
0 29436 13 0
0 29436 14 0
0 29436 15 0
0 29436 0 0
0 5773 1 0
0 5773 2 0
0 5773 3 0
0 5773 4 0
0 5773 5 0
0 5773 6 0
0 2744 7 0
0 2744 8 0
0 2744 9 0
0 2744 10 0
0 2744 11 0
0 2744 12 0
0 36050 13 0
0 36050 14 0
0 36050 15 0
0 36050 0 0
0 36050 1 0
0 36050 2 0
0 52614 3 0
0 52614 4 0
0 52614 5 0
0 52614 6 0
0 52614 7 0
0 52614 8 0
0 18938 9 0
0 18938 10 0
0 18938 11 0
0 18938 12 0
0 18938 13 0
0 18938 14 0
0 28733 15 0
0 28733 0 0
0 28733 1 0
0 28733 2 0
0 28733 3 0
0 28733 4 0
0 30095 5 0
0 30095 6 0
0 30095 7 0
0 30095 8 0
0 30095 9 0
0 30095 10 0
0 54385 11 0
0 54385 12 0
0 54385 13 0
0 54385 14 0
0 54385 15 0
0 54385 0 0
0 22951 1 0
0 22951 2 0
0 22951 3 0
0 22951 4 0
0 22951 5 0
0 22951 6 0
0 19129 7 0
0 19129 8 0
0 19129 9 0
0 19129 10 0
0 19129 11 0
0 19129 12 0
0 6595 13 0
0 6595 14 0
0 6595 15 0
0 6595 0 0
0 6595 1 0
0 6595 2 0
0 31638 3 0
0 31638 4 0
0 31638 5 0
0 31638 6 0
0 31638 7 0
0 31638 8 0
0 12764 9 0
0 12764 10 0
0 12764 11 0
0 12764 12 0
0 12764 13 0
0 12764 14 0
0 530 15 0
0 530 0 0
0 530 1 0
0 530 2 0
0 530 3 0
0 530 4 0
0 31245 5 0
0 31245 6 0
0 31245 7 0
0 31245 8 0
0 31245 9 0
0 31245 10 0
0 15098 11 0
0 15098 12 0
0 15098 13 0
0 15098 14 0
0 15098 15 0
0 15098 0 0
0 8334 1 0
0 8334 2 0
0 8334 3 0
0 8334 4 0
0 8334 5 0
0 8334 6 0
0 5420 7 0
0 5420 8 0
0 5420 9 0
0 5420 10 0
0 5420 11 0
0 5420 12 0
0 25167 13 0
0 25167 14 0
0 25167 15 0
0 25167 0 0
0 25167 1 0
0 25167 2 0
0 32470 3 0
0 32470 4 0
0 32470 5 0
0 32470 6 0
0 32470 7 0
0 32470 8 0
0 20168 9 0
0 20168 10 0
0 20168 11 0
0 20168 12 0
0 20168 13 0
0 20168 14 0
0 28477 15 0
0 28477 0 0
0 28477 1 0
0 28477 2 0
0 28477 3 0
0 28477 4 0
0 44068 5 0
0 44068 6 0
0 44068 7 0
0 44068 8 0
0 44068 9 0
0 44068 10 0
0 53343 11 0
0 53343 12 0
0 53343 13 0
0 53343 14 0
0 53343 15 0
0 53343 0 0
0 53521 1 0
0 53521 2 0
0 53521 3 0
0 53521 4 0
0 53521 5 0
0 53521 6 0
0 10745 7 0
0 10745 8 0
0 10745 9 0
0 10745 10 0
0 10745 11 0
0 10745 12 0
0 48390 13 0
0 48390 14 0
0 48390 15 0
0 48390 0 0
0 48390 1 0
0 48390 2 0
0 11547 3 0
0 11547 4 0
0 11547 5 0
0 11547 6 0
0 11547 7 0
0 11547 8 0
0 41263 9 0
0 41263 10 0
0 41263 11 0
0 41263 12 0
0 41263 13 0
0 41263 14 0
0 50882 15 0
0 50882 0 0
0 50882 1 0
0 50882 2 0
0 50882 3 0
0 50882 4 0
0 16066 5 0
0 16066 6 0
0 16066 7 0
0 16066 8 0
0 16066 9 0
0 16066 10 0
0 42719 11 0
0 42719 12 0
0 42719 13 0
0 42719 14 0
0 42719 15 0
0 42719 0 0
0 6825 1 0
0 6825 2 0
0 6825 3 0
0 6825 4 0
0 6825 5 0
0 6825 6 0
0 9807 7 0
0 9807 8 0
0 9807 9 0
0 9807 10 0
0 9807 11 0
0 9807 12 0
0 6372 13 0
0 6372 14 0
0 6372 15 0
0 6372 0 0
0 6372 1 0
0 6372 2 0
0 38537 3 0
0 38537 4 0
0 38537 5 0
0 38537 6 0
0 38537 7 0
0 38537 8 0
0 39024 9 0
0 39024 10 0
0 39024 11 0
0 39024 12 0
0 39024 13 0
0 39024 14 0
0 4728 15 0
0 4728 0 0
0 4728 1 0
0 4728 2 0
0 4728 3 0
0 4728 4 0
0 22250 5 0
0 22250 6 0
0 22250 7 0
0 22250 8 0
0 22250 9 0
0 22250 10 0
0 14104 11 0
0 14104 12 0
0 14104 13 0
0 14104 14 0
0 14104 15 0
0 14104 0 0
0 48932 1 0
0 48932 2 0
0 48932 3 0
0 48932 4 0
0 48932 5 0
0 48932 6 0
0 46228 7 0
0 46228 8 0
0 46228 9 0
0 46228 10 0
0 46228 11 0
0 46228 12 0
0 37295 13 0
0 37295 14 0
0 37295 15 0
0 37295 0 0
0 37295 1 0
0 37295 2 0
0 22488 3 0
0 22488 4 0
0 22488 5 0
0 22488 6 0
0 22488 7 0
0 22488 8 0
0 59504 9 0
0 59504 10 0
0 59504 11 0
0 59504 12 0
0 59504 13 0
0 59504 14 0
0 55836 15 0
0 55836 0 0
0 55836 1 0
0 55836 2 0
0 55836 3 0
0 55836 4 0
0 24846 5 0
0 24846 6 0
0 24846 7 0
0 24846 8 0
0 24846 9 0
0 24846 10 0
0 31964 11 0
0 31964 12 0
0 31964 13 0
0 31964 14 0
0 31964 15 0
0 31964 0 0
0 12255 1 0
0 12255 2 0
0 12255 3 0
0 12255 4 0
0 12255 5 0
0 12255 6 0
0 16078 7 0
0 16078 8 0
0 16078 9 0
0 16078 10 0
0 16078 11 0
0 16078 12 0
0 54417 13 0
0 54417 14 0
0 54417 15 0
0 54417 0 0
0 54417 1 0
0 54417 2 0
0 20844 3 0
0 20844 4 0
0 20844 5 0
0 20844 6 0
0 20844 7 0
0 20844 8 0
0 65266 9 0
0 65266 10 0
0 65266 11 0
0 65266 12 0
0 65266 13 0
0 65266 14 0
0 59477 15 0
0 59477 0 0
0 59477 1 0
0 59477 2 0
0 59477 3 0
0 59477 4 0
0 23375 5 0
0 23375 6 0
0 23375 7 0
0 23375 8 0
0 23375 9 0
0 23375 10 0
0 3 11 0
0 3 12 0
0 3 13 0
0 3 14 0
0 3 15 0
0 3 0 0
0 12295 1 0
0 12295 2 0
0 12295 3 0
0 12295 4 0
0 12295 5 0
0 12295 6 0
0 2285 7 0
0 2285 8 0
0 2285 9 0
0 2285 10 0
0 2285 11 0
0 2285 12 0
0 63037 13 0
0 63037 14 0
0 63037 15 0
0 63037 0 0
0 63037 1 0
0 63037 2 0
0 20149 3 0
0 20149 4 0
0 20149 5 0
0 20149 6 0
0 20149 7 0
0 20149 8 0
0 27122 9 0
0 27122 10 0
0 27122 11 0
0 27122 12 0
0 27122 13 0
0 27122 14 0
0 43025 15 0
0 43025 0 0
0 43025 1 0
0 43025 2 0
0 43025 3 0
0 43025 4 0
0 6679 5 0
0 6679 6 0
0 6679 7 0
0 6679 8 0
0 6679 9 0
0 6679 10 0
0 11225 11 0
0 11225 12 0
0 11225 13 0
0 11225 14 0
0 11225 15 0
0 11225 0 0
0 33494 1 0
0 33494 2 0
0 33494 3 0
0 33494 4 0
0 33494 5 0
0 33494 6 0
0 16832 7 0
0 16832 8 0
0 16832 9 0
0 16832 10 0
0 16832 11 0
0 16832 12 0
0 34060 13 0
0 34060 14 0
0 34060 15 0
0 34060 0 0
0 34060 1 0
0 34060 2 0
0 43412 3 0
0 43412 4 0
0 43412 5 0
0 43412 6 0
0 43412 7 0
0 43412 8 0
0 55777 9 0
0 55777 10 0
0 55777 11 0
0 55777 12 0
0 55777 13 0
0 55777 14 0
0 15546 15 0
0 15546 0 0
0 15546 1 0
0 15546 2 0
0 15546 3 0
0 15546 4 0
0 51438 5 0
0 51438 6 0
0 51438 7 0
0 51438 8 0
0 51438 9 0
0 51438 10 0
0 552 11 0
0 552 12 0
0 552 13 0
0 552 14 0
0 552 15 0
0 552 0 0
0 37334 1 0
0 37334 2 0
0 37334 3 0
0 37334 4 0
0 37334 5 0
0 37334 6 0
0 39265 7 0
0 39265 8 0
0 39265 9 0
0 39265 10 0
0 39265 11 0
0 39265 12 0
0 54466 13 0
0 54466 14 0
0 54466 15 0
0 54466 0 0
0 54466 1 0
0 54466 2 0
0 41621 3 0
0 41621 4 0
0 41621 5 0
0 41621 6 0
0 41621 7 0
0 41621 8 0
0 64855 9 0
0 64855 10 0
0 64855 11 0
0 64855 12 0
0 64855 13 0
0 64855 14 0
0 40255 15 0
0 40255 0 0
0 40255 1 0
0 40255 2 0
0 40255 3 0
0 40255 4 0
0 7063 5 0
0 7063 6 0
0 7063 7 0
0 7063 8 0
0 7063 9 0
0 7063 10 0
0 2243 11 0
0 2243 12 0
0 2243 13 0
0 2243 14 0
0 2243 15 0
0 2243 0 0
0 64687 1 0
0 64687 2 0
0 64687 3 0
0 64687 4 0
0 64687 5 0
0 64687 6 0
0 16741 7 0
0 16741 8 0
0 16741 9 0
0 16741 10 0
0 16741 11 0
0 16741 12 0
0 16027 13 0
0 16027 14 0
0 16027 15 0
0 16027 0 0
0 16027 1 0
0 16027 2 0
0 4269 3 0
0 4269 4 0
0 4269 5 0
0 4269 6 0
0 4269 7 0
0 4269 8 0
0 27540 9 0
0 27540 10 0
0 27540 11 0
0 27540 12 0
0 27540 13 0
0 27540 14 0
0 32788 15 0
0 32788 0 0
0 32788 1 0
0 32788 2 0
0 32788 3 0
0 32788 4 0
0 29756 5 0
0 29756 6 0
0 29756 7 0
0 29756 8 0
0 29756 9 0
0 29756 10 0
0 15685 11 0
0 15685 12 0
0 15685 13 0
0 15685 14 0
0 15685 15 0
0 15685 0 0
0 29253 1 0
0 29253 2 0
0 29253 3 0
0 29253 4 0
0 29253 5 0
0 29253 6 0
0 24981 7 0
0 24981 8 0
0 24981 9 0
0 24981 10 0
0 24981 11 0
0 24981 12 0
0 38705 13 0
0 38705 14 0
0 38705 15 0
0 38705 0 0
0 38705 1 0
0 38705 2 0
0 56777 3 0
0 56777 4 0
0 56777 5 0
0 56777 6 0
0 56777 7 0
0 56777 8 0
0 38624 9 0
0 38624 10 0
0 38624 11 0
0 38624 12 0
0 38624 13 0
0 38624 14 0
0 60607 15 0
0 60607 0 0
0 60607 1 0
0 60607 2 0
0 60607 3 0
0 60607 4 0
0 62683 5 0
0 62683 6 0
0 62683 7 0
0 62683 8 0
0 62683 9 0
0 62683 10 0
0 54840 11 0
0 54840 12 0
0 54840 13 0
0 54840 14 0
0 54840 15 0
0 54840 0 0
0 28015 1 0
0 28015 2 0
0 28015 3 0
0 28015 4 0
0 28015 5 0
0 28015 6 0
0 26714 7 0
0 26714 8 0
0 26714 9 0
0 26714 10 0
0 26714 11 0
0 26714 12 0
0 583 13 0
0 583 14 0
0 583 15 0
0 583 0 0
0 583 1 0
0 583 2 0
0 28308 3 0
0 28308 4 0
0 28308 5 0
0 28308 6 0
0 28308 7 0
0 28308 8 0
0 47990 9 0
0 47990 10 0
0 47990 11 0
0 47990 12 0
0 47990 13 0
0 47990 14 0
0 21763 15 0
0 21763 0 0
0 21763 1 0
0 21763 2 0
0 21763 3 0
0 21763 4 0
0 40305 5 0
0 40305 6 0
0 40305 7 0
0 40305 8 0
0 40305 9 0
0 40305 10 0
0 28489 11 0
0 28489 12 0
0 28489 13 0
0 28489 14 0
0 28489 15 0
0 28489 0 0
0 4384 1 0
0 4384 2 0
0 4384 3 0
0 4384 4 0
0 4384 5 0
0 4384 6 0
0 57033 7 0
0 57033 8 0
0 57033 9 0
0 57033 10 0
0 57033 11 0
0 57033 12 0
0 53569 13 0
0 53569 14 0
0 53569 15 0
0 53569 0 0
0 53569 1 0
0 53569 2 0
0 44465 3 0
0 44465 4 0
0 44465 5 0
0 44465 6 0
0 44465 7 0
0 44465 8 0
0 27934 9 0
0 27934 10 0
0 27934 11 0
0 27934 12 0
0 27934 13 0
0 27934 14 0
0 16923 15 0
0 16923 0 0
0 16923 1 0
0 16923 2 0
0 16923 3 0
0 16923 4 0
0 38433 5 0
0 38433 6 0
0 38433 7 0
0 38433 8 0
0 38433 9 0
0 38433 10 0
0 11461 11 0
0 11461 12 0
0 11461 13 0
0 11461 14 0
0 11461 15 0
0 11461 0 0
0 16994 1 0
0 16994 2 0
0 16994 3 0
0 16994 4 0
0 16994 5 0
0 16994 6 0
0 7751 7 0
0 7751 8 0
0 7751 9 0
0 7751 10 0
0 7751 11 0
0 7751 12 0
0 43372 13 0
0 43372 14 0
0 43372 15 0
0 43372 0 0
0 43372 1 0
0 43372 2 0
0 6594 3 0
0 6594 4 0
0 6594 5 0
0 6594 6 0
0 6594 7 0
0 6594 8 0
0 16962 9 0
0 16962 10 0
0 16962 11 0
0 16962 12 0
0 16962 13 0
0 16962 14 0
0 8749 15 0
0 8749 0 0
0 8749 1 0
0 8749 2 0
0 8749 3 0
0 8749 4 0
0 14409 5 0
0 14409 6 0
0 14409 7 0
0 14409 8 0
0 14409 9 0
0 14409 10 0
0 14561 11 0
0 14561 12 0
0 14561 13 0
0 14561 14 0
0 14561 15 0
0 14561 0 0
0 6146 1 0
0 6146 2 0
0 6146 3 0
0 6146 4 0
0 6146 5 0
0 6146 6 0
0 15607 7 0
0 15607 8 0
0 15607 9 0
0 15607 10 0
0 15607 11 0
0 15607 12 0
0 19249 13 0
0 19249 14 0
0 19249 15 0
0 19249 0 0
0 19249 1 0
0 19249 2 0
0 49426 3 0
0 49426 4 0
0 49426 5 0
0 49426 6 0
0 49426 7 0
0 49426 8 0
0 39986 9 0
0 39986 10 0
0 39986 11 0
0 39986 12 0
0 39986 13 0
0 39986 14 0
0 3985 15 0
0 3985 0 0
0 3985 1 0
0 3985 2 0
0 3985 3 0
0 3985 4 0
0 57817 5 0
0 57817 6 0
0 57817 7 0
0 57817 8 0
0 57817 9 0
0 57817 10 0
0 13426 11 0
0 13426 12 0
0 13426 13 0
0 13426 14 0
0 13426 15 0
0 13426 0 0
0 24989 1 0
0 24989 2 0
0 24989 3 0
0 24989 4 0
0 24989 5 0
0 24989 6 0
0 1614 7 0
0 1614 8 0
0 1614 9 0
0 1614 10 0
0 1614 11 0
0 1614 12 0
0 30576 13 0
0 30576 14 0
0 30576 15 0
0 30576 0 0
0 30576 1 0
0 30576 2 0
0 21606 3 0
0 21606 4 0
0 21606 5 0
0 21606 6 0
0 21606 7 0
0 21606 8 0
0 1052 9 0
0 1052 10 0
0 1052 11 0
0 1052 12 0
0 1052 13 0
0 1052 14 0
0 57357 15 0
0 57357 0 0
0 57357 1 0
0 57357 2 0
0 57357 3 0
0 57357 4 0
0 34635 5 0
0 34635 6 0
0 34635 7 0
0 34635 8 0
0 34635 9 0
0 34635 10 0
0 38110 11 0
0 38110 12 0
0 38110 13 0
0 38110 14 0
0 38110 15 0
0 38110 0 0
0 23746 1 0
0 23746 2 0
0 23746 3 0
0 23746 4 0
0 23746 5 0
0 23746 6 0
0 51556 7 0
0 51556 8 0
0 51556 9 0
0 51556 10 0
0 51556 11 0
0 51556 12 0
0 41341 13 0
0 41341 14 0
0 41341 15 0
0 41341 0 0
0 41341 1 0
0 41341 2 0
0 13793 3 0
0 13793 4 0
0 13793 5 0
0 13793 6 0
0 13793 7 0
0 13793 8 0
0 21875 9 0
0 21875 10 0
0 21875 11 0
0 21875 12 0
0 21875 13 0
0 21875 14 0
0 15644 15 0
0 15644 0 0
0 15644 1 0
0 15644 2 0
0 15644 3 0
0 15644 4 0
0 18996 5 0
0 18996 6 0
0 18996 7 0
0 18996 8 0
0 18996 9 0
0 18996 10 0
0 62107 11 0
0 62107 12 0
0 62107 13 0
0 62107 14 0
0 62107 15 0
0 62107 0 0
0 20428 1 0
0 20428 2 0
0 20428 3 0
0 20428 4 0
0 20428 5 0
0 20428 6 0
0 1322 7 0
0 1322 8 0
0 1322 9 0
0 1322 10 0
0 1322 11 0
0 1322 12 0
0 4435 13 0
0 4435 14 0
0 4435 15 0
0 4435 0 0
0 4435 1 0
0 4435 2 0
0 38927 3 0
0 38927 4 0
0 38927 5 0
0 38927 6 0
0 38927 7 0
0 38927 8 0
0 28476 9 0
0 28476 10 0
0 28476 11 0
0 28476 12 0
0 28476 13 0
0 28476 14 0
0 15559 15 0
0 15559 0 0
0 15559 1 0
0 15559 2 0
0 15559 3 0
0 15559 4 0
0 34050 5 0
0 34050 6 0
0 34050 7 0
0 34050 8 0
0 34050 9 0
0 34050 10 0
0 33807 11 0
0 33807 12 0
0 33807 13 0
0 33807 14 0
0 33807 15 0
0 33807 0 0
0 58973 1 0
0 58973 2 0
0 58973 3 0
0 58973 4 0
0 58973 5 0
0 58973 6 0
0 63615 7 0
0 63615 8 0
0 63615 9 0
0 63615 10 0
0 63615 11 0
0 63615 12 0
0 29167 13 0
0 29167 14 0
0 29167 15 0
0 29167 0 0
0 29167 1 0
0 29167 2 0
0 35358 3 0
0 35358 4 0
0 35358 5 0
0 35358 6 0
0 35358 7 0
0 35358 8 0
0 57231 9 0
0 57231 10 0
0 57231 11 0
0 57231 12 0
0 57231 13 0
0 57231 14 0
0 59789 15 0
0 59789 0 0
0 59789 1 0
0 59789 2 0
0 59789 3 0
0 59789 4 0
0 39651 5 0
0 39651 6 0
0 39651 7 0
0 39651 8 0
0 39651 9 0
0 39651 10 0
0 58215 11 0
0 58215 12 0
0 58215 13 0
0 58215 14 0
0 58215 15 0
0 58215 0 0
0 28729 1 0
0 28729 2 0
0 28729 3 0
0 28729 4 0
0 28729 5 0
0 28729 6 0
0 54982 7 0
0 54982 8 0
0 54982 9 0
0 54982 10 0
0 54982 11 0
0 54982 12 0
0 13877 13 0
0 13877 14 0
0 13877 15 0
0 13877 0 0
0 13877 1 0
0 13877 2 0
0 54807 3 0
0 54807 4 0
0 54807 5 0
0 54807 6 0
0 54807 7 0
0 54807 8 0
0 51389 9 0
0 51389 10 0
0 51389 11 0
0 51389 12 0
0 51389 13 0
0 51389 14 0
0 26292 15 0
0 26292 0 0
0 26292 1 0
0 26292 2 0
0 26292 3 0
0 26292 4 0
0 15999 5 0
0 15999 6 0
0 15999 7 0
0 15999 8 0
0 15999 9 0
0 15999 10 0
0 47699 11 0
0 47699 12 0
0 47699 13 0
0 47699 14 0
0 47699 15 0
0 47699 0 0
0 31768 1 0
0 31768 2 0
0 31768 3 0
0 31768 4 0
0 31768 5 0
0 31768 6 0
0 2596 7 0
0 2596 8 0
0 2596 9 0
0 2596 10 0
0 2596 11 0
0 2596 12 0
0 8963 13 0
0 8963 14 0
0 8963 15 0
0 8963 0 0
0 8963 1 0
0 8963 2 0
0 2703 3 0
0 2703 4 0
0 2703 5 0
0 2703 6 0
0 2703 7 0
0 2703 8 0
0 53358 9 0
0 53358 10 0
0 53358 11 0
0 53358 12 0
0 53358 13 0
0 53358 14 0
0 46785 15 0
0 46785 0 0
0 46785 1 0
0 46785 2 0
0 46785 3 0
0 46785 4 0
0 26332 5 0
0 26332 6 0
0 26332 7 0
0 26332 8 0
0 26332 9 0
0 26332 10 0
0 26868 11 0
0 26868 12 0
0 26868 13 0
0 26868 14 0
0 26868 15 0
0 26868 0 0
0 43179 1 0
0 43179 2 0
0 43179 3 0
0 43179 4 0
0 43179 5 0
0 43179 6 0
0 57103 7 0
0 57103 8 0
0 57103 9 0
0 57103 10 0
0 57103 11 0
0 57103 12 0
0 14284 13 0
0 14284 14 0
0 14284 15 0
0 14284 0 0
0 14284 1 0
0 14284 2 0
0 5999 3 0
0 5999 4 0
0 5999 5 0
0 5999 6 0
0 5999 7 0
0 5999 8 0
0 64409 9 0
0 64409 10 0
0 64409 11 0
0 64409 12 0
0 64409 13 0
0 64409 14 0
0 56726 15 0
0 56726 0 0
0 56726 1 0
0 56726 2 0
0 56726 3 0
0 56726 4 0
0 40129 5 0
0 40129 6 0
0 40129 7 0
0 40129 8 0
0 40129 9 0
0 40129 10 0
0 35810 11 0
0 35810 12 0
0 35810 13 0
0 35810 14 0
0 35810 15 0
0 35810 0 0
0 51031 1 0
0 51031 2 0
0 51031 3 0
0 51031 4 0
0 51031 5 0
0 51031 6 0
0 36488 7 0
0 36488 8 0
0 36488 9 0
0 36488 10 0
0 36488 11 0
0 36488 12 0
0 50182 13 0
0 50182 14 0
0 50182 15 0
0 50182 0 0
0 50182 1 0
0 50182 2 0
0 20226 3 0
0 20226 4 0
0 20226 5 0
0 20226 6 0
0 20226 7 0
0 20226 8 0
0 16392 9 0
0 16392 10 0
0 16392 11 0
0 16392 12 0
0 16392 13 0
0 16392 14 0
0 2177 15 0
0 2177 0 0
0 2177 1 0
0 2177 2 0
0 2177 3 0
0 2177 4 0
0 9020 5 0
0 9020 6 0
0 9020 7 0
0 9020 8 0
0 9020 9 0
0 9020 10 0
0 22668 11 0
0 22668 12 0
0 22668 13 0
0 22668 14 0
0 22668 15 0
0 22668 0 0
0 5529 1 0
0 5529 2 0
0 5529 3 0
0 5529 4 0
0 5529 5 0
0 5529 6 0
0 41615 7 0
0 41615 8 0
0 41615 9 0
0 41615 10 0
0 41615 11 0
0 41615 12 0
0 47726 13 0
0 47726 14 0
0 47726 15 0
0 47726 0 0
0 47726 1 0
0 47726 2 0
0 61271 3 0
0 61271 4 0
0 61271 5 0
0 61271 6 0
0 61271 7 0
0 61271 8 0
0 57151 9 0
0 57151 10 0
0 57151 11 0
0 57151 12 0
0 57151 13 0
0 57151 14 0
0 26570 15 0
0 26570 0 0
0 26570 1 0
0 26570 2 0
0 26570 3 0
0 26570 4 0
0 52572 5 0
0 52572 6 0
0 52572 7 0
0 52572 8 0
0 52572 9 0
0 52572 10 0
0 7958 11 0
0 7958 12 0
0 7958 13 0
0 7958 14 0
0 7958 15 0
0 7958 0 0
0 46801 1 0
0 46801 2 0
0 46801 3 0
0 46801 4 0
0 46801 5 0
0 46801 6 0
0 50297 7 0
0 50297 8 0
0 50297 9 0
0 50297 10 0
0 50297 11 0
0 50297 12 0
0 60046 13 0
0 60046 14 0
0 60046 15 0
0 60046 0 0
0 60046 1 0
0 60046 2 0
0 52765 3 0
0 52765 4 0
0 52765 5 0
0 52765 6 0
0 52765 7 0
0 52765 8 0
0 33205 9 0
0 33205 10 0
0 33205 11 0
0 33205 12 0
0 33205 13 0
0 33205 14 0
0 14449 15 0
0 14449 0 0
0 14449 1 0
0 14449 2 0
0 14449 3 0
0 14449 4 0
0 22783 5 0
0 22783 6 0
0 22783 7 0
0 22783 8 0
0 22783 9 0
0 22783 10 0
0 37564 11 0
0 37564 12 0
0 37564 13 0
0 37564 14 0
0 37564 15 0
0 37564 0 0
0 22461 1 0
0 22461 2 0
0 22461 3 0
0 22461 4 0
0 22461 5 0
0 22461 6 0
0 53046 7 0
0 53046 8 0
0 53046 9 0
0 53046 10 0
0 53046 11 0
0 53046 12 0
0 33749 13 0
0 33749 14 0
0 33749 15 0
0 33749 0 0
0 33749 1 0
0 33749 2 0
0 18248 3 0
0 18248 4 0
0 18248 5 0
0 18248 6 0
0 18248 7 0
0 18248 8 0
0 10582 9 0
0 10582 10 0
0 10582 11 0
0 10582 12 0
0 10582 13 0
0 10582 14 0
0 40763 15 0
0 40763 0 0
0 40763 1 0
0 40763 2 0
0 40763 3 0
0 40763 4 0
0 57034 5 0
0 57034 6 0
0 57034 7 0
0 57034 8 0
0 57034 9 0
0 57034 10 0
0 39795 11 0
0 39795 12 0
0 39795 13 0
0 39795 14 0
0 39795 15 0
0 39795 0 0
0 56937 1 0
0 56937 2 0
0 56937 3 0
0 56937 4 0
0 56937 5 0
0 56937 6 0
0 358 7 0
0 358 8 0
0 358 9 0
0 358 10 0
0 358 11 0
0 358 12 0
0 65244 13 0
0 65244 14 0
0 65244 15 0
0 65244 0 0
0 65244 1 0
0 65244 2 0
0 26825 3 0
0 26825 4 0
0 26825 5 0
0 26825 6 0
0 26825 7 0
0 26825 8 0
0 37245 9 0
0 37245 10 0
0 37245 11 0
0 37245 12 0
0 37245 13 0
0 37245 14 0
0 26613 15 0
0 26613 0 0
0 26613 1 0
0 26613 2 0
0 26613 3 0
0 26613 4 0
0 1739 5 0
0 1739 6 0
0 1739 7 0
0 1739 8 0
0 1739 9 0
0 1739 10 0
0 40304 11 0
0 40304 12 0
0 40304 13 0
0 40304 14 0
0 40304 15 0
0 40304 0 0
0 12769 1 0
0 12769 2 0
0 12769 3 0
0 12769 4 0
0 12769 5 0
0 12769 6 0
0 53284 7 0
0 53284 8 0
0 53284 9 0
0 53284 10 0
0 53284 11 0
0 53284 12 0
0 47478 13 0
0 47478 14 0
0 47478 15 0
0 47478 0 0
0 47478 1 0
0 47478 2 0
0 50097 3 0
0 50097 4 0
0 50097 5 0
0 50097 6 0
0 50097 7 0
0 50097 8 0
0 47951 9 0
0 47951 10 0
0 47951 11 0
0 47951 12 0
0 47951 13 0
0 47951 14 0
0 50144 15 0
0 50144 0 0
0 50144 1 0
0 50144 2 0
0 50144 3 0
0 50144 4 0
0 27555 5 0
0 27555 6 0
0 27555 7 0
0 27555 8 0
0 27555 9 0
0 27555 10 0
0 40968 11 0
0 40968 12 0
0 40968 13 0
0 40968 14 0
0 40968 15 0
0 40968 0 0
0 1051 1 0
0 1051 2 0
0 1051 3 0
0 1051 4 0
0 1051 5 0
0 1051 6 0
0 7686 7 0
0 7686 8 0
0 7686 9 0
0 7686 10 0
0 7686 11 0
0 7686 12 0
0 13388 13 0
0 13388 14 0
0 13388 15 0
0 13388 0 0
0 13388 1 0
0 13388 2 0
0 54685 3 0
0 54685 4 0
0 54685 5 0
0 54685 6 0
0 54685 7 0
0 54685 8 0
0 14455 9 0
0 14455 10 0
0 14455 11 0
0 14455 12 0
0 14455 13 0
0 14455 14 0
0 54345 15 0
0 54345 0 0
0 54345 1 0
0 54345 2 0
0 54345 3 0
0 54345 4 0
0 44055 5 0
0 44055 6 0
0 44055 7 0
0 44055 8 0
0 44055 9 0
0 44055 10 0
0 28787 11 0
0 28787 12 0
0 28787 13 0
0 28787 14 0
0 28787 15 0
0 28787 0 0
0 44586 1 0
0 44586 2 0
0 44586 3 0
0 44586 4 0
0 44586 5 0
0 44586 6 0
0 43791 7 0
0 43791 8 0
0 43791 9 0
0 43791 10 0
0 43791 11 0
0 43791 12 0
0 45590 13 0
0 45590 14 0
0 45590 15 0
0 45590 0 0
0 45590 1 0
0 45590 2 0
0 48425 3 0
0 48425 4 0
0 48425 5 0
0 48425 6 0
0 48425 7 0
0 48425 8 0
0 19253 9 0
0 19253 10 0
0 19253 11 0
0 19253 12 0
0 19253 13 0
0 19253 14 0
0 40962 15 0
0 40962 0 0
0 40962 1 0
0 40962 2 0
0 40962 3 0
0 40962 4 0
0 44499 5 0
0 44499 6 0
0 44499 7 0
0 44499 8 0
0 44499 9 0
0 44499 10 0
0 11020 11 0
0 11020 12 0
0 11020 13 0
0 11020 14 0
0 11020 15 0
0 11020 0 0
0 33367 1 0
0 33367 2 0
0 33367 3 0
0 33367 4 0
0 33367 5 0
0 33367 6 0
0 44896 7 0
0 44896 8 0
0 44896 9 0
0 44896 10 0
0 44896 11 0
0 44896 12 0
0 35941 13 0
0 35941 14 0
0 35941 15 0
0 35941 0 0
0 35941 1 0
0 35941 2 0
0 36920 3 0
0 36920 4 0
0 36920 5 0
0 36920 6 0
0 36920 7 0
0 36920 8 0
0 19905 9 0
0 19905 10 0
0 19905 11 0
0 19905 12 0
0 19905 13 0
0 19905 14 0
0 54081 15 0
0 54081 0 0
0 54081 1 0
0 54081 2 0
0 54081 3 0
0 54081 4 0
0 51922 5 0
0 51922 6 0
0 51922 7 0
0 51922 8 0
0 51922 9 0
0 51922 10 0
0 28932 11 0
0 28932 12 0
0 28932 13 0
0 28932 14 0
0 28932 15 0
0 28932 0 0
0 13704 1 0
0 13704 2 0
0 13704 3 0
0 13704 4 0
0 13704 5 0
0 13704 6 0
0 30130 7 0
0 30130 8 0
0 30130 9 0
0 30130 10 0
0 30130 11 0
0 30130 12 0
0 35271 13 0
0 35271 14 0
0 35271 15 0
0 35271 0 0
0 35271 1 0
0 35271 2 0
0 58704 3 0
0 58704 4 0
0 58704 5 0
0 58704 6 0
0 58704 7 0
0 58704 8 0
0 16958 9 0
0 16958 10 0
0 16958 11 0
0 16958 12 0
0 16958 13 0
0 16958 14 0
0 37308 15 0
0 37308 0 0
0 37308 1 0
0 37308 2 0
0 37308 3 0
0 37308 4 0
0 18144 5 0
0 18144 6 0
0 18144 7 0
0 18144 8 0
0 18144 9 0
0 18144 10 0
0 36183 11 0
0 36183 12 0
0 36183 13 0
0 36183 14 0
0 36183 15 0
0 36183 0 0
0 6193 1 0
0 6193 2 0
0 6193 3 0
0 6193 4 0
0 6193 5 0
0 6193 6 0
0 1232 7 0
0 1232 8 0
0 1232 9 0
0 1232 10 0
0 1232 11 0
0 1232 12 0
0 31325 13 0
0 31325 14 0
0 31325 15 0
0 31325 0 0
0 31325 1 0
0 31325 2 0
0 47420 3 0
0 47420 4 0
0 47420 5 0
0 47420 6 0
0 47420 7 0
0 47420 8 0
0 43704 9 0
0 43704 10 0
0 43704 11 0
0 43704 12 0
0 43704 13 0
0 43704 14 0
0 15294 15 0
0 15294 0 0
0 15294 1 0
0 15294 2 0
0 15294 3 0
0 15294 4 0
0 59149 5 0
0 59149 6 0
0 59149 7 0
0 59149 8 0
0 59149 9 0
0 59149 10 0
0 7802 11 0
0 7802 12 0
0 7802 13 0
0 7802 14 0
0 7802 15 0
0 7802 0 0
0 35847 1 0
0 35847 2 0
0 35847 3 0
0 35847 4 0
0 35847 5 0
0 35847 6 0
0 20126 7 0
0 20126 8 0
0 20126 9 0
0 20126 10 0
0 20126 11 0
0 20126 12 0
0 63859 13 0
0 63859 14 0
0 63859 15 0
0 63859 0 0
0 63859 1 0
0 63859 2 0
0 28358 3 0
0 28358 4 0
0 28358 5 0
0 28358 6 0
0 28358 7 0
0 28358 8 0
0 29872 9 0
0 29872 10 0
0 29872 11 0
0 29872 12 0
0 29872 13 0
0 29872 14 0
0 43708 15 0
0 43708 0 0
0 43708 1 0
0 43708 2 0
0 43708 3 0
0 43708 4 0
0 12012 5 0
0 12012 6 0
0 12012 7 0
0 12012 8 0
0 12012 9 0
0 12012 10 0
0 13945 11 0
0 13945 12 0
0 13945 13 0
0 13945 14 0
0 13945 15 0
0 13945 0 0
0 34425 1 0
0 34425 2 0
0 34425 3 0
0 34425 4 0
0 34425 5 0
0 34425 6 0
0 64302 7 0
0 64302 8 0
0 64302 9 0
0 64302 10 0
0 64302 11 0
0 64302 12 0
0 61369 13 0
0 61369 14 0
0 61369 15 0
0 61369 0 0
0 61369 1 0
0 61369 2 0
0 39991 3 0
0 39991 4 0
0 39991 5 0
0 39991 6 0
0 39991 7 0
0 39991 8 0
0 55132 9 0
0 55132 10 0
0 55132 11 0
0 55132 12 0
0 55132 13 0
0 55132 14 0
0 47634 15 0
0 47634 0 0
0 47634 1 0
0 47634 2 0
0 47634 3 0
0 47634 4 0
0 24307 5 0
0 24307 6 0
0 24307 7 0
0 24307 8 0
0 24307 9 0
0 24307 10 0
0 11922 11 0
0 11922 12 0
0 11922 13 0
0 11922 14 0
0 11922 15 0
0 11922 0 0
0 15388 1 0
0 15388 2 0
0 15388 3 0
0 15388 4 0
0 15388 5 0
0 15388 6 0
0 16507 7 0
0 16507 8 0
0 16507 9 0
0 16507 10 0
0 16507 11 0
0 16507 12 0
0 52867 13 0
0 52867 14 0
0 52867 15 0
0 52867 0 0
0 52867 1 0
0 52867 2 0
0 35671 3 0
0 35671 4 0
0 35671 5 0
0 35671 6 0
0 35671 7 0
0 35671 8 0
0 11256 9 0
0 11256 10 0
0 11256 11 0
0 11256 12 0
0 11256 13 0
0 11256 14 0
0 37974 15 0
0 37974 0 0
0 37974 1 0
0 37974 2 0
0 37974 3 0
0 37974 4 0
0 21819 5 0
0 21819 6 0
0 21819 7 0
0 21819 8 0
0 21819 9 0
0 21819 10 0
0 61995 11 0
0 61995 12 0
0 61995 13 0
0 61995 14 0
0 61995 15 0
0 61995 0 0
0 54365 1 0
0 54365 2 0
0 54365 3 0
0 54365 4 0
0 54365 5 0
0 54365 6 0
0 32227 7 0
0 32227 8 0
0 32227 9 0
0 32227 10 0
0 32227 11 0
0 32227 12 0
0 49007 13 0
0 49007 14 0
0 49007 15 0
