0 0 0 0
0 0 1 0
0 0 2 0
0 0 3 0
0 0 4 0
0 36797 5 0
0 36797 6 0
0 36797 7 0
0 36797 8 0
0 36797 9 0
0 36797 10 0
0 31905 11 0
0 31905 12 0
0 31905 13 0
0 31905 14 0
0 31905 15 0
0 31905 0 0
0 4332 1 0
0 4332 2 0
0 4332 3 0
0 4332 4 0
0 4332 5 0
0 4332 6 0
0 59494 7 0
0 59494 8 0
0 59494 9 0
0 59494 10 0
0 59494 11 0
0 59494 12 0
0 35513 13 0
0 35513 14 0
0 35513 15 0
0 35513 0 0
0 35513 1 0
0 35513 2 0
0 24797 3 0
0 24797 4 0
0 24797 5 0
0 24797 6 0
0 24797 7 0
0 24797 8 0
0 13822 9 0
0 13822 10 0
0 13822 11 0
0 13822 12 0
0 13822 13 0
0 13822 14 0
0 55157 15 0
0 55157 0 0
0 55157 1 0
0 55157 2 0
0 55157 3 0
0 55157 4 0
0 41851 5 0
0 41851 6 0
0 41851 7 0
0 41851 8 0
0 41851 9 0
0 41851 10 0
0 57465 11 0
0 57465 12 0
0 57465 13 0
0 57465 14 0
0 57465 15 0
0 57465 0 0
0 24371 1 0
0 24371 2 0
0 24371 3 0
0 24371 4 0
0 24371 5 0
0 24371 6 0
0 52727 7 0
0 52727 8 0
0 52727 9 0
0 52727 10 0
0 52727 11 0
0 52727 12 0
0 64050 13 0
0 64050 14 0
0 64050 15 0
0 64050 0 0
0 64050 1 0
0 64050 2 0
0 15631 3 0
0 15631 4 0
0 15631 5 0
0 15631 6 0
0 15631 7 0
0 15631 8 0
0 36687 9 0
0 36687 10 0
0 36687 11 0
0 36687 12 0
0 36687 13 0
0 36687 14 0
0 55505 15 0
0 55505 0 0
0 55505 1 0
0 55505 2 0
0 55505 3 0
0 55505 4 0
0 23915 5 0
0 23915 6 0
0 23915 7 0
0 23915 8 0
0 23915 9 0
0 23915 10 0
0 60475 11 0
0 60475 12 0
0 60475 13 0
0 60475 14 0
0 60475 15 0
0 60475 0 0
0 51464 1 0
0 51464 2 0
0 51464 3 0
0 51464 4 0
0 51464 5 0
0 51464 6 0
0 50570 7 0
0 50570 8 0
0 50570 9 0
0 50570 10 0
0 50570 11 0
0 50570 12 0
0 41089 13 0
0 41089 14 0
0 41089 15 0
0 41089 0 0
0 41089 1 0
0 41089 2 0
0 29660 3 0
0 29660 4 0
0 29660 5 0
0 29660 6 0
0 29660 7 0
0 29660 8 0
0 16866 9 0
0 16866 10 0
0 16866 11 0
0 16866 12 0
0 16866 13 0
0 16866 14 0
0 35101 15 0
0 35101 0 0
0 35101 1 0
0 35101 2 0
0 35101 3 0
0 35101 4 0
0 58851 5 0
0 58851 6 0
0 58851 7 0
0 58851 8 0
0 58851 9 0
0 58851 10 0
0 14845 11 0
0 14845 12 0
0 14845 13 0
0 14845 14 0
0 14845 15 0
0 14845 0 0
0 62206 1 0
0 62206 2 0
0 62206 3 0
0 62206 4 0
0 62206 5 0
0 62206 6 0
0 17119 7 0
0 17119 8 0
0 17119 9 0
0 17119 10 0
0 17119 11 0
0 17119 12 0
0 65444 13 0
0 65444 14 0
0 65444 15 0
0 65444 0 0
0 65444 1 0
0 65444 2 0
0 2122 3 0
0 2122 4 0
0 2122 5 0
0 2122 6 0
0 2122 7 0
0 2122 8 0
0 41104 9 0
0 41104 10 0
0 41104 11 0
0 41104 12 0
0 41104 13 0
0 41104 14 0
0 4842 15 0
0 4842 0 0
0 4842 1 0
0 4842 2 0
0 4842 3 0
0 4842 4 0
0 47013 5 0
0 47013 6 0
0 47013 7 0
0 47013 8 0
0 47013 9 0
0 47013 10 0
0 19179 11 0
0 19179 12 0
0 19179 13 0
0 19179 14 0
0 19179 15 0
0 19179 0 0
0 24086 1 0
0 24086 2 0
0 24086 3 0
0 24086 4 0
0 24086 5 0
0 24086 6 0
0 17958 7 0
0 17958 8 0
0 17958 9 0
0 17958 10 0
0 17958 11 0
0 17958 12 0
0 1673 13 0
0 1673 14 0
0 1673 15 0
0 1673 0 0
0 1673 1 0
0 1673 2 0
0 12549 3 0
0 12549 4 0
0 12549 5 0
0 12549 6 0
0 12549 7 0
0 12549 8 0
0 48534 9 0
0 48534 10 0
0 48534 11 0
0 48534 12 0
0 48534 13 0
0 48534 14 0
0 35025 15 0
0 35025 0 0
0 35025 1 0
0 35025 2 0
0 35025 3 0
0 35025 4 0
0 24203 5 0
0 24203 6 0
0 24203 7 0
0 24203 8 0
0 24203 9 0
0 24203 10 0
0 40483 11 0
0 40483 12 0
0 40483 13 0
0 40483 14 0
0 40483 15 0
0 40483 0 0
0 1433 1 0
0 1433 2 0
0 1433 3 0
0 1433 4 0
0 1433 5 0
0 1433 6 0
0 6071 7 0
0 6071 8 0
0 6071 9 0
0 6071 10 0
0 6071 11 0
0 6071 12 0
0 20912 13 0
0 20912 14 0
0 20912 15 0
0 20912 0 0
0 20912 1 0
0 20912 2 0
0 46041 3 0
0 46041 4 0
0 46041 5 0
0 46041 6 0
0 46041 7 0
0 46041 8 0
0 59244 9 0
0 59244 10 0
0 59244 11 0
0 59244 12 0
0 59244 13 0
0 59244 14 0
0 34854 15 0
0 34854 0 0
0 34854 1 0
0 34854 2 0
0 34854 3 0
0 34854 4 0
0 4180 5 0
0 4180 6 0
0 4180 7 0
0 4180 8 0
0 4180 9 0
0 4180 10 0
0 6599 11 0
0 6599 12 0
0 6599 13 0
0 6599 14 0
0 6599 15 0
0 6599 0 0
0 12981 1 0
0 12981 2 0
0 12981 3 0
0 12981 4 0
0 12981 5 0
0 12981 6 0
0 65514 7 0
0 65514 8 0
0 65514 9 0
0 65514 10 0
0 65514 11 0
0 65514 12 0
0 35451 13 0
0 35451 14 0
0 35451 15 0
0 35451 0 0
0 35451 1 0
0 35451 2 0
0 7764 3 0
0 7764 4 0
0 7764 5 0
0 7764 6 0
0 7764 7 0
0 7764 8 0
0 52933 9 0
0 52933 10 0
0 52933 11 0
0 52933 12 0
0 52933 13 0
0 52933 14 0
0 26362 15 0
0 26362 0 0
0 26362 1 0
0 26362 2 0
0 26362 3 0
0 26362 4 0
0 48134 5 0
0 48134 6 0
0 48134 7 0
0 48134 8 0
0 48134 9 0
0 48134 10 0
0 34039 11 0
0 34039 12 0
0 34039 13 0
0 34039 14 0
0 34039 15 0
0 34039 0 0
0 8151 1 0
0 8151 2 0
0 8151 3 0
0 8151 4 0
0 8151 5 0
0 8151 6 0
0 60683 7 0
0 60683 8 0
0 60683 9 0
0 60683 10 0
0 60683 11 0
0 60683 12 0
0 21127 13 0
0 21127 14 0
0 21127 15 0
0 21127 0 0
0 21127 1 0
0 21127 2 0
0 21196 3 0
0 21196 4 0
0 21196 5 0
0 21196 6 0
0 21196 7 0
0 21196 8 0
0 30521 9 0
0 30521 10 0
0 30521 11 0
0 30521 12 0
0 30521 13 0
0 30521 14 0
0 57824 15 0
0 57824 0 0
0 57824 1 0
0 57824 2 0
0 57824 3 0
0 57824 4 0
0 24077 5 0
0 24077 6 0
0 24077 7 0
0 24077 8 0
0 24077 9 0
0 24077 10 0
0 42697 11 0
0 42697 12 0
0 42697 13 0
0 42697 14 0
0 42697 15 0
0 42697 0 0
0 8505 1 0
0 8505 2 0
0 8505 3 0
0 8505 4 0
0 8505 5 0
0 8505 6 0
0 58493 7 0
0 58493 8 0
0 58493 9 0
0 58493 10 0
0 58493 11 0
0 58493 12 0
0 44330 13 0
0 44330 14 0
0 44330 15 0
0 44330 0 0
0 44330 1 0
0 44330 2 0
0 22813 3 0
0 22813 4 0
0 22813 5 0
0 22813 6 0
0 22813 7 0
0 22813 8 0
0 51789 9 0
0 51789 10 0
0 51789 11 0
0 51789 12 0
0 51789 13 0
0 51789 14 0
0 41734 15 0
0 41734 0 0
0 41734 1 0
0 41734 2 0
0 41734 3 0
0 41734 4 0
0 30541 5 0
0 30541 6 0
0 30541 7 0
0 30541 8 0
0 30541 9 0
0 30541 10 0
0 60129 11 0
0 60129 12 0
0 60129 13 0
0 60129 14 0
0 60129 15 0
0 60129 0 0
0 26250 1 0
0 26250 2 0
0 26250 3 0
0 26250 4 0
0 26250 5 0
0 26250 6 0
0 10403 7 0
0 10403 8 0
0 10403 9 0
0 10403 10 0
0 10403 11 0
0 10403 12 0
0 5573 13 0
0 5573 14 0
0 5573 15 0
0 5573 0 0
0 5573 1 0
0 5573 2 0
0 29555 3 0
0 29555 4 0
0 29555 5 0
0 29555 6 0
0 29555 7 0
0 29555 8 0
0 14945 9 0
0 14945 10 0
0 14945 11 0
0 14945 12 0
0 14945 13 0
0 14945 14 0
0 65010 15 0
0 65010 0 0
0 65010 1 0
0 65010 2 0
0 65010 3 0
0 65010 4 0
0 58585 5 0
0 58585 6 0
0 58585 7 0
0 58585 8 0
0 58585 9 0
0 58585 10 0
0 30001 11 0
0 30001 12 0
0 30001 13 0
0 30001 14 0
0 30001 15 0
0 30001 0 0
0 18098 1 0
0 18098 2 0
0 18098 3 0
0 18098 4 0
0 18098 5 0
0 18098 6 0
0 39342 7 0
0 39342 8 0
0 39342 9 0
0 39342 10 0
0 39342 11 0
0 39342 12 0
0 22959 13 0
0 22959 14 0
0 22959 15 0
0 22959 0 0
0 22959 1 0
0 22959 2 0
0 23617 3 0
0 23617 4 0
0 23617 5 0
0 23617 6 0
0 23617 7 0
0 23617 8 0
0 31285 9 0
0 31285 10 0
0 31285 11 0
0 31285 12 0
0 31285 13 0
0 31285 14 0
0 39744 15 0
0 39744 0 0
0 39744 1 0
0 39744 2 0
0 39744 3 0
0 39744 4 0
0 40257 5 0
0 40257 6 0
0 40257 7 0
0 40257 8 0
0 40257 9 0
0 40257 10 0
0 4384 11 0
0 4384 12 0
0 4384 13 0
0 4384 14 0
0 4384 15 0
0 4384 0 0
0 46185 1 0
0 46185 2 0
0 46185 3 0
0 46185 4 0
0 46185 5 0
0 46185 6 0
0 30421 7 0
0 30421 8 0
0 30421 9 0
0 30421 10 0
0 30421 11 0
0 30421 12 0
0 17827 13 0
0 17827 14 0
0 17827 15 0
0 17827 0 0
0 17827 1 0
0 17827 2 0
0 1663 3 0
0 1663 4 0
0 1663 5 0
0 1663 6 0
0 1663 7 0
0 1663 8 0
0 17910 9 0
0 17910 10 0
0 17910 11 0
0 17910 12 0
0 17910 13 0
0 17910 14 0
0 16765 15 0
0 16765 0 0
0 16765 1 0
0 16765 2 0
0 16765 3 0
0 16765 4 0
0 7771 5 0
0 7771 6 0
0 7771 7 0
0 7771 8 0
0 7771 9 0
0 7771 10 0
0 38126 11 0
0 38126 12 0
0 38126 13 0
0 38126 14 0
0 38126 15 0
0 38126 0 0
0 47064 1 0
0 47064 2 0
0 47064 3 0
0 47064 4 0
0 47064 5 0
0 47064 6 0
0 55687 7 0
0 55687 8 0
0 55687 9 0
0 55687 10 0
0 55687 11 0
0 55687 12 0
0 47146 13 0
0 47146 14 0
0 47146 15 0
0 47146 0 0
0 47146 1 0
0 47146 2 0
0 52122 3 0
0 52122 4 0
0 52122 5 0
0 52122 6 0
0 52122 7 0
0 52122 8 0
0 48994 9 0
0 48994 10 0
0 48994 11 0
0 48994 12 0
0 48994 13 0
0 48994 14 0
0 29060 15 0
0 29060 0 0
0 29060 1 0
0 29060 2 0
0 29060 3 0
0 29060 4 0
0 60585 5 0
0 60585 6 0
0 60585 7 0
0 60585 8 0
0 60585 9 0
0 60585 10 0
0 47857 11 0
0 47857 12 0
0 47857 13 0
0 47857 14 0
0 47857 15 0
0 47857 0 0
0 40770 1 0
0 40770 2 0
0 40770 3 0
0 40770 4 0
0 40770 5 0
0 40770 6 0
0 19152 7 0
0 19152 8 0
0 19152 9 0
0 19152 10 0
0 19152 11 0
0 19152 12 0
0 6966 13 0
0 6966 14 0
0 6966 15 0
0 6966 0 0
0 6966 1 0
0 6966 2 0
0 48168 3 0
0 48168 4 0
0 48168 5 0
0 48168 6 0
0 48168 7 0
0 48168 8 0
0 65012 9 0
0 65012 10 0
0 65012 11 0
0 65012 12 0
0 65012 13 0
0 65012 14 0
0 23559 15 0
0 23559 0 0
0 23559 1 0
0 23559 2 0
0 23559 3 0
0 23559 4 0
0 1710 5 0
0 1710 6 0
0 1710 7 0
0 1710 8 0
0 1710 9 0
0 1710 10 0
0 25682 11 0
0 25682 12 0
0 25682 13 0
0 25682 14 0
0 25682 15 0
0 25682 0 0
0 64872 1 0
0 64872 2 0
0 64872 3 0
0 64872 4 0
0 64872 5 0
0 64872 6 0
0 12693 7 0
0 12693 8 0
0 12693 9 0
0 12693 10 0
0 12693 11 0
0 12693 12 0
0 21093 13 0
0 21093 14 0
0 21093 15 0
0 21093 0 0
0 21093 1 0
0 21093 2 0
0 49295 3 0
0 49295 4 0
0 49295 5 0
0 49295 6 0
0 49295 7 0
0 49295 8 0
0 58457 9 0
0 58457 10 0
0 58457 11 0
0 58457 12 0
0 58457 13 0
0 58457 14 0
0 42813 15 0
0 42813 0 0
0 42813 1 0
0 42813 2 0
0 42813 3 0
0 42813 4 0
0 8476 5 0
0 8476 6 0
0 8476 7 0
0 8476 8 0
0 8476 9 0
0 8476 10 0
0 12211 11 0
0 12211 12 0
0 12211 13 0
0 12211 14 0
0 12211 15 0
0 12211 0 0
0 8889 1 0
0 8889 2 0
0 8889 3 0
0 8889 4 0
0 8889 5 0
0 8889 6 0
0 37622 7 0
0 37622 8 0
0 37622 9 0
0 37622 10 0
0 37622 11 0
0 37622 12 0
0 61680 13 0
0 61680 14 0
0 61680 15 0
0 61680 0 0
0 61680 1 0
0 61680 2 0
0 20929 3 0
0 20929 4 0
0 20929 5 0
0 20929 6 0
0 20929 7 0
0 20929 8 0
0 13263 9 0
0 13263 10 0
0 13263 11 0
0 13263 12 0
0 13263 13 0
0 13263 14 0
0 37594 15 0
0 37594 0 0
0 37594 1 0
0 37594 2 0
0 37594 3 0
0 37594 4 0
0 7584 5 0
0 7584 6 0
0 7584 7 0
0 7584 8 0
0 7584 9 0
0 7584 10 0
0 16421 11 0
0 16421 12 0
0 16421 13 0
0 16421 14 0
0 16421 15 0
0 16421 0 0
0 15463 1 0
0 15463 2 0
0 15463 3 0
0 15463 4 0
0 15463 5 0
0 15463 6 0
0 338 7 0
0 338 8 0
0 338 9 0
0 338 10 0
0 338 11 0
0 338 12 0
0 33024 13 0
0 33024 14 0
0 33024 15 0
0 33024 0 0
0 33024 1 0
0 33024 2 0
0 15216 3 0
0 15216 4 0
0 15216 5 0
0 15216 6 0
0 15216 7 0
0 15216 8 0
0 43126 9 0
0 43126 10 0
0 43126 11 0
0 43126 12 0
0 43126 13 0
0 43126 14 0
0 11967 15 0
0 11967 0 0
0 11967 1 0
0 11967 2 0
0 11967 3 0
0 11967 4 0
0 20187 5 0
0 20187 6 0
0 20187 7 0
0 20187 8 0
0 20187 9 0
0 20187 10 0
0 46694 11 0
0 46694 12 0
0 46694 13 0
0 46694 14 0
0 46694 15 0
0 46694 0 0
0 24810 1 0
0 24810 2 0
0 24810 3 0
0 24810 4 0
0 24810 5 0
0 24810 6 0
0 52712 7 0
0 52712 8 0
0 52712 9 0
0 52712 10 0
0 52712 11 0
0 52712 12 0
0 54493 13 0
0 54493 14 0
0 54493 15 0
0 54493 0 0
0 54493 1 0
0 54493 2 0
0 14042 3 0
0 14042 4 0
0 14042 5 0
0 14042 6 0
0 14042 7 0
0 14042 8 0
0 15294 9 0
0 15294 10 0
0 15294 11 0
0 15294 12 0
0 15294 13 0
0 15294 14 0
0 11962 15 0
0 11962 0 0
0 11962 1 0
0 11962 2 0
0 11962 3 0
0 11962 4 0
0 7584 5 0
0 7584 6 0
0 7584 7 0
0 7584 8 0
0 7584 9 0
0 7584 10 0
0 24123 11 0
0 24123 12 0
0 24123 13 0
0 24123 14 0
0 24123 15 0
0 24123 0 0
0 17361 1 0
0 17361 2 0
0 17361 3 0
0 17361 4 0
0 17361 5 0
0 17361 6 0
0 55794 7 0
0 55794 8 0
0 55794 9 0
0 55794 10 0
0 55794 11 0
0 55794 12 0
0 37976 13 0
0 37976 14 0
0 37976 15 0
0 37976 0 0
0 37976 1 0
0 37976 2 0
0 61803 3 0
0 61803 4 0
0 61803 5 0
0 61803 6 0
0 61803 7 0
0 61803 8 0
0 20954 9 0
0 20954 10 0
0 20954 11 0
0 20954 12 0
0 20954 13 0
0 20954 14 0
0 54204 15 0
0 54204 0 0
0 54204 1 0
0 54204 2 0
0 54204 3 0
0 54204 4 0
0 22955 5 0
0 22955 6 0
0 22955 7 0
0 22955 8 0
0 22955 9 0
0 22955 10 0
0 37952 11 0
0 37952 12 0
0 37952 13 0
0 37952 14 0
0 37952 15 0
0 37952 0 0
0 27136 1 0
0 27136 2 0
0 27136 3 0
0 27136 4 0
0 27136 5 0
0 27136 6 0
0 54574 7 0
0 54574 8 0
0 54574 9 0
0 54574 10 0
0 54574 11 0
0 54574 12 0
0 24468 13 0
0 24468 14 0
0 24468 15 0
0 24468 0 0
0 24468 1 0
0 24468 2 0
0 8012 3 0
0 8012 4 0
0 8012 5 0
0 8012 6 0
0 8012 7 0
0 8012 8 0
0 54160 9 0
0 54160 10 0
0 54160 11 0
0 54160 12 0
0 54160 13 0
0 54160 14 0
0 42636 15 0
0 42636 0 0
0 42636 1 0
0 42636 2 0
0 42636 3 0
0 42636 4 0
0 21953 5 0
0 21953 6 0
0 21953 7 0
0 21953 8 0
0 21953 9 0
0 21953 10 0
0 56041 11 0
0 56041 12 0
0 56041 13 0
0 56041 14 0
0 56041 15 0
0 56041 0 0
0 5490 1 0
0 5490 2 0
0 5490 3 0
0 5490 4 0
0 5490 5 0
0 5490 6 0
0 61772 7 0
0 61772 8 0
0 61772 9 0
0 61772 10 0
0 61772 11 0
0 61772 12 0
0 16050 13 0
0 16050 14 0
0 16050 15 0
0 16050 0 0
0 16050 1 0
0 16050 2 0
0 11330 3 0
0 11330 4 0
0 11330 5 0
0 11330 6 0
0 11330 7 0
0 11330 8 0
0 24628 9 0
0 24628 10 0
0 24628 11 0
0 24628 12 0
0 24628 13 0
0 24628 14 0
0 47113 15 0
0 47113 0 0
0 47113 1 0
0 47113 2 0
0 47113 3 0
0 47113 4 0
0 50006 5 0
0 50006 6 0
0 50006 7 0
0 50006 8 0
0 50006 9 0
0 50006 10 0
0 55921 11 0
0 55921 12 0
0 55921 13 0
0 55921 14 0
0 55921 15 0
0 55921 0 0
0 3797 1 0
0 3797 2 0
0 3797 3 0
0 3797 4 0
0 3797 5 0
0 3797 6 0
0 22030 7 0
0 22030 8 0
0 22030 9 0
0 22030 10 0
0 22030 11 0
0 22030 12 0
0 21295 13 0
0 21295 14 0
0 21295 15 0
0 21295 0 0
0 21295 1 0
0 21295 2 0
0 60146 3 0
0 60146 4 0
0 60146 5 0
0 60146 6 0
0 60146 7 0
0 60146 8 0
0 52494 9 0
0 52494 10 0
0 52494 11 0
0 52494 12 0
0 52494 13 0
0 52494 14 0
0 14697 15 0
0 14697 0 0
0 14697 1 0
0 14697 2 0
0 14697 3 0
0 14697 4 0
0 10037 5 0
0 10037 6 0
0 10037 7 0
0 10037 8 0
0 10037 9 0
0 10037 10 0
0 37894 11 0
0 37894 12 0
0 37894 13 0
0 37894 14 0
0 37894 15 0
0 37894 0 0
0 34556 1 0
0 34556 2 0
0 34556 3 0
0 34556 4 0
0 34556 5 0
0 34556 6 0
0 37958 7 0
0 37958 8 0
0 37958 9 0
0 37958 10 0
0 37958 11 0
0 37958 12 0
0 45587 13 0
0 45587 14 0
0 45587 15 0
0 45587 0 0
0 45587 1 0
0 45587 2 0
0 23510 3 0
0 23510 4 0
0 23510 5 0
0 23510 6 0
0 23510 7 0
0 23510 8 0
0 55446 9 0
0 55446 10 0
0 55446 11 0
0 55446 12 0
0 55446 13 0
0 55446 14 0
0 39616 15 0
0 39616 0 0
0 39616 1 0
0 39616 2 0
0 39616 3 0
0 39616 4 0
0 4715 5 0
0 4715 6 0
0 4715 7 0
0 4715 8 0
0 4715 9 0
0 4715 10 0
0 38084 11 0
0 38084 12 0
0 38084 13 0
0 38084 14 0
0 38084 15 0
0 38084 0 0
0 45103 1 0
0 45103 2 0
0 45103 3 0
0 45103 4 0
0 45103 5 0
0 45103 6 0
0 46683 7 0
0 46683 8 0
0 46683 9 0
0 46683 10 0
0 46683 11 0
0 46683 12 0
0 30684 13 0
0 30684 14 0
0 30684 15 0
0 30684 0 0
0 30684 1 0
0 30684 2 0
0 10372 3 0
0 10372 4 0
0 10372 5 0
0 10372 6 0
0 10372 7 0
0 10372 8 0
0 47679 9 0
0 47679 10 0
0 47679 11 0
0 47679 12 0
0 47679 13 0
0 47679 14 0
0 57082 15 0
0 57082 0 0
0 57082 1 0
0 57082 2 0
0 57082 3 0
0 57082 4 0
0 46725 5 0
0 46725 6 0
0 46725 7 0
0 46725 8 0
0 46725 9 0
0 46725 10 0
0 24661 11 0
0 24661 12 0
0 24661 13 0
0 24661 14 0
0 24661 15 0
0 24661 0 0
0 19824 1 0
0 19824 2 0
0 19824 3 0
0 19824 4 0
0 19824 5 0
0 19824 6 0
0 11216 7 0
0 11216 8 0
0 11216 9 0
0 11216 10 0
0 11216 11 0
0 11216 12 0
0 28260 13 0
0 28260 14 0
0 28260 15 0
0 28260 0 0
0 28260 1 0
0 28260 2 0
0 15849 3 0
0 15849 4 0
0 15849 5 0
0 15849 6 0
0 15849 7 0
0 15849 8 0
0 62977 9 0
0 62977 10 0
0 62977 11 0
0 62977 12 0
0 62977 13 0
0 62977 14 0
0 61727 15 0
0 61727 0 0
0 61727 1 0
0 61727 2 0
0 61727 3 0
0 61727 4 0
0 18519 5 0
0 18519 6 0
0 18519 7 0
0 18519 8 0
0 18519 9 0
0 18519 10 0
0 63365 11 0
0 63365 12 0
0 63365 13 0
0 63365 14 0
0 63365 15 0
0 63365 0 0
0 30687 1 0
0 30687 2 0
0 30687 3 0
0 30687 4 0
0 30687 5 0
0 30687 6 0
0 41278 7 0
0 41278 8 0
0 41278 9 0
0 41278 10 0
0 41278 11 0
0 41278 12 0
0 18712 13 0
0 18712 14 0
0 18712 15 0
0 18712 0 0
0 18712 1 0
0 18712 2 0
0 57495 3 0
0 57495 4 0
0 57495 5 0
0 57495 6 0
0 57495 7 0
0 57495 8 0
0 40926 9 0
0 40926 10 0
0 40926 11 0
0 40926 12 0
0 40926 13 0
0 40926 14 0
0 7700 15 0
0 7700 0 0
0 7700 1 0
0 7700 2 0
0 7700 3 0
0 7700 4 0
0 51689 5 0
0 51689 6 0
0 51689 7 0
0 51689 8 0
0 51689 9 0
0 51689 10 0
0 58964 11 0
0 58964 12 0
0 58964 13 0
0 58964 14 0
0 58964 15 0
0 58964 0 0
0 52088 1 0
0 52088 2 0
0 52088 3 0
0 52088 4 0
0 52088 5 0
0 52088 6 0
0 38316 7 0
0 38316 8 0
0 38316 9 0
0 38316 10 0
0 38316 11 0
0 38316 12 0
0 9958 13 0
0 9958 14 0
0 9958 15 0
0 9958 0 0
0 9958 1 0
0 9958 2 0
0 25086 3 0
0 25086 4 0
0 25086 5 0
0 25086 6 0
0 25086 7 0
0 25086 8 0
0 23243 9 0
0 23243 10 0
0 23243 11 0
0 23243 12 0
0 23243 13 0
0 23243 14 0
0 51575 15 0
0 51575 0 0
0 51575 1 0
0 51575 2 0
0 51575 3 0
0 51575 4 0
0 60861 5 0
0 60861 6 0
0 60861 7 0
0 60861 8 0
0 60861 9 0
0 60861 10 0
0 18856 11 0
0 18856 12 0
0 18856 13 0
0 18856 14 0
0 18856 15 0
0 18856 0 0
0 16541 1 0
0 16541 2 0
0 16541 3 0
0 16541 4 0
0 16541 5 0
0 16541 6 0
0 6004 7 0
0 6004 8 0
0 6004 9 0
0 6004 10 0
0 6004 11 0
0 6004 12 0
0 22494 13 0
0 22494 14 0
0 22494 15 0
0 22494 0 0
0 22494 1 0
0 22494 2 0
0 5516 3 0
0 5516 4 0
0 5516 5 0
0 5516 6 0
0 5516 7 0
0 5516 8 0
0 64756 9 0
0 64756 10 0
0 64756 11 0
0 64756 12 0
0 64756 13 0
0 64756 14 0
0 15540 15 0
0 15540 0 0
0 15540 1 0
0 15540 2 0
0 15540 3 0
0 15540 4 0
0 47316 5 0
0 47316 6 0
0 47316 7 0
0 47316 8 0
0 47316 9 0
0 47316 10 0
0 10454 11 0
0 10454 12 0
0 10454 13 0
0 10454 14 0
0 10454 15 0
0 10454 0 0
0 31177 1 0
0 31177 2 0
0 31177 3 0
0 31177 4 0
0 31177 5 0
0 31177 6 0
0 47348 7 0
0 47348 8 0
0 47348 9 0
0 47348 10 0
0 47348 11 0
0 47348 12 0
0 17006 13 0
0 17006 14 0
0 17006 15 0
0 17006 0 0
0 17006 1 0
0 17006 2 0
0 10778 3 0
0 10778 4 0
0 10778 5 0
0 10778 6 0
0 10778 7 0
0 10778 8 0
0 63774 9 0
0 63774 10 0
0 63774 11 0
0 63774 12 0
0 63774 13 0
0 63774 14 0
0 54414 15 0
0 54414 0 0
0 54414 1 0
0 54414 2 0
0 54414 3 0
0 54414 4 0
0 6487 5 0
0 6487 6 0
0 6487 7 0
0 6487 8 0
0 6487 9 0
0 6487 10 0
0 47428 11 0
0 47428 12 0
0 47428 13 0
0 47428 14 0
0 47428 15 0
0 47428 0 0
0 24328 1 0
0 24328 2 0
0 24328 3 0
0 24328 4 0
0 24328 5 0
0 24328 6 0
0 16785 7 0
0 16785 8 0
0 16785 9 0
0 16785 10 0
0 16785 11 0
0 16785 12 0
0 49851 13 0
0 49851 14 0
0 49851 15 0
0 49851 0 0
0 49851 1 0
0 49851 2 0
0 9709 3 0
0 9709 4 0
0 9709 5 0
0 9709 6 0
0 9709 7 0
0 9709 8 0
0 55168 9 0
0 55168 10 0
0 55168 11 0
0 55168 12 0
0 55168 13 0
0 55168 14 0
0 34914 15 0
0 34914 0 0
0 34914 1 0
0 34914 2 0
0 34914 3 0
0 34914 4 0
0 13537 5 0
0 13537 6 0
0 13537 7 0
0 13537 8 0
0 13537 9 0
0 13537 10 0
0 45878 11 0
0 45878 12 0
0 45878 13 0
0 45878 14 0
0 45878 15 0
0 45878 0 0
0 9700 1 0
0 9700 2 0
0 9700 3 0
0 9700 4 0
0 9700 5 0
0 9700 6 0
0 20212 7 0
0 20212 8 0
0 20212 9 0
0 20212 10 0
0 20212 11 0
0 20212 12 0
0 51829 13 0
0 51829 14 0
0 51829 15 0
0 51829 0 0
0 51829 1 0
0 51829 2 0
0 65429 3 0
0 65429 4 0
0 65429 5 0
0 65429 6 0
0 65429 7 0
0 65429 8 0
0 40491 9 0
0 40491 10 0
0 40491 11 0
0 40491 12 0
0 40491 13 0
0 40491 14 0
0 22937 15 0
0 22937 0 0
0 22937 1 0
0 22937 2 0
0 22937 3 0
0 22937 4 0
0 39424 5 0
0 39424 6 0
0 39424 7 0
0 39424 8 0
0 39424 9 0
0 39424 10 0
0 13231 11 0
0 13231 12 0
0 13231 13 0
0 13231 14 0
0 13231 15 0
0 13231 0 0
0 51326 1 0
0 51326 2 0
0 51326 3 0
0 51326 4 0
0 51326 5 0
0 51326 6 0
0 4675 7 0
0 4675 8 0
0 4675 9 0
0 4675 10 0
0 4675 11 0
0 4675 12 0
0 63819 13 0
0 63819 14 0
0 63819 15 0
0 63819 0 0
0 63819 1 0
0 63819 2 0
0 54719 3 0
0 54719 4 0
0 54719 5 0
0 54719 6 0
0 54719 7 0
0 54719 8 0
0 28801 9 0
0 28801 10 0
0 28801 11 0
0 28801 12 0
0 28801 13 0
0 28801 14 0
0 49180 15 0
0 49180 0 0
0 49180 1 0
0 49180 2 0
0 49180 3 0
0 49180 4 0
0 35724 5 0
0 35724 6 0
0 35724 7 0
0 35724 8 0
0 35724 9 0
0 35724 10 0
0 17291 11 0
0 17291 12 0
0 17291 13 0
0 17291 14 0
0 17291 15 0
0 17291 0 0
0 5118 1 0
0 5118 2 0
0 5118 3 0
0 5118 4 0
0 5118 5 0
0 5118 6 0
0 50282 7 0
0 50282 8 0
0 50282 9 0
0 50282 10 0
0 50282 11 0
0 50282 12 0
0 36291 13 0
0 36291 14 0
0 36291 15 0
0 36291 0 0
0 36291 1 0
0 36291 2 0
0 17742 3 0
0 17742 4 0
0 17742 5 0
0 17742 6 0
0 17742 7 0
0 17742 8 0
0 39209 9 0
0 39209 10 0
0 39209 11 0
0 39209 12 0
0 39209 13 0
0 39209 14 0
0 43769 15 0
0 43769 0 0
0 43769 1 0
0 43769 2 0
0 43769 3 0
0 43769 4 0
0 55177 5 0
0 55177 6 0
0 55177 7 0
0 55177 8 0
0 55177 9 0
0 55177 10 0
0 60223 11 0
0 60223 12 0
0 60223 13 0
0 60223 14 0
0 60223 15 0
0 60223 0 0
0 45375 1 0
0 45375 2 0
0 45375 3 0
0 45375 4 0
0 45375 5 0
0 45375 6 0
0 59654 7 0
0 59654 8 0
0 59654 9 0
0 59654 10 0
0 59654 11 0
0 59654 12 0
0 47050 13 0
0 47050 14 0
0 47050 15 0
0 47050 0 0
0 47050 1 0
0 47050 2 0
0 23551 3 0
0 23551 4 0
0 23551 5 0
0 23551 6 0
0 23551 7 0
0 23551 8 0
0 43995 9 0
0 43995 10 0
0 43995 11 0
0 43995 12 0
0 43995 13 0
0 43995 14 0
0 18632 15 0
0 18632 0 0
0 18632 1 0
0 18632 2 0
0 18632 3 0
0 18632 4 0
0 53690 5 0
0 53690 6 0
0 53690 7 0
0 53690 8 0
0 53690 9 0
0 53690 10 0
0 9734 11 0
0 9734 12 0
0 9734 13 0
0 9734 14 0
0 9734 15 0
0 9734 0 0
0 24582 1 0
0 24582 2 0
0 24582 3 0
0 24582 4 0
0 24582 5 0
0 24582 6 0
0 35876 7 0
0 35876 8 0
0 35876 9 0
0 35876 10 0
0 35876 11 0
0 35876 12 0
0 5103 13 0
0 5103 14 0
0 5103 15 0
0 5103 0 0
0 5103 1 0
0 5103 2 0
0 21992 3 0
0 21992 4 0
0 21992 5 0
0 21992 6 0
0 21992 7 0
0 21992 8 0
0 35524 9 0
0 35524 10 0
0 35524 11 0
0 35524 12 0
0 35524 13 0
0 35524 14 0
0 16804 15 0
0 16804 0 0
0 16804 1 0
0 16804 2 0
0 16804 3 0
0 16804 4 0
0 54150 5 0
0 54150 6 0
0 54150 7 0
0 54150 8 0
0 54150 9 0
0 54150 10 0
0 26647 11 0
0 26647 12 0
0 26647 13 0
0 26647 14 0
0 26647 15 0
0 26647 0 0
0 22653 1 0
0 22653 2 0
0 22653 3 0
0 22653 4 0
0 22653 5 0
0 22653 6 0
0 54307 7 0
0 54307 8 0
0 54307 9 0
0 54307 10 0
0 54307 11 0
0 54307 12 0
0 42715 13 0
0 42715 14 0
0 42715 15 0
0 42715 0 0
0 42715 1 0
0 42715 2 0
0 12358 3 0
0 12358 4 0
0 12358 5 0
0 12358 6 0
0 12358 7 0
0 12358 8 0
0 28382 9 0
0 28382 10 0
0 28382 11 0
0 28382 12 0
0 28382 13 0
0 28382 14 0
0 35070 15 0
0 35070 0 0
0 35070 1 0
0 35070 2 0
0 35070 3 0
0 35070 4 0
0 15988 5 0
0 15988 6 0
0 15988 7 0
0 15988 8 0
0 15988 9 0
0 15988 10 0
0 33039 11 0
0 33039 12 0
0 33039 13 0
0 33039 14 0
0 33039 15 0
0 33039 0 0
0 28184 1 0
0 28184 2 0
0 28184 3 0
0 28184 4 0
0 28184 5 0
0 28184 6 0
0 25054 7 0
0 25054 8 0
0 25054 9 0
0 25054 10 0
0 25054 11 0
0 25054 12 0
0 1598 13 0
0 1598 14 0
0 1598 15 0
0 1598 0 0
0 1598 1 0
0 1598 2 0
0 5089 3 0
0 5089 4 0
0 5089 5 0
0 5089 6 0
0 5089 7 0
0 5089 8 0
0 26314 9 0
0 26314 10 0
0 26314 11 0
0 26314 12 0
0 26314 13 0
0 26314 14 0
0 54735 15 0
0 54735 0 0
0 54735 1 0
0 54735 2 0
0 54735 3 0
0 54735 4 0
0 36356 5 0
0 36356 6 0
0 36356 7 0
0 36356 8 0
0 36356 9 0
0 36356 10 0
0 23960 11 0
0 23960 12 0
0 23960 13 0
0 23960 14 0
0 23960 15 0
0 23960 0 0
0 34756 1 0
0 34756 2 0
0 34756 3 0
0 34756 4 0
0 34756 5 0
0 34756 6 0
0 20396 7 0
0 20396 8 0
0 20396 9 0
0 20396 10 0
0 20396 11 0
0 20396 12 0
0 55775 13 0
0 55775 14 0
0 55775 15 0
0 55775 0 0
0 55775 1 0
0 55775 2 0
0 45532 3 0
0 45532 4 0
0 45532 5 0
0 45532 6 0
0 45532 7 0
0 45532 8 0
0 26265 9 0
0 26265 10 0
0 26265 11 0
0 26265 12 0
0 26265 13 0
0 26265 14 0
0 45895 15 0
0 45895 0 0
0 45895 1 0
0 45895 2 0
0 45895 3 0
0 45895 4 0
0 50448 5 0
0 50448 6 0
0 50448 7 0
0 50448 8 0
0 50448 9 0
0 50448 10 0
0 35057 11 0
0 35057 12 0
0 35057 13 0
0 35057 14 0
0 35057 15 0
0 35057 0 0
0 43386 1 0
0 43386 2 0
0 43386 3 0
0 43386 4 0
0 43386 5 0
0 43386 6 0
0 49353 7 0
0 49353 8 0
0 49353 9 0
0 49353 10 0
0 49353 11 0
0 49353 12 0
0 29651 13 0
0 29651 14 0
0 29651 15 0
0 29651 0 0
0 29651 1 0
0 29651 2 0
0 51992 3 0
0 51992 4 0
0 51992 5 0
0 51992 6 0
0 51992 7 0
0 51992 8 0
0 32514 9 0
0 32514 10 0
0 32514 11 0
0 32514 12 0
0 32514 13 0
0 32514 14 0
0 17091 15 0
0 17091 0 0
0 17091 1 0
0 17091 2 0
0 17091 3 0
0 17091 4 0
0 60629 5 0
0 60629 6 0
0 60629 7 0
0 60629 8 0
0 60629 9 0
0 60629 10 0
0 38460 11 0
0 38460 12 0
0 38460 13 0
0 38460 14 0
0 38460 15 0
0 38460 0 0
0 25663 1 0
0 25663 2 0
0 25663 3 0
0 25663 4 0
0 25663 5 0
0 25663 6 0
0 44367 7 0
0 44367 8 0
0 44367 9 0
0 44367 10 0
0 44367 11 0
0 44367 12 0
0 29358 13 0
0 29358 14 0
0 29358 15 0
0 29358 0 0
0 29358 1 0
0 29358 2 0
0 34191 3 0
0 34191 4 0
0 34191 5 0
0 34191 6 0
0 34191 7 0
0 34191 8 0
0 29239 9 0
0 29239 10 0
0 29239 11 0
0 29239 12 0
0 29239 13 0
0 29239 14 0
0 44811 15 0
0 44811 0 0
0 44811 1 0
0 44811 2 0
0 44811 3 0
0 44811 4 0
0 60165 5 0
0 60165 6 0
0 60165 7 0
0 60165 8 0
0 60165 9 0
0 60165 10 0
0 43428 11 0
0 43428 12 0
0 43428 13 0
0 43428 14 0
0 43428 15 0
0 43428 0 0
0 50417 1 0
0 50417 2 0
0 50417 3 0
0 50417 4 0
0 50417 5 0
0 50417 6 0
0 6053 7 0
0 6053 8 0
0 6053 9 0
0 6053 10 0
0 6053 11 0
0 6053 12 0
0 34458 13 0
0 34458 14 0
0 34458 15 0
0 34458 0 0
0 34458 1 0
0 34458 2 0
0 43991 3 0
0 43991 4 0
0 43991 5 0
0 43991 6 0
0 43991 7 0
0 43991 8 0
0 59214 9 0
0 59214 10 0
0 59214 11 0
0 59214 12 0
0 59214 13 0
0 59214 14 0
0 9141 15 0
0 9141 0 0
0 9141 1 0
0 9141 2 0
0 9141 3 0
0 9141 4 0
0 55292 5 0
0 55292 6 0
0 55292 7 0
0 55292 8 0
0 55292 9 0
0 55292 10 0
0 38511 11 0
0 38511 12 0
0 38511 13 0
0 38511 14 0
0 38511 15 0
0 38511 0 0
0 63449 1 0
0 63449 2 0
0 63449 3 0
0 63449 4 0
0 63449 5 0
0 63449 6 0
0 45579 7 0
0 45579 8 0
0 45579 9 0
0 45579 10 0
0 45579 11 0
0 45579 12 0
0 46012 13 0
0 46012 14 0
0 46012 15 0
