0 0 0 0
0 0 1 0
0 0 2 0
0 0 3 0
0 0 4 0
0 39036 5 0
0 39036 6 0
0 39036 7 0
0 39036 8 0
0 39036 9 0
0 39036 10 0
0 20388 11 0
0 20388 12 0
0 20388 13 0
0 20388 14 0
0 20388 15 0
0 20388 0 0
0 64120 1 0
0 64120 2 0
0 64120 3 0
0 64120 4 0
0 64120 5 0
0 64120 6 0
0 58285 7 0
0 58285 8 0
0 58285 9 0
0 58285 10 0
0 58285 11 0
0 58285 12 0
0 906 13 0
0 906 14 0
0 906 15 0
0 906 0 0
0 906 1 0
0 906 2 0
0 42551 3 0
0 42551 4 0
0 42551 5 0
0 42551 6 0
0 42551 7 0
0 42551 8 0
0 20345 9 0
0 20345 10 0
0 20345 11 0
0 20345 12 0
0 20345 13 0
0 20345 14 0
0 54277 15 0
0 54277 0 0
0 54277 1 0
0 54277 2 0
0 54277 3 0
0 54277 4 0
0 3494 5 0
0 3494 6 0
0 3494 7 0
0 3494 8 0
0 3494 9 0
0 3494 10 0
0 39152 11 0
0 39152 12 0
0 39152 13 0
0 39152 14 0
0 39152 15 0
0 39152 0 0
0 23383 1 0
0 23383 2 0
0 23383 3 0
0 23383 4 0
0 23383 5 0
0 23383 6 0
0 20535 7 0
0 20535 8 0
0 20535 9 0
0 20535 10 0
0 20535 11 0
0 20535 12 0
0 10257 13 0
0 10257 14 0
0 10257 15 0
0 10257 0 0
0 10257 1 0
0 10257 2 0
0 55204 3 0
0 55204 4 0
0 55204 5 0
0 55204 6 0
0 55204 7 0
0 55204 8 0
0 59352 9 0
0 59352 10 0
0 59352 11 0
0 59352 12 0
0 59352 13 0
0 59352 14 0
0 18174 15 0
0 18174 0 0
0 18174 1 0
0 18174 2 0
0 18174 3 0
0 18174 4 0
0 55070 5 0
0 55070 6 0
0 55070 7 0
0 55070 8 0
0 55070 9 0
0 55070 10 0
0 44509 11 0
0 44509 12 0
0 44509 13 0
0 44509 14 0
0 44509 15 0
0 44509 0 0
0 17331 1 0
0 17331 2 0
0 17331 3 0
0 17331 4 0
0 17331 5 0
0 17331 6 0
0 47130 7 0
0 47130 8 0
0 47130 9 0
0 47130 10 0
0 47130 11 0
0 47130 12 0
0 22088 13 0
0 22088 14 0
0 22088 15 0
0 22088 0 0
0 22088 1 0
0 22088 2 0
0 10804 3 0
0 10804 4 0
0 10804 5 0
0 10804 6 0
0 10804 7 0
0 10804 8 0
0 12179 9 0
0 12179 10 0
0 12179 11 0
0 12179 12 0
0 12179 13 0
0 12179 14 0
0 31759 15 0
0 31759 0 0
0 31759 1 0
0 31759 2 0
0 31759 3 0
0 31759 4 0
0 14727 5 0
0 14727 6 0
0 14727 7 0
0 14727 8 0
0 14727 9 0
0 14727 10 0
0 26505 11 0
0 26505 12 0
0 26505 13 0
0 26505 14 0
0 26505 15 0
0 26505 0 0
0 62700 1 0
0 62700 2 0
0 62700 3 0
0 62700 4 0
0 62700 5 0
0 62700 6 0
0 25097 7 0
0 25097 8 0
0 25097 9 0
0 25097 10 0
0 25097 11 0
0 25097 12 0
0 3631 13 0
0 3631 14 0
0 3631 15 0
0 3631 0 0
0 3631 1 0
0 3631 2 0
0 49311 3 0
0 49311 4 0
0 49311 5 0
0 49311 6 0
0 49311 7 0
0 49311 8 0
0 43229 9 0
0 43229 10 0
0 43229 11 0
0 43229 12 0
0 43229 13 0
0 43229 14 0
0 34643 15 0
0 34643 0 0
0 34643 1 0
0 34643 2 0
0 34643 3 0
0 34643 4 0
0 46536 5 0
0 46536 6 0
0 46536 7 0
0 46536 8 0
0 46536 9 0
0 46536 10 0
0 33119 11 0
0 33119 12 0
0 33119 13 0
0 33119 14 0
0 33119 15 0
0 33119 0 0
0 58055 1 0
0 58055 2 0
0 58055 3 0
0 58055 4 0
0 58055 5 0
0 58055 6 0
0 5030 7 0
0 5030 8 0
0 5030 9 0
0 5030 10 0
0 5030 11 0
0 5030 12 0
0 40832 13 0
0 40832 14 0
0 40832 15 0
0 40832 0 0
0 40832 1 0
0 40832 2 0
0 58428 3 0
0 58428 4 0
0 58428 5 0
0 58428 6 0
0 58428 7 0
0 58428 8 0
0 56818 9 0
0 56818 10 0
0 56818 11 0
0 56818 12 0
0 56818 13 0
0 56818 14 0
0 29206 15 0
0 29206 0 0
0 29206 1 0
0 29206 2 0
0 29206 3 0
0 29206 4 0
0 62096 5 0
0 62096 6 0
0 62096 7 0
0 62096 8 0
0 62096 9 0
0 62096 10 0
0 1946 11 0
0 1946 12 0
0 1946 13 0
0 1946 14 0
0 1946 15 0
0 1946 0 0
0 51840 1 0
0 51840 2 0
0 51840 3 0
0 51840 4 0
0 51840 5 0
0 51840 6 0
0 44164 7 0
0 44164 8 0
0 44164 9 0
0 44164 10 0
0 44164 11 0
0 44164 12 0
0 28098 13 0
0 28098 14 0
0 28098 15 0
0 28098 0 0
0 28098 1 0
0 28098 2 0
0 45729 3 0
0 45729 4 0
0 45729 5 0
0 45729 6 0
0 45729 7 0
0 45729 8 0
0 38487 9 0
0 38487 10 0
0 38487 11 0
0 38487 12 0
0 38487 13 0
0 38487 14 0
0 21330 15 0
0 21330 0 0
0 21330 1 0
0 21330 2 0
0 21330 3 0
0 21330 4 0
0 23207 5 0
0 23207 6 0
0 23207 7 0
0 23207 8 0
0 23207 9 0
0 23207 10 0
0 36842 11 0
0 36842 12 0
0 36842 13 0
0 36842 14 0
0 36842 15 0
0 36842 0 0
0 26175 1 0
0 26175 2 0
0 26175 3 0
0 26175 4 0
0 26175 5 0
0 26175 6 0
0 15568 7 0
0 15568 8 0
0 15568 9 0
0 15568 10 0
0 15568 11 0
0 15568 12 0
0 46202 13 0
0 46202 14 0
0 46202 15 0
0 46202 0 0
0 46202 1 0
0 46202 2 0
0 49542 3 0
0 49542 4 0
0 49542 5 0
0 49542 6 0
0 49542 7 0
0 49542 8 0
0 20230 9 0
0 20230 10 0
0 20230 11 0
0 20230 12 0
0 20230 13 0
0 20230 14 0
0 39557 15 0
0 39557 0 0
0 39557 1 0
0 39557 2 0
0 39557 3 0
0 39557 4 0
0 33510 5 0
0 33510 6 0
0 33510 7 0
0 33510 8 0
0 33510 9 0
0 33510 10 0
0 21980 11 0
0 21980 12 0
0 21980 13 0
0 21980 14 0
0 21980 15 0
0 21980 0 0
0 53179 1 0
0 53179 2 0
0 53179 3 0
0 53179 4 0
0 53179 5 0
0 53179 6 0
0 3629 7 0
0 3629 8 0
0 3629 9 0
0 3629 10 0
0 3629 11 0
0 3629 12 0
0 10178 13 0
0 10178 14 0
0 10178 15 0
0 10178 0 0
0 10178 1 0
0 10178 2 0
0 24354 3 0
0 24354 4 0
0 24354 5 0
0 24354 6 0
0 24354 7 0
0 24354 8 0
0 51161 9 0
0 51161 10 0
0 51161 11 0
0 51161 12 0
0 51161 13 0
0 51161 14 0
0 53964 15 0
0 53964 0 0
0 53964 1 0
0 53964 2 0
0 53964 3 0
0 53964 4 0
0 10266 5 0
0 10266 6 0
0 10266 7 0
0 10266 8 0
0 10266 9 0
0 10266 10 0
0 10075 11 0
0 10075 12 0
0 10075 13 0
0 10075 14 0
0 10075 15 0
0 10075 0 0
0 32763 1 0
0 32763 2 0
0 32763 3 0
0 32763 4 0
0 32763 5 0
0 32763 6 0
0 8833 7 0
0 8833 8 0
0 8833 9 0
0 8833 10 0
0 8833 11 0
0 8833 12 0
0 28302 13 0
0 28302 14 0
0 28302 15 0
0 28302 0 0
0 28302 1 0
0 28302 2 0
0 42469 3 0
0 42469 4 0
0 42469 5 0
0 42469 6 0
0 42469 7 0
0 42469 8 0
0 59336 9 0
0 59336 10 0
0 59336 11 0
0 59336 12 0
0 59336 13 0
0 59336 14 0
0 12862 15 0
0 12862 0 0
0 12862 1 0
0 12862 2 0
0 12862 3 0
0 12862 4 0
0 22222 5 0
0 22222 6 0
0 22222 7 0
0 22222 8 0
0 22222 9 0
0 22222 10 0
0 20918 11 0
0 20918 12 0
0 20918 13 0
0 20918 14 0
0 20918 15 0
0 20918 0 0
0 6337 1 0
0 6337 2 0
0 6337 3 0
0 6337 4 0
0 6337 5 0
0 6337 6 0
0 57396 7 0
0 57396 8 0
0 57396 9 0
0 57396 10 0
0 57396 11 0
0 57396 12 0
0 34101 13 0
0 34101 14 0
0 34101 15 0
0 34101 0 0
0 34101 1 0
0 34101 2 0
0 28023 3 0
0 28023 4 0
0 28023 5 0
0 28023 6 0
0 28023 7 0
0 28023 8 0
0 7979 9 0
0 7979 10 0
0 7979 11 0
0 7979 12 0
0 7979 13 0
0 7979 14 0
0 64697 15 0
0 64697 0 0
0 64697 1 0
0 64697 2 0
0 64697 3 0
0 64697 4 0
0 9603 5 0
0 9603 6 0
0 9603 7 0
0 9603 8 0
0 9603 9 0
0 9603 10 0
0 2205 11 0
0 2205 12 0
0 2205 13 0
0 2205 14 0
0 2205 15 0
0 2205 0 0
0 6393 1 0
0 6393 2 0
0 6393 3 0
0 6393 4 0
0 6393 5 0
0 6393 6 0
0 24655 7 0
0 24655 8 0
0 24655 9 0
0 24655 10 0
0 24655 11 0
0 24655 12 0
0 22457 13 0
0 22457 14 0
0 22457 15 0
0 22457 0 0
0 22457 1 0
0 22457 2 0
0 64562 3 0
0 64562 4 0
0 64562 5 0
0 64562 6 0
0 64562 7 0
0 64562 8 0
0 26119 9 0
0 26119 10 0
0 26119 11 0
0 26119 12 0
0 26119 13 0
0 26119 14 0
0 38129 15 0
0 38129 0 0
0 38129 1 0
0 38129 2 0
0 38129 3 0
0 38129 4 0
0 11487 5 0
0 11487 6 0
0 11487 7 0
0 11487 8 0
0 11487 9 0
0 11487 10 0
0 19705 11 0
0 19705 12 0
0 19705 13 0
0 19705 14 0
0 19705 15 0
0 19705 0 0
0 48850 1 0
0 48850 2 0
0 48850 3 0
0 48850 4 0
0 48850 5 0
0 48850 6 0
0 107 7 0
0 107 8 0
0 107 9 0
0 107 10 0
0 107 11 0
0 107 12 0
0 43831 13 0
0 43831 14 0
0 43831 15 0
0 43831 0 0
0 43831 1 0
0 43831 2 0
0 40606 3 0
0 40606 4 0
0 40606 5 0
0 40606 6 0
0 40606 7 0
0 40606 8 0
0 29646 9 0
0 29646 10 0
0 29646 11 0
0 29646 12 0
0 29646 13 0
0 29646 14 0
0 39818 15 0
0 39818 0 0
0 39818 1 0
0 39818 2 0
0 39818 3 0
0 39818 4 0
0 1596 5 0
0 1596 6 0
0 1596 7 0
0 1596 8 0
0 1596 9 0
0 1596 10 0
0 54081 11 0
0 54081 12 0
0 54081 13 0
0 54081 14 0
0 54081 15 0
0 54081 0 0
0 46404 1 0
0 46404 2 0
0 46404 3 0
0 46404 4 0
0 46404 5 0
0 46404 6 0
0 9291 7 0
0 9291 8 0
0 9291 9 0
0 9291 10 0
0 9291 11 0
0 9291 12 0
0 43086 13 0
0 43086 14 0
0 43086 15 0
0 43086 0 0
0 43086 1 0
0 43086 2 0
0 36694 3 0
0 36694 4 0
0 36694 5 0
0 36694 6 0
0 36694 7 0
0 36694 8 0
0 45347 9 0
0 45347 10 0
0 45347 11 0
0 45347 12 0
0 45347 13 0
0 45347 14 0
0 13165 15 0
0 13165 0 0
0 13165 1 0
0 13165 2 0
0 13165 3 0
0 13165 4 0
0 39373 5 0
0 39373 6 0
0 39373 7 0
0 39373 8 0
0 39373 9 0
0 39373 10 0
0 19541 11 0
0 19541 12 0
0 19541 13 0
0 19541 14 0
0 19541 15 0
0 19541 0 0
0 46151 1 0
0 46151 2 0
0 46151 3 0
0 46151 4 0
0 46151 5 0
0 46151 6 0
0 5027 7 0
0 5027 8 0
0 5027 9 0
0 5027 10 0
0 5027 11 0
0 5027 12 0
0 1900 13 0
0 1900 14 0
0 1900 15 0
0 1900 0 0
0 1900 1 0
0 1900 2 0
0 52491 3 0
0 52491 4 0
0 52491 5 0
0 52491 6 0
0 52491 7 0
0 52491 8 0
0 1110 9 0
0 1110 10 0
0 1110 11 0
0 1110 12 0
0 1110 13 0
0 1110 14 0
0 56619 15 0
0 56619 0 0
0 56619 1 0
0 56619 2 0
0 56619 3 0
0 56619 4 0
0 30599 5 0
0 30599 6 0
0 30599 7 0
0 30599 8 0
0 30599 9 0
0 30599 10 0
0 56446 11 0
0 56446 12 0
0 56446 13 0
0 56446 14 0
0 56446 15 0
0 56446 0 0
0 60951 1 0
0 60951 2 0
0 60951 3 0
0 60951 4 0
0 60951 5 0
0 60951 6 0
0 38522 7 0
0 38522 8 0
0 38522 9 0
0 38522 10 0
0 38522 11 0
0 38522 12 0
0 553 13 0
0 553 14 0
0 553 15 0
0 553 0 0
0 553 1 0
0 553 2 0
0 23003 3 0
0 23003 4 0
0 23003 5 0
0 23003 6 0
0 23003 7 0
0 23003 8 0
0 59546 9 0
0 59546 10 0
0 59546 11 0
0 59546 12 0
0 59546 13 0
0 59546 14 0
0 8853 15 0
0 8853 0 0
0 8853 1 0
0 8853 2 0
0 8853 3 0
0 8853 4 0
0 1794 5 0
0 1794 6 0
0 1794 7 0
0 1794 8 0
0 1794 9 0
0 1794 10 0
0 5731 11 0
0 5731 12 0
0 5731 13 0
0 5731 14 0
0 5731 15 0
0 5731 0 0
0 11913 1 0
0 11913 2 0
0 11913 3 0
0 11913 4 0
0 11913 5 0
0 11913 6 0
0 16693 7 0
0 16693 8 0
0 16693 9 0
0 16693 10 0
0 16693 11 0
0 16693 12 0
0 51562 13 0
0 51562 14 0
0 51562 15 0
0 51562 0 0
0 51562 1 0
0 51562 2 0
0 50287 3 0
0 50287 4 0
0 50287 5 0
0 50287 6 0
0 50287 7 0
0 50287 8 0
0 22971 9 0
0 22971 10 0
0 22971 11 0
0 22971 12 0
0 22971 13 0
0 22971 14 0
0 28820 15 0
0 28820 0 0
0 28820 1 0
0 28820 2 0
0 28820 3 0
0 28820 4 0
0 14091 5 0
0 14091 6 0
0 14091 7 0
0 14091 8 0
0 14091 9 0
0 14091 10 0
0 3907 11 0
0 3907 12 0
0 3907 13 0
0 3907 14 0
0 3907 15 0
0 3907 0 0
0 5359 1 0
0 5359 2 0
0 5359 3 0
0 5359 4 0
0 5359 5 0
0 5359 6 0
0 51708 7 0
0 51708 8 0
0 51708 9 0
0 51708 10 0
0 51708 11 0
0 51708 12 0
0 53133 13 0
0 53133 14 0
0 53133 15 0
0 53133 0 0
0 53133 1 0
0 53133 2 0
0 37091 3 0
0 37091 4 0
0 37091 5 0
0 37091 6 0
0 37091 7 0
0 37091 8 0
0 22434 9 0
0 22434 10 0
0 22434 11 0
0 22434 12 0
0 22434 13 0
0 22434 14 0
0 49845 15 0
0 49845 0 0
0 49845 1 0
0 49845 2 0
0 49845 3 0
0 49845 4 0
0 3447 5 0
0 3447 6 0
0 3447 7 0
0 3447 8 0
0 3447 9 0
0 3447 10 0
0 41791 11 0
0 41791 12 0
0 41791 13 0
0 41791 14 0
0 41791 15 0
0 41791 0 0
0 55045 1 0
0 55045 2 0
0 55045 3 0
0 55045 4 0
0 55045 5 0
0 55045 6 0
0 26344 7 0
0 26344 8 0
0 26344 9 0
0 26344 10 0
0 26344 11 0
0 26344 12 0
0 46697 13 0
0 46697 14 0
0 46697 15 0
0 46697 0 0
0 46697 1 0
0 46697 2 0
0 32251 3 0
0 32251 4 0
0 32251 5 0
0 32251 6 0
0 32251 7 0
0 32251 8 0
0 4226 9 0
0 4226 10 0
0 4226 11 0
0 4226 12 0
0 4226 13 0
0 4226 14 0
0 54420 15 0
0 54420 0 0
0 54420 1 0
0 54420 2 0
0 54420 3 0
0 54420 4 0
0 64545 5 0
0 64545 6 0
0 64545 7 0
0 64545 8 0
0 64545 9 0
0 64545 10 0
0 6251 11 0
0 6251 12 0
0 6251 13 0
0 6251 14 0
0 6251 15 0
0 6251 0 0
0 26211 1 0
0 26211 2 0
0 26211 3 0
0 26211 4 0
0 26211 5 0
0 26211 6 0
0 44340 7 0
0 44340 8 0
0 44340 9 0
0 44340 10 0
0 44340 11 0
0 44340 12 0
0 59994 13 0
0 59994 14 0
0 59994 15 0
0 59994 0 0
0 59994 1 0
0 59994 2 0
0 24122 3 0
0 24122 4 0
0 24122 5 0
0 24122 6 0
0 24122 7 0
0 24122 8 0
0 25847 9 0
0 25847 10 0
0 25847 11 0
0 25847 12 0
0 25847 13 0
0 25847 14 0
0 27834 15 0
0 27834 0 0
0 27834 1 0
0 27834 2 0
0 27834 3 0
0 27834 4 0
0 4676 5 0
0 4676 6 0
0 4676 7 0
0 4676 8 0
0 4676 9 0
0 4676 10 0
0 26218 11 0
0 26218 12 0
0 26218 13 0
0 26218 14 0
0 26218 15 0
0 26218 0 0
0 15621 1 0
0 15621 2 0
0 15621 3 0
0 15621 4 0
0 15621 5 0
0 15621 6 0
0 38490 7 0
0 38490 8 0
0 38490 9 0
0 38490 10 0
0 38490 11 0
0 38490 12 0
0 42407 13 0
0 42407 14 0
0 42407 15 0
0 42407 0 0
0 42407 1 0
0 42407 2 0
0 43247 3 0
0 43247 4 0
0 43247 5 0
0 43247 6 0
0 43247 7 0
0 43247 8 0
0 39944 9 0
0 39944 10 0
0 39944 11 0
0 39944 12 0
0 39944 13 0
0 39944 14 0
0 18859 15 0
0 18859 0 0
0 18859 1 0
0 18859 2 0
0 18859 3 0
0 18859 4 0
0 23658 5 0
0 23658 6 0
0 23658 7 0
0 23658 8 0
0 23658 9 0
0 23658 10 0
0 54406 11 0
0 54406 12 0
0 54406 13 0
0 54406 14 0
0 54406 15 0
0 54406 0 0
0 36137 1 0
0 36137 2 0
0 36137 3 0
0 36137 4 0
0 36137 5 0
0 36137 6 0
0 7243 7 0
0 7243 8 0
0 7243 9 0
0 7243 10 0
0 7243 11 0
0 7243 12 0
0 50146 13 0
0 50146 14 0
0 50146 15 0
0 50146 0 0
0 50146 1 0
0 50146 2 0
0 14484 3 0
0 14484 4 0
0 14484 5 0
0 14484 6 0
0 14484 7 0
0 14484 8 0
0 65233 9 0
0 65233 10 0
0 65233 11 0
0 65233 12 0
0 65233 13 0
0 65233 14 0
0 21273 15 0
0 21273 0 0
0 21273 1 0
0 21273 2 0
0 21273 3 0
0 21273 4 0
0 49806 5 0
0 49806 6 0
0 49806 7 0
0 49806 8 0
0 49806 9 0
0 49806 10 0
0 29094 11 0
0 29094 12 0
0 29094 13 0
0 29094 14 0
0 29094 15 0
0 29094 0 0
0 53742 1 0
0 53742 2 0
0 53742 3 0
0 53742 4 0
0 53742 5 0
0 53742 6 0
0 50744 7 0
0 50744 8 0
0 50744 9 0
0 50744 10 0
0 50744 11 0
0 50744 12 0
0 16873 13 0
0 16873 14 0
0 16873 15 0
0 16873 0 0
0 16873 1 0
0 16873 2 0
0 58007 3 0
0 58007 4 0
0 58007 5 0
0 58007 6 0
0 58007 7 0
0 58007 8 0
0 47532 9 0
0 47532 10 0
0 47532 11 0
0 47532 12 0
0 47532 13 0
0 47532 14 0
0 6030 15 0
0 6030 0 0
0 6030 1 0
0 6030 2 0
0 6030 3 0
0 6030 4 0
0 29847 5 0
0 29847 6 0
0 29847 7 0
0 29847 8 0
0 29847 9 0
0 29847 10 0
0 28288 11 0
0 28288 12 0
0 28288 13 0
0 28288 14 0
0 28288 15 0
0 28288 0 0
0 52373 1 0
0 52373 2 0
0 52373 3 0
0 52373 4 0
0 52373 5 0
0 52373 6 0
0 63731 7 0
0 63731 8 0
0 63731 9 0
0 63731 10 0
0 63731 11 0
0 63731 12 0
0 29392 13 0
0 29392 14 0
0 29392 15 0
0 29392 0 0
0 29392 1 0
0 29392 2 0
0 10255 3 0
0 10255 4 0
0 10255 5 0
0 10255 6 0
0 10255 7 0
0 10255 8 0
0 14554 9 0
0 14554 10 0
0 14554 11 0
0 14554 12 0
0 14554 13 0
0 14554 14 0
0 20091 15 0
0 20091 0 0
0 20091 1 0
0 20091 2 0
0 20091 3 0
0 20091 4 0
0 21655 5 0
0 21655 6 0
0 21655 7 0
0 21655 8 0
0 21655 9 0
0 21655 10 0
0 39758 11 0
0 39758 12 0
0 39758 13 0
0 39758 14 0
0 39758 15 0
0 39758 0 0
0 3692 1 0
0 3692 2 0
0 3692 3 0
0 3692 4 0
0 3692 5 0
0 3692 6 0
0 41830 7 0
0 41830 8 0
0 41830 9 0
0 41830 10 0
0 41830 11 0
0 41830 12 0
0 14914 13 0
0 14914 14 0
0 14914 15 0
0 14914 0 0
0 14914 1 0
0 14914 2 0
0 17197 3 0
0 17197 4 0
0 17197 5 0
0 17197 6 0
0 17197 7 0
0 17197 8 0
0 23553 9 0
0 23553 10 0
0 23553 11 0
0 23553 12 0
0 23553 13 0
0 23553 14 0
0 54540 15 0
0 54540 0 0
0 54540 1 0
0 54540 2 0
0 54540 3 0
0 54540 4 0
0 33608 5 0
0 33608 6 0
0 33608 7 0
0 33608 8 0
0 33608 9 0
0 33608 10 0
0 1730 11 0
0 1730 12 0
0 1730 13 0
0 1730 14 0
0 1730 15 0
0 1730 0 0
0 48029 1 0
0 48029 2 0
0 48029 3 0
0 48029 4 0
0 48029 5 0
0 48029 6 0
0 18050 7 0
0 18050 8 0
0 18050 9 0
0 18050 10 0
0 18050 11 0
0 18050 12 0
0 5831 13 0
0 5831 14 0
0 5831 15 0
0 5831 0 0
0 5831 1 0
0 5831 2 0
0 28333 3 0
0 28333 4 0
0 28333 5 0
0 28333 6 0
0 28333 7 0
0 28333 8 0
0 58294 9 0
0 58294 10 0
0 58294 11 0
0 58294 12 0
0 58294 13 0
0 58294 14 0
0 35396 15 0
0 35396 0 0
0 35396 1 0
0 35396 2 0
0 35396 3 0
0 35396 4 0
0 54625 5 0
0 54625 6 0
0 54625 7 0
0 54625 8 0
0 54625 9 0
0 54625 10 0
0 7860 11 0
0 7860 12 0
0 7860 13 0
0 7860 14 0
0 7860 15 0
0 7860 0 0
0 32659 1 0
0 32659 2 0
0 32659 3 0
0 32659 4 0
0 32659 5 0
0 32659 6 0
0 34898 7 0
0 34898 8 0
0 34898 9 0
0 34898 10 0
0 34898 11 0
0 34898 12 0
0 25323 13 0
0 25323 14 0
0 25323 15 0
0 25323 0 0
0 25323 1 0
0 25323 2 0
0 44200 3 0
0 44200 4 0
0 44200 5 0
0 44200 6 0
0 44200 7 0
0 44200 8 0
0 13766 9 0
0 13766 10 0
0 13766 11 0
0 13766 12 0
0 13766 13 0
0 13766 14 0
0 35139 15 0
0 35139 0 0
0 35139 1 0
0 35139 2 0
0 35139 3 0
0 35139 4 0
0 64497 5 0
0 64497 6 0
0 64497 7 0
0 64497 8 0
0 64497 9 0
0 64497 10 0
0 48641 11 0
0 48641 12 0
0 48641 13 0
0 48641 14 0
0 48641 15 0
0 48641 0 0
0 38512 1 0
0 38512 2 0
0 38512 3 0
0 38512 4 0
0 38512 5 0
0 38512 6 0
0 7619 7 0
0 7619 8 0
0 7619 9 0
0 7619 10 0
0 7619 11 0
0 7619 12 0
0 34716 13 0
0 34716 14 0
0 34716 15 0
0 34716 0 0
0 34716 1 0
0 34716 2 0
0 14123 3 0
0 14123 4 0
0 14123 5 0
0 14123 6 0
0 14123 7 0
0 14123 8 0
0 47077 9 0
0 47077 10 0
0 47077 11 0
0 47077 12 0
0 47077 13 0
0 47077 14 0
0 37312 15 0
0 37312 0 0
0 37312 1 0
0 37312 2 0
0 37312 3 0
0 37312 4 0
0 25527 5 0
0 25527 6 0
0 25527 7 0
0 25527 8 0
0 25527 9 0
0 25527 10 0
0 44635 11 0
0 44635 12 0
0 44635 13 0
0 44635 14 0
0 44635 15 0
0 44635 0 0
0 30487 1 0
0 30487 2 0
0 30487 3 0
0 30487 4 0
0 30487 5 0
0 30487 6 0
0 31612 7 0
0 31612 8 0
0 31612 9 0
0 31612 10 0
0 31612 11 0
0 31612 12 0
0 26117 13 0
0 26117 14 0
0 26117 15 0
0 26117 0 0
0 26117 1 0
0 26117 2 0
0 24643 3 0
0 24643 4 0
0 24643 5 0
0 24643 6 0
0 24643 7 0
0 24643 8 0
0 49604 9 0
0 49604 10 0
0 49604 11 0
0 49604 12 0
0 49604 13 0
0 49604 14 0
0 15948 15 0
0 15948 0 0
0 15948 1 0
0 15948 2 0
0 15948 3 0
0 15948 4 0
0 32956 5 0
0 32956 6 0
0 32956 7 0
0 32956 8 0
0 32956 9 0
0 32956 10 0
0 22136 11 0
0 22136 12 0
0 22136 13 0
0 22136 14 0
0 22136 15 0
0 22136 0 0
0 45395 1 0
0 45395 2 0
0 45395 3 0
0 45395 4 0
0 45395 5 0
0 45395 6 0
0 51206 7 0
0 51206 8 0
0 51206 9 0
0 51206 10 0
0 51206 11 0
0 51206 12 0
0 3521 13 0
0 3521 14 0
0 3521 15 0
0 3521 0 0
0 3521 1 0
0 3521 2 0
0 5732 3 0
0 5732 4 0
0 5732 5 0
0 5732 6 0
0 5732 7 0
0 5732 8 0
0 56848 9 0
0 56848 10 0
0 56848 11 0
0 56848 12 0
0 56848 13 0
0 56848 14 0
0 14355 15 0
0 14355 0 0
0 14355 1 0
0 14355 2 0
0 14355 3 0
0 14355 4 0
0 33284 5 0
0 33284 6 0
0 33284 7 0
0 33284 8 0
0 33284 9 0
0 33284 10 0
0 26344 11 0
0 26344 12 0
0 26344 13 0
0 26344 14 0
0 26344 15 0
0 26344 0 0
0 39400 1 0
0 39400 2 0
0 39400 3 0
0 39400 4 0
0 39400 5 0
0 39400 6 0
0 11248 7 0
0 11248 8 0
0 11248 9 0
0 11248 10 0
0 11248 11 0
0 11248 12 0
0 13707 13 0
0 13707 14 0
0 13707 15 0
0 13707 0 0
0 13707 1 0
0 13707 2 0
0 55337 3 0
0 55337 4 0
0 55337 5 0
0 55337 6 0
0 55337 7 0
0 55337 8 0
0 46258 9 0
0 46258 10 0
0 46258 11 0
0 46258 12 0
0 46258 13 0
0 46258 14 0
0 23523 15 0
0 23523 0 0
0 23523 1 0
0 23523 2 0
0 23523 3 0
0 23523 4 0
0 19320 5 0
0 19320 6 0
0 19320 7 0
0 19320 8 0
0 19320 9 0
0 19320 10 0
0 15978 11 0
0 15978 12 0
0 15978 13 0
0 15978 14 0
0 15978 15 0
0 15978 0 0
0 37632 1 0
0 37632 2 0
0 37632 3 0
0 37632 4 0
0 37632 5 0
0 37632 6 0
0 38626 7 0
0 38626 8 0
0 38626 9 0
0 38626 10 0
0 38626 11 0
0 38626 12 0
0 22802 13 0
0 22802 14 0
0 22802 15 0
0 22802 0 0
0 22802 1 0
0 22802 2 0
0 63706 3 0
0 63706 4 0
0 63706 5 0
0 63706 6 0
0 63706 7 0
0 63706 8 0
0 38596 9 0
0 38596 10 0
0 38596 11 0
0 38596 12 0
0 38596 13 0
0 38596 14 0
0 32387 15 0
0 32387 0 0
0 32387 1 0
0 32387 2 0
0 32387 3 0
0 32387 4 0
0 31528 5 0
0 31528 6 0
0 31528 7 0
0 31528 8 0
0 31528 9 0
0 31528 10 0
0 10182 11 0
0 10182 12 0
0 10182 13 0
0 10182 14 0
0 10182 15 0
0 10182 0 0
0 62600 1 0
0 62600 2 0
0 62600 3 0
0 62600 4 0
0 62600 5 0
0 62600 6 0
0 25262 7 0
0 25262 8 0
0 25262 9 0
0 25262 10 0
0 25262 11 0
0 25262 12 0
0 46962 13 0
0 46962 14 0
0 46962 15 0
0 46962 0 0
0 46962 1 0
0 46962 2 0
0 55899 3 0
0 55899 4 0
0 55899 5 0
0 55899 6 0
0 55899 7 0
0 55899 8 0
0 35201 9 0
0 35201 10 0
0 35201 11 0
0 35201 12 0
0 35201 13 0
0 35201 14 0
0 42953 15 0
0 42953 0 0
0 42953 1 0
0 42953 2 0
0 42953 3 0
0 42953 4 0
0 13539 5 0
0 13539 6 0
0 13539 7 0
0 13539 8 0
0 13539 9 0
0 13539 10 0
0 18409 11 0
0 18409 12 0
0 18409 13 0
0 18409 14 0
0 18409 15 0
0 18409 0 0
0 60762 1 0
0 60762 2 0
0 60762 3 0
0 60762 4 0
0 60762 5 0
0 60762 6 0
0 46037 7 0
0 46037 8 0
0 46037 9 0
0 46037 10 0
0 46037 11 0
0 46037 12 0
0 16996 13 0
0 16996 14 0
0 16996 15 0
0 16996 0 0
0 16996 1 0
0 16996 2 0
0 8217 3 0
0 8217 4 0
0 8217 5 0
0 8217 6 0
0 8217 7 0
0 8217 8 0
0 60412 9 0
0 60412 10 0
0 60412 11 0
0 60412 12 0
0 60412 13 0
0 60412 14 0
0 52566 15 0
0 52566 0 0
0 52566 1 0
0 52566 2 0
0 52566 3 0
0 52566 4 0
0 63192 5 0
0 63192 6 0
0 63192 7 0
0 63192 8 0
0 63192 9 0
0 63192 10 0
0 41797 11 0
0 41797 12 0
0 41797 13 0
0 41797 14 0
0 41797 15 0
0 41797 0 0
0 40838 1 0
0 40838 2 0
0 40838 3 0
0 40838 4 0
0 40838 5 0
0 40838 6 0
0 63454 7 0
0 63454 8 0
0 63454 9 0
0 63454 10 0
0 63454 11 0
0 63454 12 0
0 18475 13 0
0 18475 14 0
0 18475 15 0
0 18475 0 0
0 18475 1 0
0 18475 2 0
0 37146 3 0
0 37146 4 0
0 37146 5 0
0 37146 6 0
0 37146 7 0
0 37146 8 0
0 5980 9 0
0 5980 10 0
0 5980 11 0
0 5980 12 0
0 5980 13 0
0 5980 14 0
0 53827 15 0
0 53827 0 0
0 53827 1 0
0 53827 2 0
0 53827 3 0
0 53827 4 0
0 8694 5 0
0 8694 6 0
0 8694 7 0
0 8694 8 0
0 8694 9 0
0 8694 10 0
0 60763 11 0
0 60763 12 0
0 60763 13 0
0 60763 14 0
0 60763 15 0
0 60763 0 0
0 23266 1 0
0 23266 2 0
0 23266 3 0
0 23266 4 0
0 23266 5 0
0 23266 6 0
0 8931 7 0
0 8931 8 0
0 8931 9 0
0 8931 10 0
0 8931 11 0
0 8931 12 0
0 14798 13 0
0 14798 14 0
0 14798 15 0
0 14798 0 0
0 14798 1 0
0 14798 2 0
0 51628 3 0
0 51628 4 0
0 51628 5 0
0 51628 6 0
0 51628 7 0
0 51628 8 0
0 30312 9 0
0 30312 10 0
0 30312 11 0
0 30312 12 0
0 30312 13 0
0 30312 14 0
0 38256 15 0
0 38256 0 0
0 38256 1 0
0 38256 2 0
0 38256 3 0
0 38256 4 0
0 14056 5 0
0 14056 6 0
0 14056 7 0
0 14056 8 0
0 14056 9 0
0 14056 10 0
0 55749 11 0
0 55749 12 0
0 55749 13 0
0 55749 14 0
0 55749 15 0
0 55749 0 0
0 38706 1 0
0 38706 2 0
0 38706 3 0
0 38706 4 0
0 38706 5 0
0 38706 6 0
0 4080 7 0
0 4080 8 0
0 4080 9 0
0 4080 10 0
0 4080 11 0
0 4080 12 0
0 6427 13 0
0 6427 14 0
0 6427 15 0
0 6427 0 0
0 6427 1 0
0 6427 2 0
0 52988 3 0
0 52988 4 0
0 52988 5 0
0 52988 6 0
0 52988 7 0
0 52988 8 0
0 54054 9 0
0 54054 10 0
0 54054 11 0
0 54054 12 0
0 54054 13 0
0 54054 14 0
0 48205 15 0
0 48205 0 0
0 48205 1 0
0 48205 2 0
0 48205 3 0
0 48205 4 0
0 29796 5 0
0 29796 6 0
0 29796 7 0
0 29796 8 0
0 29796 9 0
0 29796 10 0
0 32164 11 0
0 32164 12 0
0 32164 13 0
0 32164 14 0
0 32164 15 0
0 32164 0 0
0 21371 1 0
0 21371 2 0
0 21371 3 0
0 21371 4 0
0 21371 5 0
0 21371 6 0
0 14207 7 0
0 14207 8 0
0 14207 9 0
0 14207 10 0
0 14207 11 0
0 14207 12 0
0 15291 13 0
0 15291 14 0
0 15291 15 0
0 15291 0 0
0 15291 1 0
0 15291 2 0
0 19059 3 0
0 19059 4 0
0 19059 5 0
0 19059 6 0
0 19059 7 0
0 19059 8 0
0 38791 9 0
0 38791 10 0
0 38791 11 0
0 38791 12 0
0 38791 13 0
0 38791 14 0
0 46967 15 0
0 46967 0 0
0 46967 1 0
0 46967 2 0
0 46967 3 0
0 46967 4 0
0 63622 5 0
0 63622 6 0
0 63622 7 0
0 63622 8 0
0 63622 9 0
0 63622 10 0
0 32270 11 0
0 32270 12 0
0 32270 13 0
0 32270 14 0
0 32270 15 0
0 32270 0 0
0 56633 1 0
0 56633 2 0
0 56633 3 0
0 56633 4 0
0 56633 5 0
0 56633 6 0
0 19541 7 0
0 19541 8 0
0 19541 9 0
0 19541 10 0
0 19541 11 0
0 19541 12 0
0 24497 13 0
0 24497 14 0
0 24497 15 0
0 24497 0 0
0 24497 1 0
0 24497 2 0
0 44781 3 0
0 44781 4 0
0 44781 5 0
0 44781 6 0
0 44781 7 0
0 44781 8 0
0 23774 9 0
0 23774 10 0
0 23774 11 0
0 23774 12 0
0 23774 13 0
0 23774 14 0
0 2852 15 0
0 2852 0 0
0 2852 1 0
0 2852 2 0
0 2852 3 0
0 2852 4 0
0 43875 5 0
0 43875 6 0
0 43875 7 0
0 43875 8 0
0 43875 9 0
0 43875 10 0
0 19637 11 0
0 19637 12 0
0 19637 13 0
0 19637 14 0
0 19637 15 0
0 19637 0 0
0 13481 1 0
0 13481 2 0
0 13481 3 0
0 13481 4 0
0 13481 5 0
0 13481 6 0
0 41222 7 0
0 41222 8 0
0 41222 9 0
0 41222 10 0
0 41222 11 0
0 41222 12 0
0 32489 13 0
0 32489 14 0
0 32489 15 0
0 32489 0 0
0 32489 1 0
0 32489 2 0
0 13394 3 0
0 13394 4 0
0 13394 5 0
0 13394 6 0
0 13394 7 0
0 13394 8 0
0 13621 9 0
0 13621 10 0
0 13621 11 0
0 13621 12 0
0 13621 13 0
0 13621 14 0
0 62589 15 0
0 62589 0 0
0 62589 1 0
0 62589 2 0
0 62589 3 0
0 62589 4 0
0 64681 5 0
0 64681 6 0
0 64681 7 0
0 64681 8 0
0 64681 9 0
0 64681 10 0
0 37546 11 0
0 37546 12 0
0 37546 13 0
0 37546 14 0
0 37546 15 0
0 37546 0 0
0 43928 1 0
0 43928 2 0
0 43928 3 0
0 43928 4 0
0 43928 5 0
0 43928 6 0
0 11876 7 0
0 11876 8 0
0 11876 9 0
0 11876 10 0
0 11876 11 0
0 11876 12 0
0 27364 13 0
0 27364 14 0
0 27364 15 0
0 27364 0 0
0 27364 1 0
0 27364 2 0
0 5417 3 0
0 5417 4 0
0 5417 5 0
0 5417 6 0
0 5417 7 0
0 5417 8 0
0 52951 9 0
0 52951 10 0
0 52951 11 0
0 52951 12 0
0 52951 13 0
0 52951 14 0
0 33938 15 0
0 33938 0 0
0 33938 1 0
0 33938 2 0
0 33938 3 0
0 33938 4 0
0 44572 5 0
0 44572 6 0
0 44572 7 0
0 44572 8 0
0 44572 9 0
0 44572 10 0
0 28805 11 0
0 28805 12 0
0 28805 13 0
0 28805 14 0
0 28805 15 0
0 28805 0 0
0 44601 1 0
0 44601 2 0
0 44601 3 0
0 44601 4 0
0 44601 5 0
0 44601 6 0
0 34125 7 0
0 34125 8 0
0 34125 9 0
0 34125 10 0
0 34125 11 0
0 34125 12 0
0 8702 13 0
0 8702 14 0
0 8702 15 0
0 8702 0 0
0 8702 1 0
0 8702 2 0
0 59003 3 0
0 59003 4 0
0 59003 5 0
0 59003 6 0
0 59003 7 0
0 59003 8 0
0 16687 9 0
0 16687 10 0
0 16687 11 0
0 16687 12 0
0 16687 13 0
0 16687 14 0
0 5012 15 0
0 5012 0 0
0 5012 1 0
0 5012 2 0
0 5012 3 0
0 5012 4 0
0 12694 5 0
0 12694 6 0
0 12694 7 0
0 12694 8 0
0 12694 9 0
0 12694 10 0
0 57573 11 0
0 57573 12 0
0 57573 13 0
0 57573 14 0
0 57573 15 0
0 57573 0 0
0 36832 1 0
0 36832 2 0
0 36832 3 0
0 36832 4 0
0 36832 5 0
0 36832 6 0
0 43879 7 0
0 43879 8 0
0 43879 9 0
0 43879 10 0
0 43879 11 0
0 43879 12 0
0 33321 13 0
0 33321 14 0
0 33321 15 0
