0 0 0 0
0 0 1 0
0 0 2 0
0 0 3 0
0 0 4 0
0 16350 5 0
0 16350 6 0
0 16350 7 0
0 16350 8 0
0 16350 9 0
0 16350 10 0
0 62681 11 0
0 62681 12 0
0 62681 13 0
0 62681 14 0
0 62681 15 0
0 62681 0 0
0 42572 1 0
0 42572 2 0
0 42572 3 0
0 42572 4 0
0 42572 5 0
0 42572 6 0
0 37997 7 0
0 37997 8 0
0 37997 9 0
0 37997 10 0
0 37997 11 0
0 37997 12 0
0 26191 13 0
0 26191 14 0
0 26191 15 0
0 26191 0 0
0 26191 1 0
0 26191 2 0
0 29176 3 0
0 29176 4 0
0 29176 5 0
0 29176 6 0
0 29176 7 0
0 29176 8 0
0 8245 9 0
0 8245 10 0
0 8245 11 0
0 8245 12 0
0 8245 13 0
0 8245 14 0
0 25049 15 0
0 25049 0 0
0 25049 1 0
0 25049 2 0
0 25049 3 0
0 25049 4 0
0 44087 5 0
0 44087 6 0
0 44087 7 0
0 44087 8 0
0 44087 9 0
0 44087 10 0
0 33966 11 0
0 33966 12 0
0 33966 13 0
0 33966 14 0
0 33966 15 0
0 33966 0 0
0 1036 1 0
0 1036 2 0
0 1036 3 0
0 1036 4 0
0 1036 5 0
0 1036 6 0
0 28869 7 0
0 28869 8 0
0 28869 9 0
0 28869 10 0
0 28869 11 0
0 28869 12 0
0 62167 13 0
0 62167 14 0
0 62167 15 0
0 62167 0 0
0 62167 1 0
0 62167 2 0
0 54117 3 0
0 54117 4 0
0 54117 5 0
0 54117 6 0
0 54117 7 0
0 54117 8 0
0 57327 9 0
0 57327 10 0
0 57327 11 0
0 57327 12 0
0 57327 13 0
0 57327 14 0
0 44106 15 0
0 44106 0 0
0 44106 1 0
0 44106 2 0
0 44106 3 0
0 44106 4 0
0 17657 5 0
0 17657 6 0
0 17657 7 0
0 17657 8 0
0 17657 9 0
0 17657 10 0
0 64821 11 0
0 64821 12 0
0 64821 13 0
0 64821 14 0
0 64821 15 0
0 64821 0 0
0 18430 1 0
0 18430 2 0
0 18430 3 0
0 18430 4 0
0 18430 5 0
0 18430 6 0
0 9874 7 0
0 9874 8 0
0 9874 9 0
0 9874 10 0
0 9874 11 0
0 9874 12 0
0 33273 13 0
0 33273 14 0
0 33273 15 0
0 33273 0 0
0 33273 1 0
0 33273 2 0
0 25811 3 0
0 25811 4 0
0 25811 5 0
0 25811 6 0
0 25811 7 0
0 25811 8 0
0 45853 9 0
0 45853 10 0
0 45853 11 0
0 45853 12 0
0 45853 13 0
0 45853 14 0
0 42505 15 0
0 42505 0 0
0 42505 1 0
0 42505 2 0
0 42505 3 0
0 42505 4 0
0 37098 5 0
0 37098 6 0
0 37098 7 0
0 37098 8 0
0 37098 9 0
0 37098 10 0
0 11060 11 0
0 11060 12 0
0 11060 13 0
0 11060 14 0
0 11060 15 0
0 11060 0 0
0 53955 1 0
0 53955 2 0
0 53955 3 0
0 53955 4 0
0 53955 5 0
0 53955 6 0
0 11344 7 0
0 11344 8 0
0 11344 9 0
0 11344 10 0
0 11344 11 0
0 11344 12 0
0 53260 13 0
0 53260 14 0
0 53260 15 0
0 53260 0 0
0 53260 1 0
0 53260 2 0
0 30562 3 0
0 30562 4 0
0 30562 5 0
0 30562 6 0
0 30562 7 0
0 30562 8 0
0 33199 9 0
0 33199 10 0
0 33199 11 0
0 33199 12 0
0 33199 13 0
0 33199 14 0
0 21325 15 0
0 21325 0 0
0 21325 1 0
0 21325 2 0
0 21325 3 0
0 21325 4 0
0 17684 5 0
0 17684 6 0
0 17684 7 0
0 17684 8 0
0 17684 9 0
0 17684 10 0
0 30950 11 0
0 30950 12 0
0 30950 13 0
0 30950 14 0
0 30950 15 0
0 30950 0 0
0 24337 1 0
0 24337 2 0
0 24337 3 0
0 24337 4 0
0 24337 5 0
0 24337 6 0
0 12446 7 0
0 12446 8 0
0 12446 9 0
0 12446 10 0
0 12446 11 0
0 12446 12 0
0 30466 13 0
0 30466 14 0
0 30466 15 0
0 30466 0 0
0 30466 1 0
0 30466 2 0
0 37288 3 0
0 37288 4 0
0 37288 5 0
0 37288 6 0
0 37288 7 0
0 37288 8 0
0 33754 9 0
0 33754 10 0
0 33754 11 0
0 33754 12 0
0 33754 13 0
0 33754 14 0
0 5027 15 0
0 5027 0 0
0 5027 1 0
0 5027 2 0
0 5027 3 0
0 5027 4 0
0 13153 5 0
0 13153 6 0
0 13153 7 0
0 13153 8 0
0 13153 9 0
0 13153 10 0
0 53632 11 0
0 53632 12 0
0 53632 13 0
0 53632 14 0
0 53632 15 0
0 53632 0 0
0 37167 1 0
0 37167 2 0
0 37167 3 0
0 37167 4 0
0 37167 5 0
0 37167 6 0
0 42539 7 0
0 42539 8 0
0 42539 9 0
0 42539 10 0
0 42539 11 0
0 42539 12 0
0 13689 13 0
0 13689 14 0
0 13689 15 0
0 13689 0 0
0 13689 1 0
0 13689 2 0
0 8674 3 0
0 8674 4 0
0 8674 5 0
0 8674 6 0
0 8674 7 0
0 8674 8 0
0 52191 9 0
0 52191 10 0
0 52191 11 0
0 52191 12 0
0 52191 13 0
0 52191 14 0
0 9928 15 0
0 9928 0 0
0 9928 1 0
0 9928 2 0
0 9928 3 0
0 9928 4 0
0 21733 5 0
0 21733 6 0
0 21733 7 0
0 21733 8 0
0 21733 9 0
0 21733 10 0
0 2811 11 0
0 2811 12 0
0 2811 13 0
0 2811 14 0
0 2811 15 0
0 2811 0 0
0 63408 1 0
0 63408 2 0
0 63408 3 0
0 63408 4 0
0 63408 5 0
0 63408 6 0
0 28927 7 0
0 28927 8 0
0 28927 9 0
0 28927 10 0
0 28927 11 0
0 28927 12 0
0 24108 13 0
0 24108 14 0
0 24108 15 0
0 24108 0 0
0 24108 1 0
0 24108 2 0
0 56218 3 0
0 56218 4 0
0 56218 5 0
0 56218 6 0
0 56218 7 0
0 56218 8 0
0 55358 9 0
0 55358 10 0
0 55358 11 0
0 55358 12 0
0 55358 13 0
0 55358 14 0
0 37599 15 0
0 37599 0 0
0 37599 1 0
0 37599 2 0
0 37599 3 0
0 37599 4 0
0 50988 5 0
0 50988 6 0
0 50988 7 0
0 50988 8 0
0 50988 9 0
0 50988 10 0
0 57197 11 0
0 57197 12 0
0 57197 13 0
0 57197 14 0
0 57197 15 0
0 57197 0 0
0 63809 1 0
0 63809 2 0
0 63809 3 0
0 63809 4 0
0 63809 5 0
0 63809 6 0
0 10853 7 0
0 10853 8 0
0 10853 9 0
0 10853 10 0
0 10853 11 0
0 10853 12 0
0 17957 13 0
0 17957 14 0
0 17957 15 0
0 17957 0 0
0 17957 1 0
0 17957 2 0
0 37147 3 0
0 37147 4 0
0 37147 5 0
0 37147 6 0
0 37147 7 0
0 37147 8 0
0 8817 9 0
0 8817 10 0
0 8817 11 0
0 8817 12 0
0 8817 13 0
0 8817 14 0
0 15170 15 0
0 15170 0 0
0 15170 1 0
0 15170 2 0
0 15170 3 0
0 15170 4 0
0 59050 5 0
0 59050 6 0
0 59050 7 0
0 59050 8 0
0 59050 9 0
0 59050 10 0
0 57611 11 0
0 57611 12 0
0 57611 13 0
0 57611 14 0
0 57611 15 0
0 57611 0 0
0 37299 1 0
0 37299 2 0
0 37299 3 0
0 37299 4 0
0 37299 5 0
0 37299 6 0
0 60281 7 0
0 60281 8 0
0 60281 9 0
0 60281 10 0
0 60281 11 0
0 60281 12 0
0 42583 13 0
0 42583 14 0
0 42583 15 0
0 42583 0 0
0 42583 1 0
0 42583 2 0
0 30850 3 0
0 30850 4 0
0 30850 5 0
0 30850 6 0
0 30850 7 0
0 30850 8 0
0 33143 9 0
0 33143 10 0
0 33143 11 0
0 33143 12 0
0 33143 13 0
0 33143 14 0
0 22326 15 0
0 22326 0 0
0 22326 1 0
0 22326 2 0
0 22326 3 0
0 22326 4 0
0 62359 5 0
0 62359 6 0
0 62359 7 0
0 62359 8 0
0 62359 9 0
0 62359 10 0
0 1058 11 0
0 1058 12 0
0 1058 13 0
0 1058 14 0
0 1058 15 0
0 1058 0 0
0 57240 1 0
0 57240 2 0
0 57240 3 0
0 57240 4 0
0 57240 5 0
0 57240 6 0
0 13370 7 0
0 13370 8 0
0 13370 9 0
0 13370 10 0
0 13370 11 0
0 13370 12 0
0 21843 13 0
0 21843 14 0
0 21843 15 0
0 21843 0 0
0 21843 1 0
0 21843 2 0
0 29935 3 0
0 29935 4 0
0 29935 5 0
0 29935 6 0
0 29935 7 0
0 29935 8 0
0 2618 9 0
0 2618 10 0
0 2618 11 0
0 2618 12 0
0 2618 13 0
0 2618 14 0
0 65039 15 0
0 65039 0 0
0 65039 1 0
0 65039 2 0
0 65039 3 0
0 65039 4 0
0 62095 5 0
0 62095 6 0
0 62095 7 0
0 62095 8 0
0 62095 9 0
0 62095 10 0
0 48567 11 0
0 48567 12 0
0 48567 13 0
0 48567 14 0
0 48567 15 0
0 48567 0 0
0 45848 1 0
0 45848 2 0
0 45848 3 0
0 45848 4 0
0 45848 5 0
0 45848 6 0
0 60255 7 0
0 60255 8 0
0 60255 9 0
0 60255 10 0
0 60255 11 0
0 60255 12 0
0 41860 13 0
0 41860 14 0
0 41860 15 0
0 41860 0 0
0 41860 1 0
0 41860 2 0
0 36379 3 0
0 36379 4 0
0 36379 5 0
0 36379 6 0
0 36379 7 0
0 36379 8 0
0 29118 9 0
0 29118 10 0
0 29118 11 0
0 29118 12 0
0 29118 13 0
0 29118 14 0
0 5579 15 0
0 5579 0 0
0 5579 1 0
0 5579 2 0
0 5579 3 0
0 5579 4 0
0 43453 5 0
0 43453 6 0
0 43453 7 0
0 43453 8 0
0 43453 9 0
0 43453 10 0
0 12197 11 0
0 12197 12 0
0 12197 13 0
0 12197 14 0
0 12197 15 0
0 12197 0 0
0 21324 1 0
0 21324 2 0
0 21324 3 0
0 21324 4 0
0 21324 5 0
0 21324 6 0
0 58084 7 0
0 58084 8 0
0 58084 9 0
0 58084 10 0
0 58084 11 0
0 58084 12 0
0 41301 13 0
0 41301 14 0
0 41301 15 0
0 41301 0 0
0 41301 1 0
0 41301 2 0
0 17830 3 0
0 17830 4 0
0 17830 5 0
0 17830 6 0
0 17830 7 0
0 17830 8 0
0 57255 9 0
0 57255 10 0
0 57255 11 0
0 57255 12 0
0 57255 13 0
0 57255 14 0
0 59493 15 0
0 59493 0 0
0 59493 1 0
0 59493 2 0
0 59493 3 0
0 59493 4 0
0 10570 5 0
0 10570 6 0
0 10570 7 0
0 10570 8 0
0 10570 9 0
0 10570 10 0
0 16487 11 0
0 16487 12 0
0 16487 13 0
0 16487 14 0
0 16487 15 0
0 16487 0 0
0 61864 1 0
0 61864 2 0
0 61864 3 0
0 61864 4 0
0 61864 5 0
0 61864 6 0
0 19215 7 0
0 19215 8 0
0 19215 9 0
0 19215 10 0
0 19215 11 0
0 19215 12 0
0 9007 13 0
0 9007 14 0
0 9007 15 0
0 9007 0 0
0 9007 1 0
0 9007 2 0
0 56213 3 0
0 56213 4 0
0 56213 5 0
0 56213 6 0
0 56213 7 0
0 56213 8 0
0 36597 9 0
0 36597 10 0
0 36597 11 0
0 36597 12 0
0 36597 13 0
0 36597 14 0
0 61095 15 0
0 61095 0 0
0 61095 1 0
0 61095 2 0
0 61095 3 0
0 61095 4 0
0 6460 5 0
0 6460 6 0
0 6460 7 0
0 6460 8 0
0 6460 9 0
0 6460 10 0
0 43010 11 0
0 43010 12 0
0 43010 13 0
0 43010 14 0
0 43010 15 0
0 43010 0 0
0 54466 1 0
0 54466 2 0
0 54466 3 0
0 54466 4 0
0 54466 5 0
0 54466 6 0
0 5406 7 0
0 5406 8 0
0 5406 9 0
0 5406 10 0
0 5406 11 0
0 5406 12 0
0 36917 13 0
0 36917 14 0
0 36917 15 0
0 36917 0 0
0 36917 1 0
0 36917 2 0
0 35985 3 0
0 35985 4 0
0 35985 5 0
0 35985 6 0
0 35985 7 0
0 35985 8 0
0 1051 9 0
0 1051 10 0
0 1051 11 0
0 1051 12 0
0 1051 13 0
0 1051 14 0
0 18072 15 0
0 18072 0 0
0 18072 1 0
0 18072 2 0
0 18072 3 0
0 18072 4 0
0 33142 5 0
0 33142 6 0
0 33142 7 0
0 33142 8 0
0 33142 9 0
0 33142 10 0
0 18798 11 0
0 18798 12 0
0 18798 13 0
0 18798 14 0
0 18798 15 0
0 18798 0 0
0 37611 1 0
0 37611 2 0
0 37611 3 0
0 37611 4 0
0 37611 5 0
0 37611 6 0
0 58780 7 0
0 58780 8 0
0 58780 9 0
0 58780 10 0
0 58780 11 0
0 58780 12 0
0 57758 13 0
0 57758 14 0
0 57758 15 0
0 57758 0 0
0 57758 1 0
0 57758 2 0
0 65049 3 0
0 65049 4 0
0 65049 5 0
0 65049 6 0
0 65049 7 0
0 65049 8 0
0 39263 9 0
0 39263 10 0
0 39263 11 0
0 39263 12 0
0 39263 13 0
0 39263 14 0
0 1733 15 0
0 1733 0 0
0 1733 1 0
0 1733 2 0
0 1733 3 0
0 1733 4 0
0 64684 5 0
0 64684 6 0
0 64684 7 0
0 64684 8 0
0 64684 9 0
0 64684 10 0
0 15936 11 0
0 15936 12 0
0 15936 13 0
0 15936 14 0
0 15936 15 0
0 15936 0 0
0 17288 1 0
0 17288 2 0
0 17288 3 0
0 17288 4 0
0 17288 5 0
0 17288 6 0
0 22704 7 0
0 22704 8 0
0 22704 9 0
0 22704 10 0
0 22704 11 0
0 22704 12 0
0 15242 13 0
0 15242 14 0
0 15242 15 0
0 15242 0 0
0 15242 1 0
0 15242 2 0
0 6459 3 0
0 6459 4 0
0 6459 5 0
0 6459 6 0
0 6459 7 0
0 6459 8 0
0 32599 9 0
0 32599 10 0
0 32599 11 0
0 32599 12 0
0 32599 13 0
0 32599 14 0
0 53832 15 0
0 53832 0 0
0 53832 1 0
0 53832 2 0
0 53832 3 0
0 53832 4 0
0 4982 5 0
0 4982 6 0
0 4982 7 0
0 4982 8 0
0 4982 9 0
0 4982 10 0
0 25885 11 0
0 25885 12 0
0 25885 13 0
0 25885 14 0
0 25885 15 0
0 25885 0 0
0 49668 1 0
0 49668 2 0
0 49668 3 0
0 49668 4 0
0 49668 5 0
0 49668 6 0
0 25665 7 0
0 25665 8 0
0 25665 9 0
0 25665 10 0
0 25665 11 0
0 25665 12 0
0 10102 13 0
0 10102 14 0
0 10102 15 0
0 10102 0 0
0 10102 1 0
0 10102 2 0
0 28039 3 0
0 28039 4 0
0 28039 5 0
0 28039 6 0
0 28039 7 0
0 28039 8 0
0 37778 9 0
0 37778 10 0
0 37778 11 0
0 37778 12 0
0 37778 13 0
0 37778 14 0
0 27223 15 0
0 27223 0 0
0 27223 1 0
0 27223 2 0
0 27223 3 0
0 27223 4 0
0 53152 5 0
0 53152 6 0
0 53152 7 0
0 53152 8 0
0 53152 9 0
0 53152 10 0
0 18464 11 0
0 18464 12 0
0 18464 13 0
0 18464 14 0
0 18464 15 0
0 18464 0 0
0 10794 1 0
0 10794 2 0
0 10794 3 0
0 10794 4 0
0 10794 5 0
0 10794 6 0
0 15616 7 0
0 15616 8 0
0 15616 9 0
0 15616 10 0
0 15616 11 0
0 15616 12 0
0 56582 13 0
0 56582 14 0
0 56582 15 0
0 56582 0 0
0 56582 1 0
0 56582 2 0
0 31230 3 0
0 31230 4 0
0 31230 5 0
0 31230 6 0
0 31230 7 0
0 31230 8 0
0 40900 9 0
0 40900 10 0
0 40900 11 0
0 40900 12 0
0 40900 13 0
0 40900 14 0
0 1431 15 0
0 1431 0 0
0 1431 1 0
0 1431 2 0
0 1431 3 0
0 1431 4 0
0 12841 5 0
0 12841 6 0
0 12841 7 0
0 12841 8 0
0 12841 9 0
0 12841 10 0
0 60236 11 0
0 60236 12 0
0 60236 13 0
0 60236 14 0
0 60236 15 0
0 60236 0 0
0 64853 1 0
0 64853 2 0
0 64853 3 0
0 64853 4 0
0 64853 5 0
0 64853 6 0
0 46140 7 0
0 46140 8 0
0 46140 9 0
0 46140 10 0
0 46140 11 0
0 46140 12 0
0 53852 13 0
0 53852 14 0
0 53852 15 0
0 53852 0 0
0 53852 1 0
0 53852 2 0
0 7543 3 0
0 7543 4 0
0 7543 5 0
0 7543 6 0
0 7543 7 0
0 7543 8 0
0 5730 9 0
0 5730 10 0
0 5730 11 0
0 5730 12 0
0 5730 13 0
0 5730 14 0
0 24847 15 0
0 24847 0 0
0 24847 1 0
0 24847 2 0
0 24847 3 0
0 24847 4 0
0 15861 5 0
0 15861 6 0
0 15861 7 0
0 15861 8 0
0 15861 9 0
0 15861 10 0
0 6005 11 0
0 6005 12 0
0 6005 13 0
0 6005 14 0
0 6005 15 0
0 6005 0 0
0 19582 1 0
0 19582 2 0
0 19582 3 0
0 19582 4 0
0 19582 5 0
0 19582 6 0
0 47226 7 0
0 47226 8 0
0 47226 9 0
0 47226 10 0
0 47226 11 0
0 47226 12 0
0 44462 13 0
0 44462 14 0
0 44462 15 0
0 44462 0 0
0 44462 1 0
0 44462 2 0
0 25405 3 0
0 25405 4 0
0 25405 5 0
0 25405 6 0
0 25405 7 0
0 25405 8 0
0 3732 9 0
0 3732 10 0
0 3732 11 0
0 3732 12 0
0 3732 13 0
0 3732 14 0
0 27605 15 0
0 27605 0 0
0 27605 1 0
0 27605 2 0
0 27605 3 0
0 27605 4 0
0 35491 5 0
0 35491 6 0
0 35491 7 0
0 35491 8 0
0 35491 9 0
0 35491 10 0
0 19167 11 0
0 19167 12 0
0 19167 13 0
0 19167 14 0
0 19167 15 0
0 19167 0 0
0 13373 1 0
0 13373 2 0
0 13373 3 0
0 13373 4 0
0 13373 5 0
0 13373 6 0
0 19687 7 0
0 19687 8 0
0 19687 9 0
0 19687 10 0
0 19687 11 0
0 19687 12 0
0 46512 13 0
0 46512 14 0
0 46512 15 0
0 46512 0 0
0 46512 1 0
0 46512 2 0
0 15427 3 0
0 15427 4 0
0 15427 5 0
0 15427 6 0
0 15427 7 0
0 15427 8 0
0 3894 9 0
0 3894 10 0
0 3894 11 0
0 3894 12 0
0 3894 13 0
0 3894 14 0
0 1438 15 0
0 1438 0 0
0 1438 1 0
0 1438 2 0
0 1438 3 0
0 1438 4 0
0 10349 5 0
0 10349 6 0
0 10349 7 0
0 10349 8 0
0 10349 9 0
0 10349 10 0
0 35904 11 0
0 35904 12 0
0 35904 13 0
0 35904 14 0
0 35904 15 0
0 35904 0 0
0 35823 1 0
0 35823 2 0
0 35823 3 0
0 35823 4 0
0 35823 5 0
0 35823 6 0
0 57155 7 0
0 57155 8 0
0 57155 9 0
0 57155 10 0
0 57155 11 0
0 57155 12 0
0 62621 13 0
0 62621 14 0
0 62621 15 0
0 62621 0 0
0 62621 1 0
0 62621 2 0
0 41133 3 0
0 41133 4 0
0 41133 5 0
0 41133 6 0
0 41133 7 0
0 41133 8 0
0 18739 9 0
0 18739 10 0
0 18739 11 0
0 18739 12 0
0 18739 13 0
0 18739 14 0
0 48937 15 0
0 48937 0 0
0 48937 1 0
0 48937 2 0
0 48937 3 0
0 48937 4 0
0 13506 5 0
0 13506 6 0
0 13506 7 0
0 13506 8 0
0 13506 9 0
0 13506 10 0
0 27724 11 0
0 27724 12 0
0 27724 13 0
0 27724 14 0
0 27724 15 0
0 27724 0 0
0 27361 1 0
0 27361 2 0
0 27361 3 0
0 27361 4 0
0 27361 5 0
0 27361 6 0
0 24362 7 0
0 24362 8 0
0 24362 9 0
0 24362 10 0
0 24362 11 0
0 24362 12 0
0 16391 13 0
0 16391 14 0
0 16391 15 0
0 16391 0 0
0 16391 1 0
0 16391 2 0
0 38368 3 0
0 38368 4 0
0 38368 5 0
0 38368 6 0
0 38368 7 0
0 38368 8 0
0 18664 9 0
0 18664 10 0
0 18664 11 0
0 18664 12 0
0 18664 13 0
0 18664 14 0
0 19407 15 0
0 19407 0 0
0 19407 1 0
0 19407 2 0
0 19407 3 0
0 19407 4 0
0 37791 5 0
0 37791 6 0
0 37791 7 0
0 37791 8 0
0 37791 9 0
0 37791 10 0
0 7798 11 0
0 7798 12 0
0 7798 13 0
0 7798 14 0
0 7798 15 0
0 7798 0 0
0 24957 1 0
0 24957 2 0
0 24957 3 0
0 24957 4 0
0 24957 5 0
0 24957 6 0
0 28003 7 0
0 28003 8 0
0 28003 9 0
0 28003 10 0
0 28003 11 0
0 28003 12 0
0 22730 13 0
0 22730 14 0
0 22730 15 0
0 22730 0 0
0 22730 1 0
0 22730 2 0
0 50018 3 0
0 50018 4 0
0 50018 5 0
0 50018 6 0
0 50018 7 0
0 50018 8 0
0 34386 9 0
0 34386 10 0
0 34386 11 0
0 34386 12 0
0 34386 13 0
0 34386 14 0
0 38959 15 0
0 38959 0 0
0 38959 1 0
0 38959 2 0
0 38959 3 0
0 38959 4 0
0 28718 5 0
0 28718 6 0
0 28718 7 0
0 28718 8 0
0 28718 9 0
0 28718 10 0
0 4531 11 0
0 4531 12 0
0 4531 13 0
0 4531 14 0
0 4531 15 0
0 4531 0 0
0 20187 1 0
0 20187 2 0
0 20187 3 0
0 20187 4 0
0 20187 5 0
0 20187 6 0
0 17479 7 0
0 17479 8 0
0 17479 9 0
0 17479 10 0
0 17479 11 0
0 17479 12 0
0 25879 13 0
0 25879 14 0
0 25879 15 0
0 25879 0 0
0 25879 1 0
0 25879 2 0
0 49526 3 0
0 49526 4 0
0 49526 5 0
0 49526 6 0
0 49526 7 0
0 49526 8 0
0 3445 9 0
0 3445 10 0
0 3445 11 0
0 3445 12 0
0 3445 13 0
0 3445 14 0
0 59986 15 0
0 59986 0 0
0 59986 1 0
0 59986 2 0
0 59986 3 0
0 59986 4 0
0 12106 5 0
0 12106 6 0
0 12106 7 0
0 12106 8 0
0 12106 9 0
0 12106 10 0
0 55847 11 0
0 55847 12 0
0 55847 13 0
0 55847 14 0
0 55847 15 0
0 55847 0 0
0 14382 1 0
0 14382 2 0
0 14382 3 0
0 14382 4 0
0 14382 5 0
0 14382 6 0
0 5759 7 0
0 5759 8 0
0 5759 9 0
0 5759 10 0
0 5759 11 0
0 5759 12 0
0 48549 13 0
0 48549 14 0
0 48549 15 0
0 48549 0 0
0 48549 1 0
0 48549 2 0
0 54483 3 0
0 54483 4 0
0 54483 5 0
0 54483 6 0
0 54483 7 0
0 54483 8 0
0 31718 9 0
0 31718 10 0
0 31718 11 0
0 31718 12 0
0 31718 13 0
0 31718 14 0
0 15914 15 0
0 15914 0 0
0 15914 1 0
0 15914 2 0
0 15914 3 0
0 15914 4 0
0 12548 5 0
0 12548 6 0
0 12548 7 0
0 12548 8 0
0 12548 9 0
0 12548 10 0
0 61000 11 0
0 61000 12 0
0 61000 13 0
0 61000 14 0
0 61000 15 0
0 61000 0 0
0 17098 1 0
0 17098 2 0
0 17098 3 0
0 17098 4 0
0 17098 5 0
0 17098 6 0
0 19598 7 0
0 19598 8 0
0 19598 9 0
0 19598 10 0
0 19598 11 0
0 19598 12 0
0 56449 13 0
0 56449 14 0
0 56449 15 0
0 56449 0 0
0 56449 1 0
0 56449 2 0
0 59805 3 0
0 59805 4 0
0 59805 5 0
0 59805 6 0
0 59805 7 0
0 59805 8 0
0 35592 9 0
0 35592 10 0
0 35592 11 0
0 35592 12 0
0 35592 13 0
0 35592 14 0
0 7979 15 0
0 7979 0 0
0 7979 1 0
0 7979 2 0
0 7979 3 0
0 7979 4 0
0 43402 5 0
0 43402 6 0
0 43402 7 0
0 43402 8 0
0 43402 9 0
0 43402 10 0
0 53229 11 0
0 53229 12 0
0 53229 13 0
0 53229 14 0
0 53229 15 0
0 53229 0 0
0 43807 1 0
0 43807 2 0
0 43807 3 0
0 43807 4 0
0 43807 5 0
0 43807 6 0
0 24680 7 0
0 24680 8 0
0 24680 9 0
0 24680 10 0
0 24680 11 0
0 24680 12 0
0 46571 13 0
0 46571 14 0
0 46571 15 0
0 46571 0 0
0 46571 1 0
0 46571 2 0
0 45547 3 0
0 45547 4 0
0 45547 5 0
0 45547 6 0
0 45547 7 0
0 45547 8 0
0 53804 9 0
0 53804 10 0
0 53804 11 0
0 53804 12 0
0 53804 13 0
0 53804 14 0
0 62017 15 0
0 62017 0 0
0 62017 1 0
0 62017 2 0
0 62017 3 0
0 62017 4 0
0 27342 5 0
0 27342 6 0
0 27342 7 0
0 27342 8 0
0 27342 9 0
0 27342 10 0
0 59793 11 0
0 59793 12 0
0 59793 13 0
0 59793 14 0
0 59793 15 0
0 59793 0 0
0 48333 1 0
0 48333 2 0
0 48333 3 0
0 48333 4 0
0 48333 5 0
0 48333 6 0
0 52381 7 0
0 52381 8 0
0 52381 9 0
0 52381 10 0
0 52381 11 0
0 52381 12 0
0 52003 13 0
0 52003 14 0
0 52003 15 0
0 52003 0 0
0 52003 1 0
0 52003 2 0
0 24818 3 0
0 24818 4 0
0 24818 5 0
0 24818 6 0
0 24818 7 0
0 24818 8 0
0 19118 9 0
0 19118 10 0
0 19118 11 0
0 19118 12 0
0 19118 13 0
0 19118 14 0
0 51925 15 0
0 51925 0 0
0 51925 1 0
0 51925 2 0
0 51925 3 0
0 51925 4 0
0 28877 5 0
0 28877 6 0
0 28877 7 0
0 28877 8 0
0 28877 9 0
0 28877 10 0
0 31174 11 0
0 31174 12 0
0 31174 13 0
0 31174 14 0
0 31174 15 0
0 31174 0 0
0 25697 1 0
0 25697 2 0
0 25697 3 0
0 25697 4 0
0 25697 5 0
0 25697 6 0
0 40420 7 0
0 40420 8 0
0 40420 9 0
0 40420 10 0
0 40420 11 0
0 40420 12 0
0 1815 13 0
0 1815 14 0
0 1815 15 0
0 1815 0 0
0 1815 1 0
0 1815 2 0
0 7891 3 0
0 7891 4 0
0 7891 5 0
0 7891 6 0
0 7891 7 0
0 7891 8 0
0 56260 9 0
0 56260 10 0
0 56260 11 0
0 56260 12 0
0 56260 13 0
0 56260 14 0
0 61191 15 0
0 61191 0 0
0 61191 1 0
0 61191 2 0
0 61191 3 0
0 61191 4 0
0 13502 5 0
0 13502 6 0
0 13502 7 0
0 13502 8 0
0 13502 9 0
0 13502 10 0
0 44848 11 0
0 44848 12 0
0 44848 13 0
0 44848 14 0
0 44848 15 0
0 44848 0 0
0 6054 1 0
0 6054 2 0
0 6054 3 0
0 6054 4 0
0 6054 5 0
0 6054 6 0
0 37862 7 0
0 37862 8 0
0 37862 9 0
0 37862 10 0
0 37862 11 0
0 37862 12 0
0 27528 13 0
0 27528 14 0
0 27528 15 0
0 27528 0 0
0 27528 1 0
0 27528 2 0
0 24733 3 0
0 24733 4 0
0 24733 5 0
0 24733 6 0
0 24733 7 0
0 24733 8 0
0 29455 9 0
0 29455 10 0
0 29455 11 0
0 29455 12 0
0 29455 13 0
0 29455 14 0
0 11733 15 0
0 11733 0 0
0 11733 1 0
0 11733 2 0
0 11733 3 0
0 11733 4 0
0 35923 5 0
0 35923 6 0
0 35923 7 0
0 35923 8 0
0 35923 9 0
0 35923 10 0
0 2301 11 0
0 2301 12 0
0 2301 13 0
0 2301 14 0
0 2301 15 0
0 2301 0 0
0 10129 1 0
0 10129 2 0
0 10129 3 0
0 10129 4 0
0 10129 5 0
0 10129 6 0
0 7763 7 0
0 7763 8 0
0 7763 9 0
0 7763 10 0
0 7763 11 0
0 7763 12 0
0 18140 13 0
0 18140 14 0
0 18140 15 0
0 18140 0 0
0 18140 1 0
0 18140 2 0
0 40757 3 0
0 40757 4 0
0 40757 5 0
0 40757 6 0
0 40757 7 0
0 40757 8 0
0 52141 9 0
0 52141 10 0
0 52141 11 0
0 52141 12 0
0 52141 13 0
0 52141 14 0
0 13175 15 0
0 13175 0 0
0 13175 1 0
0 13175 2 0
0 13175 3 0
0 13175 4 0
0 56707 5 0
0 56707 6 0
0 56707 7 0
0 56707 8 0
0 56707 9 0
0 56707 10 0
0 30430 11 0
0 30430 12 0
0 30430 13 0
0 30430 14 0
0 30430 15 0
0 30430 0 0
0 61410 1 0
0 61410 2 0
0 61410 3 0
0 61410 4 0
0 61410 5 0
0 61410 6 0
0 6076 7 0
0 6076 8 0
0 6076 9 0
0 6076 10 0
0 6076 11 0
0 6076 12 0
0 22648 13 0
0 22648 14 0
0 22648 15 0
0 22648 0 0
0 22648 1 0
0 22648 2 0
0 39610 3 0
0 39610 4 0
0 39610 5 0
0 39610 6 0
0 39610 7 0
0 39610 8 0
0 24469 9 0
0 24469 10 0
0 24469 11 0
0 24469 12 0
0 24469 13 0
0 24469 14 0
0 33502 15 0
0 33502 0 0
0 33502 1 0
0 33502 2 0
0 33502 3 0
0 33502 4 0
0 30756 5 0
0 30756 6 0
0 30756 7 0
0 30756 8 0
0 30756 9 0
0 30756 10 0
0 3885 11 0
0 3885 12 0
0 3885 13 0
0 3885 14 0
0 3885 15 0
0 3885 0 0
0 49010 1 0
0 49010 2 0
0 49010 3 0
0 49010 4 0
0 49010 5 0
0 49010 6 0
0 59381 7 0
0 59381 8 0
0 59381 9 0
0 59381 10 0
0 59381 11 0
0 59381 12 0
0 4080 13 0
0 4080 14 0
0 4080 15 0
0 4080 0 0
0 4080 1 0
0 4080 2 0
0 14905 3 0
0 14905 4 0
0 14905 5 0
0 14905 6 0
0 14905 7 0
0 14905 8 0
0 7883 9 0
0 7883 10 0
0 7883 11 0
0 7883 12 0
0 7883 13 0
0 7883 14 0
0 43046 15 0
0 43046 0 0
0 43046 1 0
0 43046 2 0
0 43046 3 0
0 43046 4 0
0 12417 5 0
0 12417 6 0
0 12417 7 0
0 12417 8 0
0 12417 9 0
0 12417 10 0
0 49116 11 0
0 49116 12 0
0 49116 13 0
0 49116 14 0
0 49116 15 0
0 49116 0 0
0 65530 1 0
0 65530 2 0
0 65530 3 0
0 65530 4 0
0 65530 5 0
0 65530 6 0
0 51183 7 0
0 51183 8 0
0 51183 9 0
0 51183 10 0
0 51183 11 0
0 51183 12 0
0 51052 13 0
0 51052 14 0
0 51052 15 0
0 51052 0 0
0 51052 1 0
0 51052 2 0
0 33405 3 0
0 33405 4 0
0 33405 5 0
0 33405 6 0
0 33405 7 0
0 33405 8 0
0 35675 9 0
0 35675 10 0
0 35675 11 0
0 35675 12 0
0 35675 13 0
0 35675 14 0
0 49934 15 0
0 49934 0 0
0 49934 1 0
0 49934 2 0
0 49934 3 0
0 49934 4 0
0 26100 5 0
0 26100 6 0
0 26100 7 0
0 26100 8 0
0 26100 9 0
0 26100 10 0
0 1107 11 0
0 1107 12 0
0 1107 13 0
0 1107 14 0
0 1107 15 0
0 1107 0 0
0 64932 1 0
0 64932 2 0
0 64932 3 0
0 64932 4 0
0 64932 5 0
0 64932 6 0
0 17811 7 0
0 17811 8 0
0 17811 9 0
0 17811 10 0
0 17811 11 0
0 17811 12 0
0 51526 13 0
0 51526 14 0
0 51526 15 0
0 51526 0 0
0 51526 1 0
0 51526 2 0
0 35021 3 0
0 35021 4 0
0 35021 5 0
0 35021 6 0
0 35021 7 0
0 35021 8 0
0 39257 9 0
0 39257 10 0
0 39257 11 0
0 39257 12 0
0 39257 13 0
0 39257 14 0
0 36561 15 0
0 36561 0 0
0 36561 1 0
0 36561 2 0
0 36561 3 0
0 36561 4 0
0 17597 5 0
0 17597 6 0
0 17597 7 0
0 17597 8 0
0 17597 9 0
0 17597 10 0
0 50504 11 0
0 50504 12 0
0 50504 13 0
0 50504 14 0
0 50504 15 0
0 50504 0 0
0 9161 1 0
0 9161 2 0
0 9161 3 0
0 9161 4 0
0 9161 5 0
0 9161 6 0
0 7833 7 0
0 7833 8 0
0 7833 9 0
0 7833 10 0
0 7833 11 0
0 7833 12 0
0 49068 13 0
0 49068 14 0
0 49068 15 0
0 49068 0 0
0 49068 1 0
0 49068 2 0
0 61912 3 0
0 61912 4 0
0 61912 5 0
0 61912 6 0
0 61912 7 0
0 61912 8 0
0 38396 9 0
0 38396 10 0
0 38396 11 0
0 38396 12 0
0 38396 13 0
0 38396 14 0
0 28715 15 0
0 28715 0 0
0 28715 1 0
0 28715 2 0
0 28715 3 0
0 28715 4 0
0 13767 5 0
0 13767 6 0
0 13767 7 0
0 13767 8 0
0 13767 9 0
0 13767 10 0
0 59013 11 0
0 59013 12 0
0 59013 13 0
0 59013 14 0
0 59013 15 0
0 59013 0 0
0 22103 1 0
0 22103 2 0
0 22103 3 0
0 22103 4 0
0 22103 5 0
0 22103 6 0
0 18981 7 0
0 18981 8 0
0 18981 9 0
0 18981 10 0
0 18981 11 0
0 18981 12 0
0 21340 13 0
0 21340 14 0
0 21340 15 0
0 21340 0 0
0 21340 1 0
0 21340 2 0
0 45720 3 0
0 45720 4 0
0 45720 5 0
0 45720 6 0
0 45720 7 0
0 45720 8 0
0 44251 9 0
0 44251 10 0
0 44251 11 0
0 44251 12 0
0 44251 13 0
0 44251 14 0
0 3189 15 0
0 3189 0 0
0 3189 1 0
0 3189 2 0
0 3189 3 0
0 3189 4 0
0 64911 5 0
0 64911 6 0
0 64911 7 0
0 64911 8 0
0 64911 9 0
0 64911 10 0
0 62924 11 0
0 62924 12 0
0 62924 13 0
0 62924 14 0
0 62924 15 0
0 62924 0 0
0 24978 1 0
0 24978 2 0
0 24978 3 0
0 24978 4 0
0 24978 5 0
0 24978 6 0
0 9783 7 0
0 9783 8 0
0 9783 9 0
0 9783 10 0
0 9783 11 0
0 9783 12 0
0 23369 13 0
0 23369 14 0
0 23369 15 0
0 23369 0 0
0 23369 1 0
0 23369 2 0
0 28704 3 0
0 28704 4 0
0 28704 5 0
0 28704 6 0
0 28704 7 0
0 28704 8 0
0 54801 9 0
0 54801 10 0
0 54801 11 0
0 54801 12 0
0 54801 13 0
0 54801 14 0
0 19571 15 0
0 19571 0 0
0 19571 1 0
0 19571 2 0
0 19571 3 0
0 19571 4 0
0 64641 5 0
0 64641 6 0
0 64641 7 0
0 64641 8 0
0 64641 9 0
0 64641 10 0
0 3948 11 0
0 3948 12 0
0 3948 13 0
0 3948 14 0
0 3948 15 0
0 3948 0 0
0 52437 1 0
0 52437 2 0
0 52437 3 0
0 52437 4 0
0 52437 5 0
0 52437 6 0
0 21358 7 0
0 21358 8 0
0 21358 9 0
0 21358 10 0
0 21358 11 0
0 21358 12 0
0 28196 13 0
0 28196 14 0
0 28196 15 0
0 28196 0 0
0 28196 1 0
0 28196 2 0
0 9497 3 0
0 9497 4 0
0 9497 5 0
0 9497 6 0
0 9497 7 0
0 9497 8 0
0 51735 9 0
0 51735 10 0
0 51735 11 0
0 51735 12 0
0 51735 13 0
0 51735 14 0
0 7637 15 0
0 7637 0 0
0 7637 1 0
0 7637 2 0
0 7637 3 0
0 7637 4 0
0 3250 5 0
0 3250 6 0
0 3250 7 0
0 3250 8 0
0 3250 9 0
0 3250 10 0
0 22213 11 0
0 22213 12 0
0 22213 13 0
0 22213 14 0
0 22213 15 0
0 22213 0 0
0 63363 1 0
0 63363 2 0
0 63363 3 0
0 63363 4 0
0 63363 5 0
0 63363 6 0
0 40004 7 0
0 40004 8 0
0 40004 9 0
0 40004 10 0
0 40004 11 0
0 40004 12 0
0 38160 13 0
0 38160 14 0
0 38160 15 0
0 38160 0 0
0 38160 1 0
0 38160 2 0
0 63026 3 0
0 63026 4 0
0 63026 5 0
0 63026 6 0
0 63026 7 0
0 63026 8 0
0 15421 9 0
0 15421 10 0
0 15421 11 0
0 15421 12 0
0 15421 13 0
0 15421 14 0
0 2072 15 0
0 2072 0 0
0 2072 1 0
0 2072 2 0
0 2072 3 0
0 2072 4 0
0 3219 5 0
0 3219 6 0
0 3219 7 0
0 3219 8 0
0 3219 9 0
0 3219 10 0
0 25826 11 0
0 25826 12 0
0 25826 13 0
0 25826 14 0
0 25826 15 0
0 25826 0 0
0 45313 1 0
0 45313 2 0
0 45313 3 0
0 45313 4 0
0 45313 5 0
0 45313 6 0
0 7319 7 0
0 7319 8 0
0 7319 9 0
0 7319 10 0
0 7319 11 0
0 7319 12 0
0 23567 13 0
0 23567 14 0
0 23567 15 0
