0 0 0 0
0 0 1 0
0 0 2 0
0 0 3 0
0 0 4 0
0 41394 5 0
0 41394 6 0
0 41394 7 0
0 41394 8 0
0 41394 9 0
0 41394 10 0
0 37712 11 0
0 37712 12 0
0 37712 13 0
0 37712 14 0
0 37712 15 0
0 37712 0 0
0 65087 1 0
0 65087 2 0
0 65087 3 0
0 65087 4 0
0 65087 5 0
0 65087 6 0
0 58014 7 0
0 58014 8 0
0 58014 9 0
0 58014 10 0
0 58014 11 0
0 58014 12 0
0 36156 13 0
0 36156 14 0
0 36156 15 0
0 36156 0 0
0 36156 1 0
0 36156 2 0
0 693 3 0
0 693 4 0
0 693 5 0
0 693 6 0
0 693 7 0
0 693 8 0
0 60184 9 0
0 60184 10 0
0 60184 11 0
0 60184 12 0
0 60184 13 0
0 60184 14 0
0 61583 15 0
0 61583 0 0
0 61583 1 0
0 61583 2 0
0 61583 3 0
0 61583 4 0
0 12138 5 0
0 12138 6 0
0 12138 7 0
0 12138 8 0
0 12138 9 0
0 12138 10 0
0 21740 11 0
0 21740 12 0
0 21740 13 0
0 21740 14 0
0 21740 15 0
0 21740 0 0
0 64912 1 0
0 64912 2 0
0 64912 3 0
0 64912 4 0
0 64912 5 0
0 64912 6 0
0 18071 7 0
0 18071 8 0
0 18071 9 0
0 18071 10 0
0 18071 11 0
0 18071 12 0
0 49227 13 0
0 49227 14 0
0 49227 15 0
0 49227 0 0
0 49227 1 0
0 49227 2 0
0 36694 3 0
0 36694 4 0
0 36694 5 0
0 36694 6 0
0 36694 7 0
0 36694 8 0
0 60000 9 0
0 60000 10 0
0 60000 11 0
0 60000 12 0
0 60000 13 0
0 60000 14 0
0 12843 15 0
0 12843 0 0
0 12843 1 0
0 12843 2 0
0 12843 3 0
0 12843 4 0
0 31579 5 0
0 31579 6 0
0 31579 7 0
0 31579 8 0
0 31579 9 0
0 31579 10 0
0 22477 11 0
0 22477 12 0
0 22477 13 0
0 22477 14 0
0 22477 15 0
0 22477 0 0
0 55944 1 0
0 55944 2 0
0 55944 3 0
0 55944 4 0
0 55944 5 0
0 55944 6 0
0 57429 7 0
0 57429 8 0
0 57429 9 0
0 57429 10 0
0 57429 11 0
0 57429 12 0
0 10631 13 0
0 10631 14 0
0 10631 15 0
0 10631 0 0
0 10631 1 0
0 10631 2 0
0 7282 3 0
0 7282 4 0
0 7282 5 0
0 7282 6 0
0 7282 7 0
0 7282 8 0
0 6581 9 0
0 6581 10 0
0 6581 11 0
0 6581 12 0
0 6581 13 0
0 6581 14 0
0 47732 15 0
0 47732 0 0
0 47732 1 0
0 47732 2 0
0 47732 3 0
0 47732 4 0
0 42020 5 0
0 42020 6 0
0 42020 7 0
0 42020 8 0
0 42020 9 0
0 42020 10 0
0 42661 11 0
0 42661 12 0
0 42661 13 0
0 42661 14 0
0 42661 15 0
0 42661 0 0
0 7175 1 0
0 7175 2 0
0 7175 3 0
0 7175 4 0
0 7175 5 0
0 7175 6 0
0 28407 7 0
0 28407 8 0
0 28407 9 0
0 28407 10 0
0 28407 11 0
0 28407 12 0
0 60386 13 0
0 60386 14 0
0 60386 15 0
0 60386 0 0
0 60386 1 0
0 60386 2 0
0 31400 3 0
0 31400 4 0
0 31400 5 0
0 31400 6 0
0 31400 7 0
0 31400 8 0
0 43207 9 0
0 43207 10 0
0 43207 11 0
0 43207 12 0
0 43207 13 0
0 43207 14 0
0 35336 15 0
0 35336 0 0
0 35336 1 0
0 35336 2 0
0 35336 3 0
0 35336 4 0
0 57722 5 0
0 57722 6 0
0 57722 7 0
0 57722 8 0
0 57722 9 0
0 57722 10 0
0 50801 11 0
0 50801 12 0
0 50801 13 0
0 50801 14 0
0 50801 15 0
0 50801 0 0
0 4634 1 0
0 4634 2 0
0 4634 3 0
0 4634 4 0
0 4634 5 0
0 4634 6 0
0 62823 7 0
0 62823 8 0
0 62823 9 0
0 62823 10 0
0 62823 11 0
0 62823 12 0
0 41764 13 0
0 41764 14 0
0 41764 15 0
0 41764 0 0
0 41764 1 0
0 41764 2 0
0 9397 3 0
0 9397 4 0
0 9397 5 0
0 9397 6 0
0 9397 7 0
0 9397 8 0
0 6704 9 0
0 6704 10 0
0 6704 11 0
0 6704 12 0
0 6704 13 0
0 6704 14 0
0 38450 15 0
0 38450 0 0
0 38450 1 0
0 38450 2 0
0 38450 3 0
0 38450 4 0
0 57624 5 0
0 57624 6 0
0 57624 7 0
0 57624 8 0
0 57624 9 0
0 57624 10 0
0 710 11 0
0 710 12 0
0 710 13 0
0 710 14 0
0 710 15 0
0 710 0 0
0 49184 1 0
0 49184 2 0
0 49184 3 0
0 49184 4 0
0 49184 5 0
0 49184 6 0
0 62694 7 0
0 62694 8 0
0 62694 9 0
0 62694 10 0
0 62694 11 0
0 62694 12 0
0 32156 13 0
0 32156 14 0
0 32156 15 0
0 32156 0 0
0 32156 1 0
0 32156 2 0
0 5278 3 0
0 5278 4 0
0 5278 5 0
0 5278 6 0
0 5278 7 0
0 5278 8 0
0 29200 9 0
0 29200 10 0
0 29200 11 0
0 29200 12 0
0 29200 13 0
0 29200 14 0
0 54959 15 0
0 54959 0 0
0 54959 1 0
0 54959 2 0
0 54959 3 0
0 54959 4 0
0 4836 5 0
0 4836 6 0
0 4836 7 0
0 4836 8 0
0 4836 9 0
0 4836 10 0
0 36440 11 0
0 36440 12 0
0 36440 13 0
0 36440 14 0
0 36440 15 0
0 36440 0 0
0 27806 1 0
0 27806 2 0
0 27806 3 0
0 27806 4 0
0 27806 5 0
0 27806 6 0
0 36002 7 0
0 36002 8 0
0 36002 9 0
0 36002 10 0
0 36002 11 0
0 36002 12 0
0 53948 13 0
0 53948 14 0
0 53948 15 0
0 53948 0 0
0 53948 1 0
0 53948 2 0
0 64841 3 0
0 64841 4 0
0 64841 5 0
0 64841 6 0
0 64841 7 0
0 64841 8 0
0 34867 9 0
0 34867 10 0
0 34867 11 0
0 34867 12 0
0 34867 13 0
0 34867 14 0
0 30754 15 0
0 30754 0 0
0 30754 1 0
0 30754 2 0
0 30754 3 0
0 30754 4 0
0 18644 5 0
0 18644 6 0
0 18644 7 0
0 18644 8 0
0 18644 9 0
0 18644 10 0
0 62432 11 0
0 62432 12 0
0 62432 13 0
0 62432 14 0
0 62432 15 0
0 62432 0 0
0 29899 1 0
0 29899 2 0
0 29899 3 0
0 29899 4 0
0 29899 5 0
0 29899 6 0
0 14381 7 0
0 14381 8 0
0 14381 9 0
0 14381 10 0
0 14381 11 0
0 14381 12 0
0 34476 13 0
0 34476 14 0
0 34476 15 0
0 34476 0 0
0 34476 1 0
0 34476 2 0
0 1173 3 0
0 1173 4 0
0 1173 5 0
0 1173 6 0
0 1173 7 0
0 1173 8 0
0 26702 9 0
0 26702 10 0
0 26702 11 0
0 26702 12 0
0 26702 13 0
0 26702 14 0
0 28134 15 0
0 28134 0 0
0 28134 1 0
0 28134 2 0
0 28134 3 0
0 28134 4 0
0 31970 5 0
0 31970 6 0
0 31970 7 0
0 31970 8 0
0 31970 9 0
0 31970 10 0
0 62669 11 0
0 62669 12 0
0 62669 13 0
0 62669 14 0
0 62669 15 0
0 62669 0 0
0 19677 1 0
0 19677 2 0
0 19677 3 0
0 19677 4 0
0 19677 5 0
0 19677 6 0
0 16563 7 0
0 16563 8 0
0 16563 9 0
0 16563 10 0
0 16563 11 0
0 16563 12 0
0 5934 13 0
0 5934 14 0
0 5934 15 0
0 5934 0 0
0 5934 1 0
0 5934 2 0
0 63132 3 0
0 63132 4 0
0 63132 5 0
0 63132 6 0
0 63132 7 0
0 63132 8 0
0 36643 9 0
0 36643 10 0
0 36643 11 0
0 36643 12 0
0 36643 13 0
0 36643 14 0
0 45639 15 0
0 45639 0 0
0 45639 1 0
0 45639 2 0
0 45639 3 0
0 45639 4 0
0 27850 5 0
0 27850 6 0
0 27850 7 0
0 27850 8 0
0 27850 9 0
0 27850 10 0
0 55211 11 0
0 55211 12 0
0 55211 13 0
0 55211 14 0
0 55211 15 0
0 55211 0 0
0 26355 1 0
0 26355 2 0
0 26355 3 0
0 26355 4 0
0 26355 5 0
0 26355 6 0
0 26197 7 0
0 26197 8 0
0 26197 9 0
0 26197 10 0
0 26197 11 0
0 26197 12 0
0 15209 13 0
0 15209 14 0
0 15209 15 0
0 15209 0 0
0 15209 1 0
0 15209 2 0
0 14533 3 0
0 14533 4 0
0 14533 5 0
0 14533 6 0
0 14533 7 0
0 14533 8 0
0 41425 9 0
0 41425 10 0
0 41425 11 0
0 41425 12 0
0 41425 13 0
0 41425 14 0
0 48077 15 0
0 48077 0 0
0 48077 1 0
0 48077 2 0
0 48077 3 0
0 48077 4 0
0 7798 5 0
0 7798 6 0
0 7798 7 0
0 7798 8 0
0 7798 9 0
0 7798 10 0
0 65318 11 0
0 65318 12 0
0 65318 13 0
0 65318 14 0
0 65318 15 0
0 65318 0 0
0 29405 1 0
0 29405 2 0
0 29405 3 0
0 29405 4 0
0 29405 5 0
0 29405 6 0
0 8177 7 0
0 8177 8 0
0 8177 9 0
0 8177 10 0
0 8177 11 0
0 8177 12 0
0 25810 13 0
0 25810 14 0
0 25810 15 0
0 25810 0 0
0 25810 1 0
0 25810 2 0
0 22177 3 0
0 22177 4 0
0 22177 5 0
0 22177 6 0
0 22177 7 0
0 22177 8 0
0 49891 9 0
0 49891 10 0
0 49891 11 0
0 49891 12 0
0 49891 13 0
0 49891 14 0
0 21363 15 0
0 21363 0 0
0 21363 1 0
0 21363 2 0
0 21363 3 0
0 21363 4 0
0 7236 5 0
0 7236 6 0
0 7236 7 0
0 7236 8 0
0 7236 9 0
0 7236 10 0
0 28577 11 0
0 28577 12 0
0 28577 13 0
0 28577 14 0
0 28577 15 0
0 28577 0 0
0 34032 1 0
0 34032 2 0
0 34032 3 0
0 34032 4 0
0 34032 5 0
0 34032 6 0
0 11155 7 0
0 11155 8 0
0 11155 9 0
0 11155 10 0
0 11155 11 0
0 11155 12 0
0 48513 13 0
0 48513 14 0
0 48513 15 0
0 48513 0 0
0 48513 1 0
0 48513 2 0
0 9044 3 0
0 9044 4 0
0 9044 5 0
0 9044 6 0
0 9044 7 0
0 9044 8 0
0 55567 9 0
0 55567 10 0
0 55567 11 0
0 55567 12 0
0 55567 13 0
0 55567 14 0
0 46153 15 0
0 46153 0 0
0 46153 1 0
0 46153 2 0
0 46153 3 0
0 46153 4 0
0 27442 5 0
0 27442 6 0
0 27442 7 0
0 27442 8 0
0 27442 9 0
0 27442 10 0
0 34768 11 0
0 34768 12 0
0 34768 13 0
0 34768 14 0
0 34768 15 0
0 34768 0 0
0 31126 1 0
0 31126 2 0
0 31126 3 0
0 31126 4 0
0 31126 5 0
0 31126 6 0
0 39290 7 0
0 39290 8 0
0 39290 9 0
0 39290 10 0
0 39290 11 0
0 39290 12 0
0 60574 13 0
0 60574 14 0
0 60574 15 0
0 60574 0 0
0 60574 1 0
0 60574 2 0
0 33080 3 0
0 33080 4 0
0 33080 5 0
0 33080 6 0
0 33080 7 0
0 33080 8 0
0 36205 9 0
0 36205 10 0
0 36205 11 0
0 36205 12 0
0 36205 13 0
0 36205 14 0
0 6691 15 0
0 6691 0 0
0 6691 1 0
0 6691 2 0
0 6691 3 0
0 6691 4 0
0 22552 5 0
0 22552 6 0
0 22552 7 0
0 22552 8 0
0 22552 9 0
0 22552 10 0
0 86 11 0
0 86 12 0
0 86 13 0
0 86 14 0
0 86 15 0
0 86 0 0
0 61609 1 0
0 61609 2 0
0 61609 3 0
0 61609 4 0
0 61609 5 0
0 61609 6 0
0 11338 7 0
0 11338 8 0
0 11338 9 0
0 11338 10 0
0 11338 11 0
0 11338 12 0
0 49530 13 0
0 49530 14 0
0 49530 15 0
0 49530 0 0
0 49530 1 0
0 49530 2 0
0 50383 3 0
0 50383 4 0
0 50383 5 0
0 50383 6 0
0 50383 7 0
0 50383 8 0
0 22471 9 0
0 22471 10 0
0 22471 11 0
0 22471 12 0
0 22471 13 0
0 22471 14 0
0 29738 15 0
0 29738 0 0
0 29738 1 0
0 29738 2 0
0 29738 3 0
0 29738 4 0
0 3937 5 0
0 3937 6 0
0 3937 7 0
0 3937 8 0
0 3937 9 0
0 3937 10 0
0 52758 11 0
0 52758 12 0
0 52758 13 0
0 52758 14 0
0 52758 15 0
0 52758 0 0
0 12947 1 0
0 12947 2 0
0 12947 3 0
0 12947 4 0
0 12947 5 0
0 12947 6 0
0 57893 7 0
0 57893 8 0
0 57893 9 0
0 57893 10 0
0 57893 11 0
0 57893 12 0
0 24299 13 0
0 24299 14 0
0 24299 15 0
0 24299 0 0
0 24299 1 0
0 24299 2 0
0 44728 3 0
0 44728 4 0
0 44728 5 0
0 44728 6 0
0 44728 7 0
0 44728 8 0
0 646 9 0
0 646 10 0
0 646 11 0
0 646 12 0
0 646 13 0
0 646 14 0
0 7319 15 0
0 7319 0 0
0 7319 1 0
0 7319 2 0
0 7319 3 0
0 7319 4 0
0 59408 5 0
0 59408 6 0
0 59408 7 0
0 59408 8 0
0 59408 9 0
0 59408 10 0
0 38027 11 0
0 38027 12 0
0 38027 13 0
0 38027 14 0
0 38027 15 0
0 38027 0 0
0 50818 1 0
0 50818 2 0
0 50818 3 0
0 50818 4 0
0 50818 5 0
0 50818 6 0
0 17576 7 0
0 17576 8 0
0 17576 9 0
0 17576 10 0
0 17576 11 0
0 17576 12 0
0 43571 13 0
0 43571 14 0
0 43571 15 0
0 43571 0 0
0 43571 1 0
0 43571 2 0
0 31732 3 0
0 31732 4 0
0 31732 5 0
0 31732 6 0
0 31732 7 0
0 31732 8 0
0 39630 9 0
0 39630 10 0
0 39630 11 0
0 39630 12 0
0 39630 13 0
0 39630 14 0
0 13014 15 0
0 13014 0 0
0 13014 1 0
0 13014 2 0
0 13014 3 0
0 13014 4 0
0 46550 5 0
0 46550 6 0
0 46550 7 0
0 46550 8 0
0 46550 9 0
0 46550 10 0
0 13166 11 0
0 13166 12 0
0 13166 13 0
0 13166 14 0
0 13166 15 0
0 13166 0 0
0 44082 1 0
0 44082 2 0
0 44082 3 0
0 44082 4 0
0 44082 5 0
0 44082 6 0
0 64660 7 0
0 64660 8 0
0 64660 9 0
0 64660 10 0
0 64660 11 0
0 64660 12 0
0 16891 13 0
0 16891 14 0
0 16891 15 0
0 16891 0 0
0 16891 1 0
0 16891 2 0
0 26100 3 0
0 26100 4 0
0 26100 5 0
0 26100 6 0
0 26100 7 0
0 26100 8 0
0 62121 9 0
0 62121 10 0
0 62121 11 0
0 62121 12 0
0 62121 13 0
0 62121 14 0
0 51801 15 0
0 51801 0 0
0 51801 1 0
0 51801 2 0
0 51801 3 0
0 51801 4 0
0 52428 5 0
0 52428 6 0
0 52428 7 0
0 52428 8 0
0 52428 9 0
0 52428 10 0
0 50724 11 0
0 50724 12 0
0 50724 13 0
0 50724 14 0
0 50724 15 0
0 50724 0 0
0 29810 1 0
0 29810 2 0
0 29810 3 0
0 29810 4 0
0 29810 5 0
0 29810 6 0
0 13979 7 0
0 13979 8 0
0 13979 9 0
0 13979 10 0
0 13979 11 0
0 13979 12 0
0 45620 13 0
0 45620 14 0
0 45620 15 0
0 45620 0 0
0 45620 1 0
0 45620 2 0
0 51666 3 0
0 51666 4 0
0 51666 5 0
0 51666 6 0
0 51666 7 0
0 51666 8 0
0 3671 9 0
0 3671 10 0
0 3671 11 0
0 3671 12 0
0 3671 13 0
0 3671 14 0
0 9904 15 0
0 9904 0 0
0 9904 1 0
0 9904 2 0
0 9904 3 0
0 9904 4 0
0 29618 5 0
0 29618 6 0
0 29618 7 0
0 29618 8 0
0 29618 9 0
0 29618 10 0
0 44578 11 0
0 44578 12 0
0 44578 13 0
0 44578 14 0
0 44578 15 0
0 44578 0 0
0 26746 1 0
0 26746 2 0
0 26746 3 0
0 26746 4 0
0 26746 5 0
0 26746 6 0
0 39144 7 0
0 39144 8 0
0 39144 9 0
0 39144 10 0
0 39144 11 0
0 39144 12 0
0 42171 13 0
0 42171 14 0
0 42171 15 0
0 42171 0 0
0 42171 1 0
0 42171 2 0
0 14017 3 0
0 14017 4 0
0 14017 5 0
0 14017 6 0
0 14017 7 0
0 14017 8 0
0 59617 9 0
0 59617 10 0
0 59617 11 0
0 59617 12 0
0 59617 13 0
0 59617 14 0
0 39163 15 0
0 39163 0 0
0 39163 1 0
0 39163 2 0
0 39163 3 0
0 39163 4 0
0 14816 5 0
0 14816 6 0
0 14816 7 0
0 14816 8 0
0 14816 9 0
0 14816 10 0
0 44400 11 0
0 44400 12 0
0 44400 13 0
0 44400 14 0
0 44400 15 0
0 44400 0 0
0 1373 1 0
0 1373 2 0
0 1373 3 0
0 1373 4 0
0 1373 5 0
0 1373 6 0
0 16374 7 0
0 16374 8 0
0 16374 9 0
0 16374 10 0
0 16374 11 0
0 16374 12 0
0 51809 13 0
0 51809 14 0
0 51809 15 0
0 51809 0 0
0 51809 1 0
0 51809 2 0
0 4695 3 0
0 4695 4 0
0 4695 5 0
0 4695 6 0
0 4695 7 0
0 4695 8 0
0 52319 9 0
0 52319 10 0
0 52319 11 0
0 52319 12 0
0 52319 13 0
0 52319 14 0
0 34549 15 0
0 34549 0 0
0 34549 1 0
0 34549 2 0
0 34549 3 0
0 34549 4 0
0 64888 5 0
0 64888 6 0
0 64888 7 0
0 64888 8 0
0 64888 9 0
0 64888 10 0
0 50862 11 0
0 50862 12 0
0 50862 13 0
0 50862 14 0
0 50862 15 0
0 50862 0 0
0 22306 1 0
0 22306 2 0
0 22306 3 0
0 22306 4 0
0 22306 5 0
0 22306 6 0
0 61593 7 0
0 61593 8 0
0 61593 9 0
0 61593 10 0
0 61593 11 0
0 61593 12 0
0 540 13 0
0 540 14 0
0 540 15 0
0 540 0 0
0 540 1 0
0 540 2 0
0 19977 3 0
0 19977 4 0
0 19977 5 0
0 19977 6 0
0 19977 7 0
0 19977 8 0
0 17782 9 0
0 17782 10 0
0 17782 11 0
0 17782 12 0
0 17782 13 0
0 17782 14 0
0 52106 15 0
0 52106 0 0
0 52106 1 0
0 52106 2 0
0 52106 3 0
0 52106 4 0
0 21751 5 0
0 21751 6 0
0 21751 7 0
0 21751 8 0
0 21751 9 0
0 21751 10 0
0 13551 11 0
0 13551 12 0
0 13551 13 0
0 13551 14 0
0 13551 15 0
0 13551 0 0
0 56814 1 0
0 56814 2 0
0 56814 3 0
0 56814 4 0
0 56814 5 0
0 56814 6 0
0 26228 7 0
0 26228 8 0
0 26228 9 0
0 26228 10 0
0 26228 11 0
0 26228 12 0
0 9957 13 0
0 9957 14 0
0 9957 15 0
0 9957 0 0
0 9957 1 0
0 9957 2 0
0 43947 3 0
0 43947 4 0
0 43947 5 0
0 43947 6 0
0 43947 7 0
0 43947 8 0
0 56010 9 0
0 56010 10 0
0 56010 11 0
0 56010 12 0
0 56010 13 0
0 56010 14 0
0 38180 15 0
0 38180 0 0
0 38180 1 0
0 38180 2 0
0 38180 3 0
0 38180 4 0
0 42410 5 0
0 42410 6 0
0 42410 7 0
0 42410 8 0
0 42410 9 0
0 42410 10 0
0 34222 11 0
0 34222 12 0
0 34222 13 0
0 34222 14 0
0 34222 15 0
0 34222 0 0
0 60661 1 0
0 60661 2 0
0 60661 3 0
0 60661 4 0
0 60661 5 0
0 60661 6 0
0 611 7 0
0 611 8 0
0 611 9 0
0 611 10 0
0 611 11 0
0 611 12 0
0 815 13 0
0 815 14 0
0 815 15 0
0 815 0 0
0 815 1 0
0 815 2 0
0 46714 3 0
0 46714 4 0
0 46714 5 0
0 46714 6 0
0 46714 7 0
0 46714 8 0
0 10706 9 0
0 10706 10 0
0 10706 11 0
0 10706 12 0
0 10706 13 0
0 10706 14 0
0 12292 15 0
0 12292 0 0
0 12292 1 0
0 12292 2 0
0 12292 3 0
0 12292 4 0
0 4494 5 0
0 4494 6 0
0 4494 7 0
0 4494 8 0
0 4494 9 0
0 4494 10 0
0 16521 11 0
0 16521 12 0
0 16521 13 0
0 16521 14 0
0 16521 15 0
0 16521 0 0
0 21597 1 0
0 21597 2 0
0 21597 3 0
0 21597 4 0
0 21597 5 0
0 21597 6 0
0 39629 7 0
0 39629 8 0
0 39629 9 0
0 39629 10 0
0 39629 11 0
0 39629 12 0
0 27292 13 0
0 27292 14 0
0 27292 15 0
0 27292 0 0
0 27292 1 0
0 27292 2 0
0 34658 3 0
0 34658 4 0
0 34658 5 0
0 34658 6 0
0 34658 7 0
0 34658 8 0
0 11787 9 0
0 11787 10 0
0 11787 11 0
0 11787 12 0
0 11787 13 0
0 11787 14 0
0 38769 15 0
0 38769 0 0
0 38769 1 0
0 38769 2 0
0 38769 3 0
0 38769 4 0
0 41456 5 0
0 41456 6 0
0 41456 7 0
0 41456 8 0
0 41456 9 0
0 41456 10 0
0 32396 11 0
0 32396 12 0
0 32396 13 0
0 32396 14 0
0 32396 15 0
0 32396 0 0
0 60181 1 0
0 60181 2 0
0 60181 3 0
0 60181 4 0
0 60181 5 0
0 60181 6 0
0 13324 7 0
0 13324 8 0
0 13324 9 0
0 13324 10 0
0 13324 11 0
0 13324 12 0
0 14618 13 0
0 14618 14 0
0 14618 15 0
0 14618 0 0
0 14618 1 0
0 14618 2 0
0 30758 3 0
0 30758 4 0
0 30758 5 0
0 30758 6 0
0 30758 7 0
0 30758 8 0
0 15134 9 0
0 15134 10 0
0 15134 11 0
0 15134 12 0
0 15134 13 0
0 15134 14 0
0 48363 15 0
0 48363 0 0
0 48363 1 0
0 48363 2 0
0 48363 3 0
0 48363 4 0
0 24500 5 0
0 24500 6 0
0 24500 7 0
0 24500 8 0
0 24500 9 0
0 24500 10 0
0 36485 11 0
0 36485 12 0
0 36485 13 0
0 36485 14 0
0 36485 15 0
0 36485 0 0
0 50642 1 0
0 50642 2 0
0 50642 3 0
0 50642 4 0
0 50642 5 0
0 50642 6 0
0 3663 7 0
0 3663 8 0
0 3663 9 0
0 3663 10 0
0 3663 11 0
0 3663 12 0
0 8562 13 0
0 8562 14 0
0 8562 15 0
0 8562 0 0
0 8562 1 0
0 8562 2 0
0 10582 3 0
0 10582 4 0
0 10582 5 0
0 10582 6 0
0 10582 7 0
0 10582 8 0
0 19349 9 0
0 19349 10 0
0 19349 11 0
0 19349 12 0
0 19349 13 0
0 19349 14 0
0 47080 15 0
0 47080 0 0
0 47080 1 0
0 47080 2 0
0 47080 3 0
0 47080 4 0
0 7001 5 0
0 7001 6 0
0 7001 7 0
0 7001 8 0
0 7001 9 0
0 7001 10 0
0 59295 11 0
0 59295 12 0
0 59295 13 0
0 59295 14 0
0 59295 15 0
0 59295 0 0
0 5181 1 0
0 5181 2 0
0 5181 3 0
0 5181 4 0
0 5181 5 0
0 5181 6 0
0 2049 7 0
0 2049 8 0
0 2049 9 0
0 2049 10 0
0 2049 11 0
0 2049 12 0
0 13565 13 0
0 13565 14 0
0 13565 15 0
0 13565 0 0
0 13565 1 0
0 13565 2 0
0 46867 3 0
0 46867 4 0
0 46867 5 0
0 46867 6 0
0 46867 7 0
0 46867 8 0
0 39611 9 0
0 39611 10 0
0 39611 11 0
0 39611 12 0
0 39611 13 0
0 39611 14 0
0 2738 15 0
0 2738 0 0
0 2738 1 0
0 2738 2 0
0 2738 3 0
0 2738 4 0
0 45669 5 0
0 45669 6 0
0 45669 7 0
0 45669 8 0
0 45669 9 0
0 45669 10 0
0 27750 11 0
0 27750 12 0
0 27750 13 0
0 27750 14 0
0 27750 15 0
0 27750 0 0
0 9627 1 0
0 9627 2 0
0 9627 3 0
0 9627 4 0
0 9627 5 0
0 9627 6 0
0 52655 7 0
0 52655 8 0
0 52655 9 0
0 52655 10 0
0 52655 11 0
0 52655 12 0
0 57030 13 0
0 57030 14 0
0 57030 15 0
0 57030 0 0
0 57030 1 0
0 57030 2 0
0 44367 3 0
0 44367 4 0
0 44367 5 0
0 44367 6 0
0 44367 7 0
0 44367 8 0
0 16410 9 0
0 16410 10 0
0 16410 11 0
0 16410 12 0
0 16410 13 0
0 16410 14 0
0 13333 15 0
0 13333 0 0
0 13333 1 0
0 13333 2 0
0 13333 3 0
0 13333 4 0
0 52564 5 0
0 52564 6 0
0 52564 7 0
0 52564 8 0
0 52564 9 0
0 52564 10 0
0 31151 11 0
0 31151 12 0
0 31151 13 0
0 31151 14 0
0 31151 15 0
0 31151 0 0
0 2787 1 0
0 2787 2 0
0 2787 3 0
0 2787 4 0
0 2787 5 0
0 2787 6 0
0 10652 7 0
0 10652 8 0
0 10652 9 0
0 10652 10 0
0 10652 11 0
0 10652 12 0
0 33864 13 0
0 33864 14 0
0 33864 15 0
0 33864 0 0
0 33864 1 0
0 33864 2 0
0 1415 3 0
0 1415 4 0
0 1415 5 0
0 1415 6 0
0 1415 7 0
0 1415 8 0
0 16354 9 0
0 16354 10 0
0 16354 11 0
0 16354 12 0
0 16354 13 0
0 16354 14 0
0 46402 15 0
0 46402 0 0
0 46402 1 0
0 46402 2 0
0 46402 3 0
0 46402 4 0
0 48874 5 0
0 48874 6 0
0 48874 7 0
0 48874 8 0
0 48874 9 0
0 48874 10 0
0 18720 11 0
0 18720 12 0
0 18720 13 0
0 18720 14 0
0 18720 15 0
0 18720 0 0
0 33893 1 0
0 33893 2 0
0 33893 3 0
0 33893 4 0
0 33893 5 0
0 33893 6 0
0 17211 7 0
0 17211 8 0
0 17211 9 0
0 17211 10 0
0 17211 11 0
0 17211 12 0
0 52465 13 0
0 52465 14 0
0 52465 15 0
0 52465 0 0
0 52465 1 0
0 52465 2 0
0 42504 3 0
0 42504 4 0
0 42504 5 0
0 42504 6 0
0 42504 7 0
0 42504 8 0
0 58335 9 0
0 58335 10 0
0 58335 11 0
0 58335 12 0
0 58335 13 0
0 58335 14 0
0 59704 15 0
0 59704 0 0
0 59704 1 0
0 59704 2 0
0 59704 3 0
0 59704 4 0
0 56339 5 0
0 56339 6 0
0 56339 7 0
0 56339 8 0
0 56339 9 0
0 56339 10 0
0 33827 11 0
0 33827 12 0
0 33827 13 0
0 33827 14 0
0 33827 15 0
0 33827 0 0
0 5361 1 0
0 5361 2 0
0 5361 3 0
0 5361 4 0
0 5361 5 0
0 5361 6 0
0 59299 7 0
0 59299 8 0
0 59299 9 0
0 59299 10 0
0 59299 11 0
0 59299 12 0
0 46000 13 0
0 46000 14 0
0 46000 15 0
0 46000 0 0
0 46000 1 0
0 46000 2 0
0 7158 3 0
0 7158 4 0
0 7158 5 0
0 7158 6 0
0 7158 7 0
0 7158 8 0
0 38465 9 0
0 38465 10 0
0 38465 11 0
0 38465 12 0
0 38465 13 0
0 38465 14 0
0 59561 15 0
0 59561 0 0
0 59561 1 0
0 59561 2 0
0 59561 3 0
0 59561 4 0
0 56042 5 0
0 56042 6 0
0 56042 7 0
0 56042 8 0
0 56042 9 0
0 56042 10 0
0 13804 11 0
0 13804 12 0
0 13804 13 0
0 13804 14 0
0 13804 15 0
0 13804 0 0
0 5461 1 0
0 5461 2 0
0 5461 3 0
0 5461 4 0
0 5461 5 0
0 5461 6 0
0 14369 7 0
0 14369 8 0
0 14369 9 0
0 14369 10 0
0 14369 11 0
0 14369 12 0
0 62889 13 0
0 62889 14 0
0 62889 15 0
0 62889 0 0
0 62889 1 0
0 62889 2 0
0 45919 3 0
0 45919 4 0
0 45919 5 0
0 45919 6 0
0 45919 7 0
0 45919 8 0
0 46427 9 0
0 46427 10 0
0 46427 11 0
0 46427 12 0
0 46427 13 0
0 46427 14 0
0 37208 15 0
0 37208 0 0
0 37208 1 0
0 37208 2 0
0 37208 3 0
0 37208 4 0
0 50053 5 0
0 50053 6 0
0 50053 7 0
0 50053 8 0
0 50053 9 0
0 50053 10 0
0 50054 11 0
0 50054 12 0
0 50054 13 0
0 50054 14 0
0 50054 15 0
0 50054 0 0
0 37938 1 0
0 37938 2 0
0 37938 3 0
0 37938 4 0
0 37938 5 0
0 37938 6 0
0 50746 7 0
0 50746 8 0
0 50746 9 0
0 50746 10 0
0 50746 11 0
0 50746 12 0
0 31147 13 0
0 31147 14 0
0 31147 15 0
0 31147 0 0
0 31147 1 0
0 31147 2 0
0 60396 3 0
0 60396 4 0
0 60396 5 0
0 60396 6 0
0 60396 7 0
0 60396 8 0
0 62817 9 0
0 62817 10 0
0 62817 11 0
0 62817 12 0
0 62817 13 0
0 62817 14 0
0 8743 15 0
0 8743 0 0
0 8743 1 0
0 8743 2 0
0 8743 3 0
0 8743 4 0
0 30742 5 0
0 30742 6 0
0 30742 7 0
0 30742 8 0
0 30742 9 0
0 30742 10 0
0 61592 11 0
0 61592 12 0
0 61592 13 0
0 61592 14 0
0 61592 15 0
0 61592 0 0
0 2865 1 0
0 2865 2 0
0 2865 3 0
0 2865 4 0
0 2865 5 0
0 2865 6 0
0 55826 7 0
0 55826 8 0
0 55826 9 0
0 55826 10 0
0 55826 11 0
0 55826 12 0
0 45192 13 0
0 45192 14 0
0 45192 15 0
0 45192 0 0
0 45192 1 0
0 45192 2 0
0 37235 3 0
0 37235 4 0
0 37235 5 0
0 37235 6 0
0 37235 7 0
0 37235 8 0
0 42996 9 0
0 42996 10 0
0 42996 11 0
0 42996 12 0
0 42996 13 0
0 42996 14 0
0 17321 15 0
0 17321 0 0
0 17321 1 0
0 17321 2 0
0 17321 3 0
0 17321 4 0
0 29100 5 0
0 29100 6 0
0 29100 7 0
0 29100 8 0
0 29100 9 0
0 29100 10 0
0 36478 11 0
0 36478 12 0
0 36478 13 0
0 36478 14 0
0 36478 15 0
0 36478 0 0
0 42543 1 0
0 42543 2 0
0 42543 3 0
0 42543 4 0
0 42543 5 0
0 42543 6 0
0 21114 7 0
0 21114 8 0
0 21114 9 0
0 21114 10 0
0 21114 11 0
0 21114 12 0
0 3960 13 0
0 3960 14 0
0 3960 15 0
0 3960 0 0
0 3960 1 0
0 3960 2 0
0 33196 3 0
0 33196 4 0
0 33196 5 0
0 33196 6 0
0 33196 7 0
0 33196 8 0
0 1672 9 0
0 1672 10 0
0 1672 11 0
0 1672 12 0
0 1672 13 0
0 1672 14 0
0 51341 15 0
0 51341 0 0
0 51341 1 0
0 51341 2 0
0 51341 3 0
0 51341 4 0
0 57261 5 0
0 57261 6 0
0 57261 7 0
0 57261 8 0
0 57261 9 0
0 57261 10 0
0 46496 11 0
0 46496 12 0
0 46496 13 0
0 46496 14 0
0 46496 15 0
0 46496 0 0
0 8124 1 0
0 8124 2 0
0 8124 3 0
0 8124 4 0
0 8124 5 0
0 8124 6 0
0 37563 7 0
0 37563 8 0
0 37563 9 0
0 37563 10 0
0 37563 11 0
0 37563 12 0
0 45093 13 0
0 45093 14 0
0 45093 15 0
0 45093 0 0
0 45093 1 0
0 45093 2 0
0 65187 3 0
0 65187 4 0
0 65187 5 0
0 65187 6 0
0 65187 7 0
0 65187 8 0
0 37712 9 0
0 37712 10 0
0 37712 11 0
0 37712 12 0
0 37712 13 0
0 37712 14 0
0 14412 15 0
0 14412 0 0
0 14412 1 0
0 14412 2 0
0 14412 3 0
0 14412 4 0
0 19593 5 0
0 19593 6 0
0 19593 7 0
0 19593 8 0
0 19593 9 0
0 19593 10 0
0 62672 11 0
0 62672 12 0
0 62672 13 0
0 62672 14 0
0 62672 15 0
0 62672 0 0
0 5902 1 0
0 5902 2 0
0 5902 3 0
0 5902 4 0
0 5902 5 0
0 5902 6 0
0 26175 7 0
0 26175 8 0
0 26175 9 0
0 26175 10 0
0 26175 11 0
0 26175 12 0
0 12632 13 0
0 12632 14 0
0 12632 15 0
0 12632 0 0
0 12632 1 0
0 12632 2 0
0 60032 3 0
0 60032 4 0
0 60032 5 0
0 60032 6 0
0 60032 7 0
0 60032 8 0
0 2205 9 0
0 2205 10 0
0 2205 11 0
0 2205 12 0
0 2205 13 0
0 2205 14 0
0 29308 15 0
0 29308 0 0
0 29308 1 0
0 29308 2 0
0 29308 3 0
0 29308 4 0
0 47438 5 0
0 47438 6 0
0 47438 7 0
0 47438 8 0
0 47438 9 0
0 47438 10 0
0 43687 11 0
0 43687 12 0
0 43687 13 0
0 43687 14 0
0 43687 15 0
0 43687 0 0
0 64892 1 0
0 64892 2 0
0 64892 3 0
0 64892 4 0
0 64892 5 0
0 64892 6 0
0 16390 7 0
0 16390 8 0
0 16390 9 0
0 16390 10 0
0 16390 11 0
0 16390 12 0
0 36100 13 0
0 36100 14 0
0 36100 15 0
0 36100 0 0
0 36100 1 0
0 36100 2 0
0 49040 3 0
0 49040 4 0
0 49040 5 0
0 49040 6 0
0 49040 7 0
0 49040 8 0
0 22229 9 0
0 22229 10 0
0 22229 11 0
0 22229 12 0
0 22229 13 0
0 22229 14 0
0 6606 15 0
0 6606 0 0
0 6606 1 0
0 6606 2 0
0 6606 3 0
0 6606 4 0
0 45457 5 0
0 45457 6 0
0 45457 7 0
0 45457 8 0
0 45457 9 0
0 45457 10 0
0 46544 11 0
0 46544 12 0
0 46544 13 0
0 46544 14 0
0 46544 15 0
0 46544 0 0
0 36375 1 0
0 36375 2 0
0 36375 3 0
0 36375 4 0
0 36375 5 0
0 36375 6 0
0 20019 7 0
0 20019 8 0
0 20019 9 0
0 20019 10 0
0 20019 11 0
0 20019 12 0
0 20099 13 0
0 20099 14 0
0 20099 15 0
0 20099 0 0
0 20099 1 0
0 20099 2 0
0 29516 3 0
0 29516 4 0
0 29516 5 0
0 29516 6 0
0 29516 7 0
0 29516 8 0
0 32556 9 0
0 32556 10 0
0 32556 11 0
0 32556 12 0
0 32556 13 0
0 32556 14 0
0 19201 15 0
0 19201 0 0
0 19201 1 0
0 19201 2 0
0 19201 3 0
0 19201 4 0
0 3164 5 0
0 3164 6 0
0 3164 7 0
0 3164 8 0
0 3164 9 0
0 3164 10 0
0 28682 11 0
0 28682 12 0
0 28682 13 0
0 28682 14 0
0 28682 15 0
0 28682 0 0
0 38078 1 0
0 38078 2 0
0 38078 3 0
0 38078 4 0
0 38078 5 0
0 38078 6 0
0 31940 7 0
0 31940 8 0
0 31940 9 0
0 31940 10 0
0 31940 11 0
0 31940 12 0
0 40859 13 0
0 40859 14 0
0 40859 15 0
0 40859 0 0
0 40859 1 0
0 40859 2 0
0 64656 3 0
0 64656 4 0
0 64656 5 0
0 64656 6 0
0 64656 7 0
0 64656 8 0
0 9215 9 0
0 9215 10 0
0 9215 11 0
0 9215 12 0
0 9215 13 0
0 9215 14 0
0 13656 15 0
0 13656 0 0
0 13656 1 0
0 13656 2 0
0 13656 3 0
0 13656 4 0
0 47620 5 0
0 47620 6 0
0 47620 7 0
0 47620 8 0
0 47620 9 0
0 47620 10 0
0 53962 11 0
0 53962 12 0
0 53962 13 0
0 53962 14 0
0 53962 15 0
0 53962 0 0
0 9111 1 0
0 9111 2 0
0 9111 3 0
0 9111 4 0
0 9111 5 0
0 9111 6 0
0 34862 7 0
0 34862 8 0
0 34862 9 0
0 34862 10 0
0 34862 11 0
0 34862 12 0
0 7520 13 0
0 7520 14 0
0 7520 15 0
0 7520 0 0
0 7520 1 0
0 7520 2 0
0 33762 3 0
0 33762 4 0
0 33762 5 0
0 33762 6 0
0 33762 7 0
0 33762 8 0
0 10339 9 0
0 10339 10 0
0 10339 11 0
0 10339 12 0
0 10339 13 0
0 10339 14 0
0 17669 15 0
0 17669 0 0
0 17669 1 0
0 17669 2 0
0 17669 3 0
0 17669 4 0
0 55119 5 0
0 55119 6 0
0 55119 7 0
0 55119 8 0
0 55119 9 0
0 55119 10 0
0 7122 11 0
0 7122 12 0
0 7122 13 0
0 7122 14 0
0 7122 15 0
0 7122 0 0
0 25590 1 0
0 25590 2 0
0 25590 3 0
0 25590 4 0
0 25590 5 0
0 25590 6 0
0 64321 7 0
0 64321 8 0
0 64321 9 0
0 64321 10 0
0 64321 11 0
0 64321 12 0
0 13900 13 0
0 13900 14 0
0 13900 15 0
