0 0 0 0
0 0 1 0
0 0 2 0
0 0 3 0
0 0 4 0
0 15194 5 0
0 15194 6 0
0 15194 7 0
0 15194 8 0
0 15194 9 0
0 15194 10 0
0 48746 11 0
0 48746 12 0
0 48746 13 0
0 48746 14 0
0 48746 15 0
0 48746 0 0
0 12780 1 0
0 12780 2 0
0 12780 3 0
0 12780 4 0
0 12780 5 0
0 12780 6 0
0 42926 7 0
0 42926 8 0
0 42926 9 0
0 42926 10 0
0 42926 11 0
0 42926 12 0
0 16953 13 0
0 16953 14 0
0 16953 15 0
0 16953 0 0
0 16953 1 0
0 16953 2 0
0 41939 3 0
0 41939 4 0
0 41939 5 0
0 41939 6 0
0 41939 7 0
0 41939 8 0
0 38716 9 0
0 38716 10 0
0 38716 11 0
0 38716 12 0
0 38716 13 0
0 38716 14 0
0 31737 15 0
0 31737 0 0
0 31737 1 0
0 31737 2 0
0 31737 3 0
0 31737 4 0
0 58295 5 0
0 58295 6 0
0 58295 7 0
0 58295 8 0
0 58295 9 0
0 58295 10 0
0 37035 11 0
0 37035 12 0
0 37035 13 0
0 37035 14 0
0 37035 15 0
0 37035 0 0
0 53402 1 0
0 53402 2 0
0 53402 3 0
0 53402 4 0
0 53402 5 0
0 53402 6 0
0 1956 7 0
0 1956 8 0
0 1956 9 0
0 1956 10 0
0 1956 11 0
0 1956 12 0
0 64992 13 0
0 64992 14 0
0 64992 15 0
0 64992 0 0
0 64992 1 0
0 64992 2 0
0 1304 3 0
0 1304 4 0
0 1304 5 0
0 1304 6 0
0 1304 7 0
0 1304 8 0
0 47457 9 0
0 47457 10 0
0 47457 11 0
0 47457 12 0
0 47457 13 0
0 47457 14 0
0 62027 15 0
0 62027 0 0
0 62027 1 0
0 62027 2 0
0 62027 3 0
0 62027 4 0
0 18282 5 0
0 18282 6 0
0 18282 7 0
0 18282 8 0
0 18282 9 0
0 18282 10 0
0 50340 11 0
0 50340 12 0
0 50340 13 0
0 50340 14 0
0 50340 15 0
0 50340 0 0
0 51304 1 0
0 51304 2 0
0 51304 3 0
0 51304 4 0
0 51304 5 0
0 51304 6 0
0 56589 7 0
0 56589 8 0
0 56589 9 0
0 56589 10 0
0 56589 11 0
0 56589 12 0
0 7348 13 0
0 7348 14 0
0 7348 15 0
0 7348 0 0
0 7348 1 0
0 7348 2 0
0 15593 3 0
0 15593 4 0
0 15593 5 0
0 15593 6 0
0 15593 7 0
0 15593 8 0
0 42036 9 0
0 42036 10 0
0 42036 11 0
0 42036 12 0
0 42036 13 0
0 42036 14 0
0 8724 15 0
0 8724 0 0
0 8724 1 0
0 8724 2 0
0 8724 3 0
0 8724 4 0
0 38557 5 0
0 38557 6 0
0 38557 7 0
0 38557 8 0
0 38557 9 0
0 38557 10 0
0 1200 11 0
0 1200 12 0
0 1200 13 0
0 1200 14 0
0 1200 15 0
0 1200 0 0
0 51891 1 0
0 51891 2 0
0 51891 3 0
0 51891 4 0
0 51891 5 0
0 51891 6 0
0 10267 7 0
0 10267 8 0
0 10267 9 0
0 10267 10 0
0 10267 11 0
0 10267 12 0
0 6072 13 0
0 6072 14 0
0 6072 15 0
0 6072 0 0
0 6072 1 0
0 6072 2 0
0 52292 3 0
0 52292 4 0
0 52292 5 0
0 52292 6 0
0 52292 7 0
0 52292 8 0
0 23802 9 0
0 23802 10 0
0 23802 11 0
0 23802 12 0
0 23802 13 0
0 23802 14 0
0 18727 15 0
0 18727 0 0
0 18727 1 0
0 18727 2 0
0 18727 3 0
0 18727 4 0
0 32386 5 0
0 32386 6 0
0 32386 7 0
0 32386 8 0
0 32386 9 0
0 32386 10 0
0 50709 11 0
0 50709 12 0
0 50709 13 0
0 50709 14 0
0 50709 15 0
0 50709 0 0
0 37860 1 0
0 37860 2 0
0 37860 3 0
0 37860 4 0
0 37860 5 0
0 37860 6 0
0 39056 7 0
0 39056 8 0
0 39056 9 0
0 39056 10 0
0 39056 11 0
0 39056 12 0
0 54117 13 0
0 54117 14 0
0 54117 15 0
0 54117 0 0
0 54117 1 0
0 54117 2 0
0 35796 3 0
0 35796 4 0
0 35796 5 0
0 35796 6 0
0 35796 7 0
0 35796 8 0
0 53869 9 0
0 53869 10 0
0 53869 11 0
0 53869 12 0
0 53869 13 0
0 53869 14 0
0 63107 15 0
0 63107 0 0
0 63107 1 0
0 63107 2 0
0 63107 3 0
0 63107 4 0
0 18983 5 0
0 18983 6 0
0 18983 7 0
0 18983 8 0
0 18983 9 0
0 18983 10 0
0 46837 11 0
0 46837 12 0
0 46837 13 0
0 46837 14 0
0 46837 15 0
0 46837 0 0
0 48756 1 0
0 48756 2 0
0 48756 3 0
0 48756 4 0
0 48756 5 0
0 48756 6 0
0 36331 7 0
0 36331 8 0
0 36331 9 0
0 36331 10 0
0 36331 11 0
0 36331 12 0
0 41640 13 0
0 41640 14 0
0 41640 15 0
0 41640 0 0
0 41640 1 0
0 41640 2 0
0 56801 3 0
0 56801 4 0
0 56801 5 0
0 56801 6 0
0 56801 7 0
0 56801 8 0
0 46625 9 0
0 46625 10 0
0 46625 11 0
0 46625 12 0
0 46625 13 0
0 46625 14 0
0 31893 15 0
0 31893 0 0
0 31893 1 0
0 31893 2 0
0 31893 3 0
0 31893 4 0
0 26356 5 0
0 26356 6 0
0 26356 7 0
0 26356 8 0
0 26356 9 0
0 26356 10 0
0 3162 11 0
0 3162 12 0
0 3162 13 0
0 3162 14 0
0 3162 15 0
0 3162 0 0
0 10570 1 0
0 10570 2 0
0 10570 3 0
0 10570 4 0
0 10570 5 0
0 10570 6 0
0 52041 7 0
0 52041 8 0
0 52041 9 0
0 52041 10 0
0 52041 11 0
0 52041 12 0
0 7656 13 0
0 7656 14 0
0 7656 15 0
0 7656 0 0
0 7656 1 0
0 7656 2 0
0 39157 3 0
0 39157 4 0
0 39157 5 0
0 39157 6 0
0 39157 7 0
0 39157 8 0
0 63212 9 0
0 63212 10 0
0 63212 11 0
0 63212 12 0
0 63212 13 0
0 63212 14 0
0 58388 15 0
0 58388 0 0
0 58388 1 0
0 58388 2 0
0 58388 3 0
0 58388 4 0
0 58628 5 0
0 58628 6 0
0 58628 7 0
0 58628 8 0
0 58628 9 0
0 58628 10 0
0 12494 11 0
0 12494 12 0
0 12494 13 0
0 12494 14 0
0 12494 15 0
0 12494 0 0
0 19638 1 0
0 19638 2 0
0 19638 3 0
0 19638 4 0
0 19638 5 0
0 19638 6 0
0 33932 7 0
0 33932 8 0
0 33932 9 0
0 33932 10 0
0 33932 11 0
0 33932 12 0
0 49019 13 0
0 49019 14 0
0 49019 15 0
0 49019 0 0
0 49019 1 0
0 49019 2 0
0 28548 3 0
0 28548 4 0
0 28548 5 0
0 28548 6 0
0 28548 7 0
0 28548 8 0
0 28999 9 0
0 28999 10 0
0 28999 11 0
0 28999 12 0
0 28999 13 0
0 28999 14 0
0 20220 15 0
0 20220 0 0
0 20220 1 0
0 20220 2 0
0 20220 3 0
0 20220 4 0
0 49684 5 0
0 49684 6 0
0 49684 7 0
0 49684 8 0
0 49684 9 0
0 49684 10 0
0 4784 11 0
0 4784 12 0
0 4784 13 0
0 4784 14 0
0 4784 15 0
0 4784 0 0
0 40716 1 0
0 40716 2 0
0 40716 3 0
0 40716 4 0
0 40716 5 0
0 40716 6 0
0 13578 7 0
0 13578 8 0
0 13578 9 0
0 13578 10 0
0 13578 11 0
0 13578 12 0
0 54812 13 0
0 54812 14 0
0 54812 15 0
0 54812 0 0
0 54812 1 0
0 54812 2 0
0 63583 3 0
0 63583 4 0
0 63583 5 0
0 63583 6 0
0 63583 7 0
0 63583 8 0
0 50842 9 0
0 50842 10 0
0 50842 11 0
0 50842 12 0
0 50842 13 0
0 50842 14 0
0 12444 15 0
0 12444 0 0
0 12444 1 0
0 12444 2 0
0 12444 3 0
0 12444 4 0
0 59796 5 0
0 59796 6 0
0 59796 7 0
0 59796 8 0
0 59796 9 0
0 59796 10 0
0 40552 11 0
0 40552 12 0
0 40552 13 0
0 40552 14 0
0 40552 15 0
0 40552 0 0
0 6823 1 0
0 6823 2 0
0 6823 3 0
0 6823 4 0
0 6823 5 0
0 6823 6 0
0 35564 7 0
0 35564 8 0
0 35564 9 0
0 35564 10 0
0 35564 11 0
0 35564 12 0
0 12247 13 0
0 12247 14 0
0 12247 15 0
0 12247 0 0
0 12247 1 0
0 12247 2 0
0 53665 3 0
0 53665 4 0
0 53665 5 0
0 53665 6 0
0 53665 7 0
0 53665 8 0
0 38576 9 0
0 38576 10 0
0 38576 11 0
0 38576 12 0
0 38576 13 0
0 38576 14 0
0 45930 15 0
0 45930 0 0
0 45930 1 0
0 45930 2 0
0 45930 3 0
0 45930 4 0
0 15472 5 0
0 15472 6 0
0 15472 7 0
0 15472 8 0
0 15472 9 0
0 15472 10 0
0 4071 11 0
0 4071 12 0
0 4071 13 0
0 4071 14 0
0 4071 15 0
0 4071 0 0
0 62800 1 0
0 62800 2 0
0 62800 3 0
0 62800 4 0
0 62800 5 0
0 62800 6 0
0 30775 7 0
0 30775 8 0
0 30775 9 0
0 30775 10 0
0 30775 11 0
0 30775 12 0
0 42908 13 0
0 42908 14 0
0 42908 15 0
0 42908 0 0
0 42908 1 0
0 42908 2 0
0 57358 3 0
0 57358 4 0
0 57358 5 0
0 57358 6 0
0 57358 7 0
0 57358 8 0
0 48576 9 0
0 48576 10 0
0 48576 11 0
0 48576 12 0
0 48576 13 0
0 48576 14 0
0 19241 15 0
0 19241 0 0
0 19241 1 0
0 19241 2 0
0 19241 3 0
0 19241 4 0
0 57433 5 0
0 57433 6 0
0 57433 7 0
0 57433 8 0
0 57433 9 0
0 57433 10 0
0 55518 11 0
0 55518 12 0
0 55518 13 0
0 55518 14 0
0 55518 15 0
0 55518 0 0
0 15645 1 0
0 15645 2 0
0 15645 3 0
0 15645 4 0
0 15645 5 0
0 15645 6 0
0 22273 7 0
0 22273 8 0
0 22273 9 0
0 22273 10 0
0 22273 11 0
0 22273 12 0
0 42303 13 0
0 42303 14 0
0 42303 15 0
0 42303 0 0
0 42303 1 0
0 42303 2 0
0 17590 3 0
0 17590 4 0
0 17590 5 0
0 17590 6 0
0 17590 7 0
0 17590 8 0
0 41019 9 0
0 41019 10 0
0 41019 11 0
0 41019 12 0
0 41019 13 0
0 41019 14 0
0 55722 15 0
0 55722 0 0
0 55722 1 0
0 55722 2 0
0 55722 3 0
0 55722 4 0
0 4110 5 0
0 4110 6 0
0 4110 7 0
0 4110 8 0
0 4110 9 0
0 4110 10 0
0 31109 11 0
0 31109 12 0
0 31109 13 0
0 31109 14 0
0 31109 15 0
0 31109 0 0
0 53896 1 0
0 53896 2 0
0 53896 3 0
0 53896 4 0
0 53896 5 0
0 53896 6 0
0 4152 7 0
0 4152 8 0
0 4152 9 0
0 4152 10 0
0 4152 11 0
0 4152 12 0
0 20492 13 0
0 20492 14 0
0 20492 15 0
0 20492 0 0
0 20492 1 0
0 20492 2 0
0 51098 3 0
0 51098 4 0
0 51098 5 0
0 51098 6 0
0 51098 7 0
0 51098 8 0
0 30639 9 0
0 30639 10 0
0 30639 11 0
0 30639 12 0
0 30639 13 0
0 30639 14 0
0 29618 15 0
0 29618 0 0
0 29618 1 0
0 29618 2 0
0 29618 3 0
0 29618 4 0
0 2400 5 0
0 2400 6 0
0 2400 7 0
0 2400 8 0
0 2400 9 0
0 2400 10 0
0 63610 11 0
0 63610 12 0
0 63610 13 0
0 63610 14 0
0 63610 15 0
0 63610 0 0
0 46243 1 0
0 46243 2 0
0 46243 3 0
0 46243 4 0
0 46243 5 0
0 46243 6 0
0 53095 7 0
0 53095 8 0
0 53095 9 0
0 53095 10 0
0 53095 11 0
0 53095 12 0
0 26254 13 0
0 26254 14 0
0 26254 15 0
0 26254 0 0
0 26254 1 0
0 26254 2 0
0 58296 3 0
0 58296 4 0
0 58296 5 0
0 58296 6 0
0 58296 7 0
0 58296 8 0
0 3268 9 0
0 3268 10 0
0 3268 11 0
0 3268 12 0
0 3268 13 0
0 3268 14 0
0 64267 15 0
0 64267 0 0
0 64267 1 0
0 64267 2 0
0 64267 3 0
0 64267 4 0
0 38500 5 0
0 38500 6 0
0 38500 7 0
0 38500 8 0
0 38500 9 0
0 38500 10 0
0 63634 11 0
0 63634 12 0
0 63634 13 0
0 63634 14 0
0 63634 15 0
0 63634 0 0
0 21000 1 0
0 21000 2 0
0 21000 3 0
0 21000 4 0
0 21000 5 0
0 21000 6 0
0 45922 7 0
0 45922 8 0
0 45922 9 0
0 45922 10 0
0 45922 11 0
0 45922 12 0
0 32274 13 0
0 32274 14 0
0 32274 15 0
0 32274 0 0
0 32274 1 0
0 32274 2 0
0 17585 3 0
0 17585 4 0
0 17585 5 0
0 17585 6 0
0 17585 7 0
0 17585 8 0
0 61548 9 0
0 61548 10 0
0 61548 11 0
0 61548 12 0
0 61548 13 0
0 61548 14 0
0 831 15 0
0 831 0 0
0 831 1 0
0 831 2 0
0 831 3 0
0 831 4 0
0 21705 5 0
0 21705 6 0
0 21705 7 0
0 21705 8 0
0 21705 9 0
0 21705 10 0
0 54347 11 0
0 54347 12 0
0 54347 13 0
0 54347 14 0
0 54347 15 0
0 54347 0 0
0 41569 1 0
0 41569 2 0
0 41569 3 0
0 41569 4 0
0 41569 5 0
0 41569 6 0
0 22385 7 0
0 22385 8 0
0 22385 9 0
0 22385 10 0
0 22385 11 0
0 22385 12 0
0 14535 13 0
0 14535 14 0
0 14535 15 0
0 14535 0 0
0 14535 1 0
0 14535 2 0
0 35448 3 0
0 35448 4 0
0 35448 5 0
0 35448 6 0
0 35448 7 0
0 35448 8 0
0 38411 9 0
0 38411 10 0
0 38411 11 0
0 38411 12 0
0 38411 13 0
0 38411 14 0
0 64532 15 0
0 64532 0 0
0 64532 1 0
0 64532 2 0
0 64532 3 0
0 64532 4 0
0 31833 5 0
0 31833 6 0
0 31833 7 0
0 31833 8 0
0 31833 9 0
0 31833 10 0
0 19587 11 0
0 19587 12 0
0 19587 13 0
0 19587 14 0
0 19587 15 0
0 19587 0 0
0 40830 1 0
0 40830 2 0
0 40830 3 0
0 40830 4 0
0 40830 5 0
0 40830 6 0
0 14964 7 0
0 14964 8 0
0 14964 9 0
0 14964 10 0
0 14964 11 0
0 14964 12 0
0 62008 13 0
0 62008 14 0
0 62008 15 0
0 62008 0 0
0 62008 1 0
0 62008 2 0
0 41510 3 0
0 41510 4 0
0 41510 5 0
0 41510 6 0
0 41510 7 0
0 41510 8 0
0 18466 9 0
0 18466 10 0
0 18466 11 0
0 18466 12 0
0 18466 13 0
0 18466 14 0
0 47911 15 0
0 47911 0 0
0 47911 1 0
0 47911 2 0
0 47911 3 0
0 47911 4 0
0 15989 5 0
0 15989 6 0
0 15989 7 0
0 15989 8 0
0 15989 9 0
0 15989 10 0
0 53689 11 0
0 53689 12 0
0 53689 13 0
0 53689 14 0
0 53689 15 0
0 53689 0 0
0 4391 1 0
0 4391 2 0
0 4391 3 0
0 4391 4 0
0 4391 5 0
0 4391 6 0
0 11480 7 0
0 11480 8 0
0 11480 9 0
0 11480 10 0
0 11480 11 0
0 11480 12 0
0 43820 13 0
0 43820 14 0
0 43820 15 0
0 43820 0 0
0 43820 1 0
0 43820 2 0
0 57164 3 0
0 57164 4 0
0 57164 5 0
0 57164 6 0
0 57164 7 0
0 57164 8 0
0 21374 9 0
0 21374 10 0
0 21374 11 0
0 21374 12 0
0 21374 13 0
0 21374 14 0
0 38492 15 0
0 38492 0 0
0 38492 1 0
0 38492 2 0
0 38492 3 0
0 38492 4 0
0 44073 5 0
0 44073 6 0
0 44073 7 0
0 44073 8 0
0 44073 9 0
0 44073 10 0
0 22544 11 0
0 22544 12 0
0 22544 13 0
0 22544 14 0
0 22544 15 0
0 22544 0 0
0 13105 1 0
0 13105 2 0
0 13105 3 0
0 13105 4 0
0 13105 5 0
0 13105 6 0
0 47472 7 0
0 47472 8 0
0 47472 9 0
0 47472 10 0
0 47472 11 0
0 47472 12 0
0 56635 13 0
0 56635 14 0
0 56635 15 0
0 56635 0 0
0 56635 1 0
0 56635 2 0
0 53984 3 0
0 53984 4 0
0 53984 5 0
0 53984 6 0
0 53984 7 0
0 53984 8 0
0 20229 9 0
0 20229 10 0
0 20229 11 0
0 20229 12 0
0 20229 13 0
0 20229 14 0
0 35466 15 0
0 35466 0 0
0 35466 1 0
0 35466 2 0
0 35466 3 0
0 35466 4 0
0 2745 5 0
0 2745 6 0
0 2745 7 0
0 2745 8 0
0 2745 9 0
0 2745 10 0
0 35285 11 0
0 35285 12 0
0 35285 13 0
0 35285 14 0
0 35285 15 0
0 35285 0 0
0 3792 1 0
0 3792 2 0
0 3792 3 0
0 3792 4 0
0 3792 5 0
0 3792 6 0
0 54172 7 0
0 54172 8 0
0 54172 9 0
0 54172 10 0
0 54172 11 0
0 54172 12 0
0 28656 13 0
0 28656 14 0
0 28656 15 0
0 28656 0 0
0 28656 1 0
0 28656 2 0
0 22698 3 0
0 22698 4 0
0 22698 5 0
0 22698 6 0
0 22698 7 0
0 22698 8 0
0 35890 9 0
0 35890 10 0
0 35890 11 0
0 35890 12 0
0 35890 13 0
0 35890 14 0
0 41359 15 0
0 41359 0 0
0 41359 1 0
0 41359 2 0
0 41359 3 0
0 41359 4 0
0 2657 5 0
0 2657 6 0
0 2657 7 0
0 2657 8 0
0 2657 9 0
0 2657 10 0
0 2965 11 0
0 2965 12 0
0 2965 13 0
0 2965 14 0
0 2965 15 0
0 2965 0 0
0 42887 1 0
0 42887 2 0
0 42887 3 0
0 42887 4 0
0 42887 5 0
0 42887 6 0
0 55287 7 0
0 55287 8 0
0 55287 9 0
0 55287 10 0
0 55287 11 0
0 55287 12 0
0 8022 13 0
0 8022 14 0
0 8022 15 0
0 8022 0 0
0 8022 1 0
0 8022 2 0
0 2747 3 0
0 2747 4 0
0 2747 5 0
0 2747 6 0
0 2747 7 0
0 2747 8 0
0 28681 9 0
0 28681 10 0
0 28681 11 0
0 28681 12 0
0 28681 13 0
0 28681 14 0
0 58173 15 0
0 58173 0 0
0 58173 1 0
0 58173 2 0
0 58173 3 0
0 58173 4 0
0 17386 5 0
0 17386 6 0
0 17386 7 0
0 17386 8 0
0 17386 9 0
0 17386 10 0
0 4774 11 0
0 4774 12 0
0 4774 13 0
0 4774 14 0
0 4774 15 0
0 4774 0 0
0 22158 1 0
0 22158 2 0
0 22158 3 0
0 22158 4 0
0 22158 5 0
0 22158 6 0
0 47150 7 0
0 47150 8 0
0 47150 9 0
0 47150 10 0
0 47150 11 0
0 47150 12 0
0 27728 13 0
0 27728 14 0
0 27728 15 0
0 27728 0 0
0 27728 1 0
0 27728 2 0
0 63557 3 0
0 63557 4 0
0 63557 5 0
0 63557 6 0
0 63557 7 0
0 63557 8 0
0 30056 9 0
0 30056 10 0
0 30056 11 0
0 30056 12 0
0 30056 13 0
0 30056 14 0
0 20205 15 0
0 20205 0 0
0 20205 1 0
0 20205 2 0
0 20205 3 0
0 20205 4 0
0 11229 5 0
0 11229 6 0
0 11229 7 0
0 11229 8 0
0 11229 9 0
0 11229 10 0
0 45153 11 0
0 45153 12 0
0 45153 13 0
0 45153 14 0
0 45153 15 0
0 45153 0 0
0 5993 1 0
0 5993 2 0
0 5993 3 0
0 5993 4 0
0 5993 5 0
0 5993 6 0
0 10584 7 0
0 10584 8 0
0 10584 9 0
0 10584 10 0
0 10584 11 0
0 10584 12 0
0 58378 13 0
0 58378 14 0
0 58378 15 0
0 58378 0 0
0 58378 1 0
0 58378 2 0
0 38386 3 0
0 38386 4 0
0 38386 5 0
0 38386 6 0
0 38386 7 0
0 38386 8 0
0 34076 9 0
0 34076 10 0
0 34076 11 0
0 34076 12 0
0 34076 13 0
0 34076 14 0
0 55367 15 0
0 55367 0 0
0 55367 1 0
0 55367 2 0
0 55367 3 0
0 55367 4 0
0 34206 5 0
0 34206 6 0
0 34206 7 0
0 34206 8 0
0 34206 9 0
0 34206 10 0
0 38160 11 0
0 38160 12 0
0 38160 13 0
0 38160 14 0
0 38160 15 0
0 38160 0 0
0 25585 1 0
0 25585 2 0
0 25585 3 0
0 25585 4 0
0 25585 5 0
0 25585 6 0
0 21837 7 0
0 21837 8 0
0 21837 9 0
0 21837 10 0
0 21837 11 0
0 21837 12 0
0 43124 13 0
0 43124 14 0
0 43124 15 0
0 43124 0 0
0 43124 1 0
0 43124 2 0
0 33477 3 0
0 33477 4 0
0 33477 5 0
0 33477 6 0
0 33477 7 0
0 33477 8 0
0 61547 9 0
0 61547 10 0
0 61547 11 0
0 61547 12 0
0 61547 13 0
0 61547 14 0
0 59285 15 0
0 59285 0 0
0 59285 1 0
0 59285 2 0
0 59285 3 0
0 59285 4 0
0 32098 5 0
0 32098 6 0
0 32098 7 0
0 32098 8 0
0 32098 9 0
0 32098 10 0
0 62243 11 0
0 62243 12 0
0 62243 13 0
0 62243 14 0
0 62243 15 0
0 62243 0 0
0 61836 1 0
0 61836 2 0
0 61836 3 0
0 61836 4 0
0 61836 5 0
0 61836 6 0
0 30929 7 0
0 30929 8 0
0 30929 9 0
0 30929 10 0
0 30929 11 0
0 30929 12 0
0 26279 13 0
0 26279 14 0
0 26279 15 0
0 26279 0 0
0 26279 1 0
0 26279 2 0
0 53678 3 0
0 53678 4 0
0 53678 5 0
0 53678 6 0
0 53678 7 0
0 53678 8 0
0 37569 9 0
0 37569 10 0
0 37569 11 0
0 37569 12 0
0 37569 13 0
0 37569 14 0
0 28964 15 0
0 28964 0 0
0 28964 1 0
0 28964 2 0
0 28964 3 0
0 28964 4 0
0 39169 5 0
0 39169 6 0
0 39169 7 0
0 39169 8 0
0 39169 9 0
0 39169 10 0
0 44466 11 0
0 44466 12 0
0 44466 13 0
0 44466 14 0
0 44466 15 0
0 44466 0 0
0 12393 1 0
0 12393 2 0
0 12393 3 0
0 12393 4 0
0 12393 5 0
0 12393 6 0
0 38117 7 0
0 38117 8 0
0 38117 9 0
0 38117 10 0
0 38117 11 0
0 38117 12 0
0 59696 13 0
0 59696 14 0
0 59696 15 0
0 59696 0 0
0 59696 1 0
0 59696 2 0
0 21584 3 0
0 21584 4 0
0 21584 5 0
0 21584 6 0
0 21584 7 0
0 21584 8 0
0 11344 9 0
0 11344 10 0
0 11344 11 0
0 11344 12 0
0 11344 13 0
0 11344 14 0
0 57731 15 0
0 57731 0 0
0 57731 1 0
0 57731 2 0
0 57731 3 0
0 57731 4 0
0 22274 5 0
0 22274 6 0
0 22274 7 0
0 22274 8 0
0 22274 9 0
0 22274 10 0
0 62291 11 0
0 62291 12 0
0 62291 13 0
0 62291 14 0
0 62291 15 0
0 62291 0 0
0 27218 1 0
0 27218 2 0
0 27218 3 0
0 27218 4 0
0 27218 5 0
0 27218 6 0
0 59125 7 0
0 59125 8 0
0 59125 9 0
0 59125 10 0
0 59125 11 0
0 59125 12 0
0 3127 13 0
0 3127 14 0
0 3127 15 0
0 3127 0 0
0 3127 1 0
0 3127 2 0
0 24249 3 0
0 24249 4 0
0 24249 5 0
0 24249 6 0
0 24249 7 0
0 24249 8 0
0 51104 9 0
0 51104 10 0
0 51104 11 0
0 51104 12 0
0 51104 13 0
0 51104 14 0
0 22650 15 0
0 22650 0 0
0 22650 1 0
0 22650 2 0
0 22650 3 0
0 22650 4 0
0 47788 5 0
0 47788 6 0
0 47788 7 0
0 47788 8 0
0 47788 9 0
0 47788 10 0
0 47040 11 0
0 47040 12 0
0 47040 13 0
0 47040 14 0
0 47040 15 0
0 47040 0 0
0 25049 1 0
0 25049 2 0
0 25049 3 0
0 25049 4 0
0 25049 5 0
0 25049 6 0
0 54168 7 0
0 54168 8 0
0 54168 9 0
0 54168 10 0
0 54168 11 0
0 54168 12 0
0 29820 13 0
0 29820 14 0
0 29820 15 0
0 29820 0 0
0 29820 1 0
0 29820 2 0
0 29403 3 0
0 29403 4 0
0 29403 5 0
0 29403 6 0
0 29403 7 0
0 29403 8 0
0 38568 9 0
0 38568 10 0
0 38568 11 0
0 38568 12 0
0 38568 13 0
0 38568 14 0
0 1762 15 0
0 1762 0 0
0 1762 1 0
0 1762 2 0
0 1762 3 0
0 1762 4 0
0 2887 5 0
0 2887 6 0
0 2887 7 0
0 2887 8 0
0 2887 9 0
0 2887 10 0
0 300 11 0
0 300 12 0
0 300 13 0
0 300 14 0
0 300 15 0
0 300 0 0
0 15712 1 0
0 15712 2 0
0 15712 3 0
0 15712 4 0
0 15712 5 0
0 15712 6 0
0 49763 7 0
0 49763 8 0
0 49763 9 0
0 49763 10 0
0 49763 11 0
0 49763 12 0
0 41340 13 0
0 41340 14 0
0 41340 15 0
0 41340 0 0
0 41340 1 0
0 41340 2 0
0 46132 3 0
0 46132 4 0
0 46132 5 0
0 46132 6 0
0 46132 7 0
0 46132 8 0
0 14493 9 0
0 14493 10 0
0 14493 11 0
0 14493 12 0
0 14493 13 0
0 14493 14 0
0 33135 15 0
0 33135 0 0
0 33135 1 0
0 33135 2 0
0 33135 3 0
0 33135 4 0
0 6606 5 0
0 6606 6 0
0 6606 7 0
0 6606 8 0
0 6606 9 0
0 6606 10 0
0 17589 11 0
0 17589 12 0
0 17589 13 0
0 17589 14 0
0 17589 15 0
0 17589 0 0
0 48224 1 0
0 48224 2 0
0 48224 3 0
0 48224 4 0
0 48224 5 0
0 48224 6 0
0 33949 7 0
0 33949 8 0
0 33949 9 0
0 33949 10 0
0 33949 11 0
0 33949 12 0
0 21165 13 0
0 21165 14 0
0 21165 15 0
0 21165 0 0
0 21165 1 0
0 21165 2 0
0 8724 3 0
0 8724 4 0
0 8724 5 0
0 8724 6 0
0 8724 7 0
0 8724 8 0
0 51592 9 0
0 51592 10 0
0 51592 11 0
0 51592 12 0
0 51592 13 0
0 51592 14 0
0 26496 15 0
0 26496 0 0
0 26496 1 0
0 26496 2 0
0 26496 3 0
0 26496 4 0
0 33108 5 0
0 33108 6 0
0 33108 7 0
0 33108 8 0
0 33108 9 0
0 33108 10 0
0 39189 11 0
0 39189 12 0
0 39189 13 0
0 39189 14 0
0 39189 15 0
0 39189 0 0
0 64463 1 0
0 64463 2 0
0 64463 3 0
0 64463 4 0
0 64463 5 0
0 64463 6 0
0 2633 7 0
0 2633 8 0
0 2633 9 0
0 2633 10 0
0 2633 11 0
0 2633 12 0
0 49665 13 0
0 49665 14 0
0 49665 15 0
0 49665 0 0
0 49665 1 0
0 49665 2 0
0 65383 3 0
0 65383 4 0
0 65383 5 0
0 65383 6 0
0 65383 7 0
0 65383 8 0
0 20644 9 0
0 20644 10 0
0 20644 11 0
0 20644 12 0
0 20644 13 0
0 20644 14 0
0 26555 15 0
0 26555 0 0
0 26555 1 0
0 26555 2 0
0 26555 3 0
0 26555 4 0
0 48833 5 0
0 48833 6 0
0 48833 7 0
0 48833 8 0
0 48833 9 0
0 48833 10 0
0 14501 11 0
0 14501 12 0
0 14501 13 0
0 14501 14 0
0 14501 15 0
0 14501 0 0
0 24289 1 0
0 24289 2 0
0 24289 3 0
0 24289 4 0
0 24289 5 0
0 24289 6 0
0 5085 7 0
0 5085 8 0
0 5085 9 0
0 5085 10 0
0 5085 11 0
0 5085 12 0
0 5864 13 0
0 5864 14 0
0 5864 15 0
0 5864 0 0
0 5864 1 0
0 5864 2 0
0 24812 3 0
0 24812 4 0
0 24812 5 0
0 24812 6 0
0 24812 7 0
0 24812 8 0
0 33642 9 0
0 33642 10 0
0 33642 11 0
0 33642 12 0
0 33642 13 0
0 33642 14 0
0 13711 15 0
0 13711 0 0
0 13711 1 0
0 13711 2 0
0 13711 3 0
0 13711 4 0
0 47488 5 0
0 47488 6 0
0 47488 7 0
0 47488 8 0
0 47488 9 0
0 47488 10 0
0 12287 11 0
0 12287 12 0
0 12287 13 0
0 12287 14 0
0 12287 15 0
0 12287 0 0
0 43310 1 0
0 43310 2 0
0 43310 3 0
0 43310 4 0
0 43310 5 0
0 43310 6 0
0 21894 7 0
0 21894 8 0
0 21894 9 0
0 21894 10 0
0 21894 11 0
0 21894 12 0
0 47898 13 0
0 47898 14 0
0 47898 15 0
0 47898 0 0
0 47898 1 0
0 47898 2 0
0 12458 3 0
0 12458 4 0
0 12458 5 0
0 12458 6 0
0 12458 7 0
0 12458 8 0
0 27447 9 0
0 27447 10 0
0 27447 11 0
0 27447 12 0
0 27447 13 0
0 27447 14 0
0 6413 15 0
0 6413 0 0
0 6413 1 0
0 6413 2 0
0 6413 3 0
0 6413 4 0
0 64688 5 0
0 64688 6 0
0 64688 7 0
0 64688 8 0
0 64688 9 0
0 64688 10 0
0 10941 11 0
0 10941 12 0
0 10941 13 0
0 10941 14 0
0 10941 15 0
0 10941 0 0
0 16434 1 0
0 16434 2 0
0 16434 3 0
0 16434 4 0
0 16434 5 0
0 16434 6 0
0 9286 7 0
0 9286 8 0
0 9286 9 0
0 9286 10 0
0 9286 11 0
0 9286 12 0
0 29792 13 0
0 29792 14 0
0 29792 15 0
0 29792 0 0
0 29792 1 0
0 29792 2 0
0 8405 3 0
0 8405 4 0
0 8405 5 0
0 8405 6 0
0 8405 7 0
0 8405 8 0
0 22443 9 0
0 22443 10 0
0 22443 11 0
0 22443 12 0
0 22443 13 0
0 22443 14 0
0 30756 15 0
0 30756 0 0
0 30756 1 0
0 30756 2 0
0 30756 3 0
0 30756 4 0
0 47558 5 0
0 47558 6 0
0 47558 7 0
0 47558 8 0
0 47558 9 0
0 47558 10 0
0 21933 11 0
0 21933 12 0
0 21933 13 0
0 21933 14 0
0 21933 15 0
0 21933 0 0
0 47082 1 0
0 47082 2 0
0 47082 3 0
0 47082 4 0
0 47082 5 0
0 47082 6 0
0 28758 7 0
0 28758 8 0
0 28758 9 0
0 28758 10 0
0 28758 11 0
0 28758 12 0
0 34548 13 0
0 34548 14 0
0 34548 15 0
0 34548 0 0
0 34548 1 0
0 34548 2 0
0 25972 3 0
0 25972 4 0
0 25972 5 0
0 25972 6 0
0 25972 7 0
0 25972 8 0
0 17260 9 0
0 17260 10 0
0 17260 11 0
0 17260 12 0
0 17260 13 0
0 17260 14 0
0 7392 15 0
0 7392 0 0
0 7392 1 0
0 7392 2 0
0 7392 3 0
0 7392 4 0
0 30463 5 0
0 30463 6 0
0 30463 7 0
0 30463 8 0
0 30463 9 0
0 30463 10 0
0 11877 11 0
0 11877 12 0
0 11877 13 0
0 11877 14 0
0 11877 15 0
0 11877 0 0
0 37126 1 0
0 37126 2 0
0 37126 3 0
0 37126 4 0
0 37126 5 0
0 37126 6 0
0 33653 7 0
0 33653 8 0
0 33653 9 0
0 33653 10 0
0 33653 11 0
0 33653 12 0
0 24126 13 0
0 24126 14 0
0 24126 15 0
0 24126 0 0
0 24126 1 0
0 24126 2 0
0 13163 3 0
0 13163 4 0
0 13163 5 0
0 13163 6 0
0 13163 7 0
0 13163 8 0
0 49852 9 0
0 49852 10 0
0 49852 11 0
0 49852 12 0
0 49852 13 0
0 49852 14 0
0 54411 15 0
0 54411 0 0
0 54411 1 0
0 54411 2 0
0 54411 3 0
0 54411 4 0
0 52348 5 0
0 52348 6 0
0 52348 7 0
0 52348 8 0
0 52348 9 0
0 52348 10 0
0 46480 11 0
0 46480 12 0
0 46480 13 0
0 46480 14 0
0 46480 15 0
0 46480 0 0
0 7256 1 0
0 7256 2 0
0 7256 3 0
0 7256 4 0
0 7256 5 0
0 7256 6 0
0 17863 7 0
0 17863 8 0
0 17863 9 0
0 17863 10 0
0 17863 11 0
0 17863 12 0
0 44907 13 0
0 44907 14 0
0 44907 15 0
0 44907 0 0
0 44907 1 0
0 44907 2 0
0 41774 3 0
0 41774 4 0
0 41774 5 0
0 41774 6 0
0 41774 7 0
0 41774 8 0
0 34754 9 0
0 34754 10 0
0 34754 11 0
0 34754 12 0
0 34754 13 0
0 34754 14 0
0 38288 15 0
0 38288 0 0
0 38288 1 0
0 38288 2 0
0 38288 3 0
0 38288 4 0
0 39918 5 0
0 39918 6 0
0 39918 7 0
0 39918 8 0
0 39918 9 0
0 39918 10 0
0 30632 11 0
0 30632 12 0
0 30632 13 0
0 30632 14 0
0 30632 15 0
0 30632 0 0
0 20627 1 0
0 20627 2 0
0 20627 3 0
0 20627 4 0
0 20627 5 0
0 20627 6 0
0 17630 7 0
0 17630 8 0
0 17630 9 0
0 17630 10 0
0 17630 11 0
0 17630 12 0
0 32420 13 0
0 32420 14 0
0 32420 15 0
0 32420 0 0
0 32420 1 0
0 32420 2 0
0 56816 3 0
0 56816 4 0
0 56816 5 0
0 56816 6 0
0 56816 7 0
0 56816 8 0
0 51856 9 0
0 51856 10 0
0 51856 11 0
0 51856 12 0
0 51856 13 0
0 51856 14 0
0 16342 15 0
0 16342 0 0
0 16342 1 0
0 16342 2 0
0 16342 3 0
0 16342 4 0
0 20874 5 0
0 20874 6 0
0 20874 7 0
0 20874 8 0
0 20874 9 0
0 20874 10 0
0 8635 11 0
0 8635 12 0
0 8635 13 0
0 8635 14 0
0 8635 15 0
0 8635 0 0
0 44570 1 0
0 44570 2 0
0 44570 3 0
0 44570 4 0
0 44570 5 0
0 44570 6 0
0 61999 7 0
0 61999 8 0
0 61999 9 0
0 61999 10 0
0 61999 11 0
0 61999 12 0
0 5553 13 0
0 5553 14 0
0 5553 15 0
0 5553 0 0
0 5553 1 0
0 5553 2 0
0 43424 3 0
0 43424 4 0
0 43424 5 0
0 43424 6 0
0 43424 7 0
0 43424 8 0
0 12996 9 0
0 12996 10 0
0 12996 11 0
0 12996 12 0
0 12996 13 0
0 12996 14 0
0 38038 15 0
0 38038 0 0
0 38038 1 0
0 38038 2 0
0 38038 3 0
0 38038 4 0
0 51967 5 0
0 51967 6 0
0 51967 7 0
0 51967 8 0
0 51967 9 0
0 51967 10 0
0 56904 11 0
0 56904 12 0
0 56904 13 0
0 56904 14 0
0 56904 15 0
0 56904 0 0
0 15133 1 0
0 15133 2 0
0 15133 3 0
0 15133 4 0
0 15133 5 0
0 15133 6 0
0 38837 7 0
0 38837 8 0
0 38837 9 0
0 38837 10 0
0 38837 11 0
0 38837 12 0
0 4902 13 0
0 4902 14 0
0 4902 15 0
0 4902 0 0
0 4902 1 0
0 4902 2 0
0 27568 3 0
0 27568 4 0
0 27568 5 0
0 27568 6 0
0 27568 7 0
0 27568 8 0
0 65407 9 0
0 65407 10 0
0 65407 11 0
0 65407 12 0
0 65407 13 0
0 65407 14 0
0 57395 15 0
0 57395 0 0
0 57395 1 0
0 57395 2 0
0 57395 3 0
0 57395 4 0
0 31139 5 0
0 31139 6 0
0 31139 7 0
0 31139 8 0
0 31139 9 0
0 31139 10 0
0 14761 11 0
0 14761 12 0
0 14761 13 0
0 14761 14 0
0 14761 15 0
0 14761 0 0
0 16508 1 0
0 16508 2 0
0 16508 3 0
0 16508 4 0
0 16508 5 0
0 16508 6 0
0 61544 7 0
0 61544 8 0
0 61544 9 0
0 61544 10 0
0 61544 11 0
0 61544 12 0
0 26265 13 0
0 26265 14 0
0 26265 15 0
0 26265 0 0
0 26265 1 0
0 26265 2 0
0 32059 3 0
0 32059 4 0
0 32059 5 0
0 32059 6 0
0 32059 7 0
0 32059 8 0
0 24083 9 0
0 24083 10 0
0 24083 11 0
0 24083 12 0
0 24083 13 0
0 24083 14 0
0 61303 15 0
0 61303 0 0
0 61303 1 0
0 61303 2 0
0 61303 3 0
0 61303 4 0
0 60557 5 0
0 60557 6 0
0 60557 7 0
0 60557 8 0
0 60557 9 0
0 60557 10 0
0 2699 11 0
0 2699 12 0
0 2699 13 0
0 2699 14 0
0 2699 15 0
0 2699 0 0
0 13744 1 0
0 13744 2 0
0 13744 3 0
0 13744 4 0
0 13744 5 0
0 13744 6 0
0 53988 7 0
0 53988 8 0
0 53988 9 0
0 53988 10 0
0 53988 11 0
0 53988 12 0
0 3410 13 0
0 3410 14 0
0 3410 15 0
