0 0 0 0
0 0 1 0
0 0 2 0
0 0 3 0
0 0 4 0
0 61804 5 0
0 61804 6 0
0 61804 7 0
0 61804 8 0
0 61804 9 0
0 61804 10 0
0 51244 11 0
0 51244 12 0
0 51244 13 0
0 51244 14 0
0 51244 15 0
0 51244 0 0
0 1325 1 0
0 1325 2 0
0 1325 3 0
0 1325 4 0
0 1325 5 0
0 1325 6 0
0 8710 7 0
0 8710 8 0
0 8710 9 0
0 8710 10 0
0 8710 11 0
0 8710 12 0
0 10665 13 0
0 10665 14 0
0 10665 15 0
0 10665 0 0
0 10665 1 0
0 10665 2 0
0 51788 3 0
0 51788 4 0
0 51788 5 0
0 51788 6 0
0 51788 7 0
0 51788 8 0
0 841 9 0
0 841 10 0
0 841 11 0
0 841 12 0
0 841 13 0
0 841 14 0
0 47353 15 0
0 47353 0 0
0 47353 1 0
0 47353 2 0
0 47353 3 0
0 47353 4 0
0 5397 5 0
0 5397 6 0
0 5397 7 0
0 5397 8 0
0 5397 9 0
0 5397 10 0
0 15224 11 0
0 15224 12 0
0 15224 13 0
0 15224 14 0
0 15224 15 0
0 15224 0 0
0 490 1 0
0 490 2 0
0 490 3 0
0 490 4 0
0 490 5 0
0 490 6 0
0 35432 7 0
0 35432 8 0
0 35432 9 0
0 35432 10 0
0 35432 11 0
0 35432 12 0
0 38342 13 0
0 38342 14 0
0 38342 15 0
0 38342 0 0
0 38342 1 0
0 38342 2 0
0 29712 3 0
0 29712 4 0
0 29712 5 0
0 29712 6 0
0 29712 7 0
0 29712 8 0
0 18439 9 0
0 18439 10 0
0 18439 11 0
0 18439 12 0
0 18439 13 0
0 18439 14 0
0 37738 15 0
0 37738 0 0
0 37738 1 0
0 37738 2 0
0 37738 3 0
0 37738 4 0
0 25061 5 0
0 25061 6 0
0 25061 7 0
0 25061 8 0
0 25061 9 0
0 25061 10 0
0 13822 11 0
0 13822 12 0
0 13822 13 0
0 13822 14 0
0 13822 15 0
0 13822 0 0
0 56887 1 0
0 56887 2 0
0 56887 3 0
0 56887 4 0
0 56887 5 0
0 56887 6 0
0 60410 7 0
0 60410 8 0
0 60410 9 0
0 60410 10 0
0 60410 11 0
0 60410 12 0
0 43279 13 0
0 43279 14 0
0 43279 15 0
0 43279 0 0
0 43279 1 0
0 43279 2 0
0 50348 3 0
0 50348 4 0
0 50348 5 0
0 50348 6 0
0 50348 7 0
0 50348 8 0
0 22053 9 0
0 22053 10 0
0 22053 11 0
0 22053 12 0
0 22053 13 0
0 22053 14 0
0 43344 15 0
0 43344 0 0
0 43344 1 0
0 43344 2 0
0 43344 3 0
0 43344 4 0
0 55274 5 0
0 55274 6 0
0 55274 7 0
0 55274 8 0
0 55274 9 0
0 55274 10 0
0 57051 11 0
0 57051 12 0
0 57051 13 0
0 57051 14 0
0 57051 15 0
0 57051 0 0
0 19401 1 0
0 19401 2 0
0 19401 3 0
0 19401 4 0
0 19401 5 0
0 19401 6 0
0 58627 7 0
0 58627 8 0
0 58627 9 0
0 58627 10 0
0 58627 11 0
0 58627 12 0
0 19333 13 0
0 19333 14 0
0 19333 15 0
0 19333 0 0
0 19333 1 0
0 19333 2 0
0 41428 3 0
0 41428 4 0
0 41428 5 0
0 41428 6 0
0 41428 7 0
0 41428 8 0
0 16937 9 0
0 16937 10 0
0 16937 11 0
0 16937 12 0
0 16937 13 0
0 16937 14 0
0 27376 15 0
0 27376 0 0
0 27376 1 0
0 27376 2 0
0 27376 3 0
0 27376 4 0
0 24487 5 0
0 24487 6 0
0 24487 7 0
0 24487 8 0
0 24487 9 0
0 24487 10 0
0 58212 11 0
0 58212 12 0
0 58212 13 0
0 58212 14 0
0 58212 15 0
0 58212 0 0
0 45766 1 0
0 45766 2 0
0 45766 3 0
0 45766 4 0
0 45766 5 0
0 45766 6 0
0 50970 7 0
0 50970 8 0
0 50970 9 0
0 50970 10 0
0 50970 11 0
0 50970 12 0
0 56005 13 0
0 56005 14 0
0 56005 15 0
0 56005 0 0
0 56005 1 0
0 56005 2 0
0 64481 3 0
0 64481 4 0
0 64481 5 0
0 64481 6 0
0 64481 7 0
0 64481 8 0
0 51057 9 0
0 51057 10 0
0 51057 11 0
0 51057 12 0
0 51057 13 0
0 51057 14 0
0 28856 15 0
0 28856 0 0
0 28856 1 0
0 28856 2 0
0 28856 3 0
0 28856 4 0
0 25715 5 0
0 25715 6 0
0 25715 7 0
0 25715 8 0
0 25715 9 0
0 25715 10 0
0 57576 11 0
0 57576 12 0
0 57576 13 0
0 57576 14 0
0 57576 15 0
0 57576 0 0
0 26773 1 0
0 26773 2 0
0 26773 3 0
0 26773 4 0
0 26773 5 0
0 26773 6 0
0 6526 7 0
0 6526 8 0
0 6526 9 0
0 6526 10 0
0 6526 11 0
0 6526 12 0
0 50901 13 0
0 50901 14 0
0 50901 15 0
0 50901 0 0
0 50901 1 0
0 50901 2 0
0 4361 3 0
0 4361 4 0
0 4361 5 0
0 4361 6 0
0 4361 7 0
0 4361 8 0
0 30674 9 0
0 30674 10 0
0 30674 11 0
0 30674 12 0
0 30674 13 0
0 30674 14 0
0 11096 15 0
0 11096 0 0
0 11096 1 0
0 11096 2 0
0 11096 3 0
0 11096 4 0
0 24478 5 0
0 24478 6 0
0 24478 7 0
0 24478 8 0
0 24478 9 0
0 24478 10 0
0 47659 11 0
0 47659 12 0
0 47659 13 0
0 47659 14 0
0 47659 15 0
0 47659 0 0
0 7469 1 0
0 7469 2 0
0 7469 3 0
0 7469 4 0
0 7469 5 0
0 7469 6 0
0 22724 7 0
0 22724 8 0
0 22724 9 0
0 22724 10 0
0 22724 11 0
0 22724 12 0
0 30548 13 0
0 30548 14 0
0 30548 15 0
0 30548 0 0
0 30548 1 0
0 30548 2 0
0 38997 3 0
0 38997 4 0
0 38997 5 0
0 38997 6 0
0 38997 7 0
0 38997 8 0
0 11354 9 0
0 11354 10 0
0 11354 11 0
0 11354 12 0
0 11354 13 0
0 11354 14 0
0 37280 15 0
0 37280 0 0
0 37280 1 0
0 37280 2 0
0 37280 3 0
0 37280 4 0
0 46277 5 0
0 46277 6 0
0 46277 7 0
0 46277 8 0
0 46277 9 0
0 46277 10 0
0 53927 11 0
0 53927 12 0
0 53927 13 0
0 53927 14 0
0 53927 15 0
0 53927 0 0
0 60069 1 0
0 60069 2 0
0 60069 3 0
0 60069 4 0
0 60069 5 0
0 60069 6 0
0 7070 7 0
0 7070 8 0
0 7070 9 0
0 7070 10 0
0 7070 11 0
0 7070 12 0
0 56440 13 0
0 56440 14 0
0 56440 15 0
0 56440 0 0
0 56440 1 0
0 56440 2 0
0 59585 3 0
0 59585 4 0
0 59585 5 0
0 59585 6 0
0 59585 7 0
0 59585 8 0
0 64251 9 0
0 64251 10 0
0 64251 11 0
0 64251 12 0
0 64251 13 0
0 64251 14 0
0 33390 15 0
0 33390 0 0
0 33390 1 0
0 33390 2 0
0 33390 3 0
0 33390 4 0
0 62344 5 0
0 62344 6 0
0 62344 7 0
0 62344 8 0
0 62344 9 0
0 62344 10 0
0 28235 11 0
0 28235 12 0
0 28235 13 0
0 28235 14 0
0 28235 15 0
0 28235 0 0
0 44196 1 0
0 44196 2 0
0 44196 3 0
0 44196 4 0
0 44196 5 0
0 44196 6 0
0 34848 7 0
0 34848 8 0
0 34848 9 0
0 34848 10 0
0 34848 11 0
0 34848 12 0
0 5535 13 0
0 5535 14 0
0 5535 15 0
0 5535 0 0
0 5535 1 0
0 5535 2 0
0 5741 3 0
0 5741 4 0
0 5741 5 0
0 5741 6 0
0 5741 7 0
0 5741 8 0
0 6888 9 0
0 6888 10 0
0 6888 11 0
0 6888 12 0
0 6888 13 0
0 6888 14 0
0 21346 15 0
0 21346 0 0
0 21346 1 0
0 21346 2 0
0 21346 3 0
0 21346 4 0
0 45849 5 0
0 45849 6 0
0 45849 7 0
0 45849 8 0
0 45849 9 0
0 45849 10 0
0 507 11 0
0 507 12 0
0 507 13 0
0 507 14 0
0 507 15 0
0 507 0 0
0 37985 1 0
0 37985 2 0
0 37985 3 0
0 37985 4 0
0 37985 5 0
0 37985 6 0
0 934 7 0
0 934 8 0
0 934 9 0
0 934 10 0
0 934 11 0
0 934 12 0
0 18403 13 0
0 18403 14 0
0 18403 15 0
0 18403 0 0
0 18403 1 0
0 18403 2 0
0 8347 3 0
0 8347 4 0
0 8347 5 0
0 8347 6 0
0 8347 7 0
0 8347 8 0
0 56065 9 0
0 56065 10 0
0 56065 11 0
0 56065 12 0
0 56065 13 0
0 56065 14 0
0 29119 15 0
0 29119 0 0
0 29119 1 0
0 29119 2 0
0 29119 3 0
0 29119 4 0
0 51971 5 0
0 51971 6 0
0 51971 7 0
0 51971 8 0
0 51971 9 0
0 51971 10 0
0 28963 11 0
0 28963 12 0
0 28963 13 0
0 28963 14 0
0 28963 15 0
0 28963 0 0
0 59467 1 0
0 59467 2 0
0 59467 3 0
0 59467 4 0
0 59467 5 0
0 59467 6 0
0 25277 7 0
0 25277 8 0
0 25277 9 0
0 25277 10 0
0 25277 11 0
0 25277 12 0
0 44499 13 0
0 44499 14 0
0 44499 15 0
0 44499 0 0
0 44499 1 0
0 44499 2 0
0 13413 3 0
0 13413 4 0
0 13413 5 0
0 13413 6 0
0 13413 7 0
0 13413 8 0
0 11222 9 0
0 11222 10 0
0 11222 11 0
0 11222 12 0
0 11222 13 0
0 11222 14 0
0 41815 15 0
0 41815 0 0
0 41815 1 0
0 41815 2 0
0 41815 3 0
0 41815 4 0
0 42326 5 0
0 42326 6 0
0 42326 7 0
0 42326 8 0
0 42326 9 0
0 42326 10 0
0 59735 11 0
0 59735 12 0
0 59735 13 0
0 59735 14 0
0 59735 15 0
0 59735 0 0
0 42617 1 0
0 42617 2 0
0 42617 3 0
0 42617 4 0
0 42617 5 0
0 42617 6 0
0 33488 7 0
0 33488 8 0
0 33488 9 0
0 33488 10 0
0 33488 11 0
0 33488 12 0
0 3778 13 0
0 3778 14 0
0 3778 15 0
0 3778 0 0
0 3778 1 0
0 3778 2 0
0 5813 3 0
0 5813 4 0
0 5813 5 0
0 5813 6 0
0 5813 7 0
0 5813 8 0
0 24920 9 0
0 24920 10 0
0 24920 11 0
0 24920 12 0
0 24920 13 0
0 24920 14 0
0 48326 15 0
0 48326 0 0
0 48326 1 0
0 48326 2 0
0 48326 3 0
0 48326 4 0
0 10500 5 0
0 10500 6 0
0 10500 7 0
0 10500 8 0
0 10500 9 0
0 10500 10 0
0 27471 11 0
0 27471 12 0
0 27471 13 0
0 27471 14 0
0 27471 15 0
0 27471 0 0
0 45317 1 0
0 45317 2 0
0 45317 3 0
0 45317 4 0
0 45317 5 0
0 45317 6 0
0 24613 7 0
0 24613 8 0
0 24613 9 0
0 24613 10 0
0 24613 11 0
0 24613 12 0
0 26426 13 0
0 26426 14 0
0 26426 15 0
0 26426 0 0
0 26426 1 0
0 26426 2 0
0 32935 3 0
0 32935 4 0
0 32935 5 0
0 32935 6 0
0 32935 7 0
0 32935 8 0
0 39494 9 0
0 39494 10 0
0 39494 11 0
0 39494 12 0
0 39494 13 0
0 39494 14 0
0 40924 15 0
0 40924 0 0
0 40924 1 0
0 40924 2 0
0 40924 3 0
0 40924 4 0
0 50419 5 0
0 50419 6 0
0 50419 7 0
0 50419 8 0
0 50419 9 0
0 50419 10 0
0 33376 11 0
0 33376 12 0
0 33376 13 0
0 33376 14 0
0 33376 15 0
0 33376 0 0
0 63187 1 0
0 63187 2 0
0 63187 3 0
0 63187 4 0
0 63187 5 0
0 63187 6 0
0 45080 7 0
0 45080 8 0
0 45080 9 0
0 45080 10 0
0 45080 11 0
0 45080 12 0
0 31452 13 0
0 31452 14 0
0 31452 15 0
0 31452 0 0
0 31452 1 0
0 31452 2 0
0 5833 3 0
0 5833 4 0
0 5833 5 0
0 5833 6 0
0 5833 7 0
0 5833 8 0
0 40083 9 0
0 40083 10 0
0 40083 11 0
0 40083 12 0
0 40083 13 0
0 40083 14 0
0 9481 15 0
0 9481 0 0
0 9481 1 0
0 9481 2 0
0 9481 3 0
0 9481 4 0
0 1206 5 0
0 1206 6 0
0 1206 7 0
0 1206 8 0
0 1206 9 0
0 1206 10 0
0 60415 11 0
0 60415 12 0
0 60415 13 0
0 60415 14 0
0 60415 15 0
0 60415 0 0
0 64920 1 0
0 64920 2 0
0 64920 3 0
0 64920 4 0
0 64920 5 0
0 64920 6 0
0 57435 7 0
0 57435 8 0
0 57435 9 0
0 57435 10 0
0 57435 11 0
0 57435 12 0
0 6221 13 0
0 6221 14 0
0 6221 15 0
0 6221 0 0
0 6221 1 0
0 6221 2 0
0 54017 3 0
0 54017 4 0
0 54017 5 0
0 54017 6 0
0 54017 7 0
0 54017 8 0
0 64694 9 0
0 64694 10 0
0 64694 11 0
0 64694 12 0
0 64694 13 0
0 64694 14 0
0 60360 15 0
0 60360 0 0
0 60360 1 0
0 60360 2 0
0 60360 3 0
0 60360 4 0
0 57685 5 0
0 57685 6 0
0 57685 7 0
0 57685 8 0
0 57685 9 0
0 57685 10 0
0 15482 11 0
0 15482 12 0
0 15482 13 0
0 15482 14 0
0 15482 15 0
0 15482 0 0
0 11221 1 0
0 11221 2 0
0 11221 3 0
0 11221 4 0
0 11221 5 0
0 11221 6 0
0 10679 7 0
0 10679 8 0
0 10679 9 0
0 10679 10 0
0 10679 11 0
0 10679 12 0
0 31607 13 0
0 31607 14 0
0 31607 15 0
0 31607 0 0
0 31607 1 0
0 31607 2 0
0 12940 3 0
0 12940 4 0
0 12940 5 0
0 12940 6 0
0 12940 7 0
0 12940 8 0
0 20158 9 0
0 20158 10 0
0 20158 11 0
0 20158 12 0
0 20158 13 0
0 20158 14 0
0 54265 15 0
0 54265 0 0
0 54265 1 0
0 54265 2 0
0 54265 3 0
0 54265 4 0
0 27979 5 0
0 27979 6 0
0 27979 7 0
0 27979 8 0
0 27979 9 0
0 27979 10 0
0 57755 11 0
0 57755 12 0
0 57755 13 0
0 57755 14 0
0 57755 15 0
0 57755 0 0
0 10111 1 0
0 10111 2 0
0 10111 3 0
0 10111 4 0
0 10111 5 0
0 10111 6 0
0 55959 7 0
0 55959 8 0
0 55959 9 0
0 55959 10 0
0 55959 11 0
0 55959 12 0
0 51704 13 0
0 51704 14 0
0 51704 15 0
0 51704 0 0
0 51704 1 0
0 51704 2 0
0 5157 3 0
0 5157 4 0
0 5157 5 0
0 5157 6 0
0 5157 7 0
0 5157 8 0
0 23643 9 0
0 23643 10 0
0 23643 11 0
0 23643 12 0
0 23643 13 0
0 23643 14 0
0 32732 15 0
0 32732 0 0
0 32732 1 0
0 32732 2 0
0 32732 3 0
0 32732 4 0
0 64227 5 0
0 64227 6 0
0 64227 7 0
0 64227 8 0
0 64227 9 0
0 64227 10 0
0 28842 11 0
0 28842 12 0
0 28842 13 0
0 28842 14 0
0 28842 15 0
0 28842 0 0
0 16788 1 0
0 16788 2 0
0 16788 3 0
0 16788 4 0
0 16788 5 0
0 16788 6 0
0 36568 7 0
0 36568 8 0
0 36568 9 0
0 36568 10 0
0 36568 11 0
0 36568 12 0
0 46150 13 0
0 46150 14 0
0 46150 15 0
0 46150 0 0
0 46150 1 0
0 46150 2 0
0 41890 3 0
0 41890 4 0
0 41890 5 0
0 41890 6 0
0 41890 7 0
0 41890 8 0
0 56995 9 0
0 56995 10 0
0 56995 11 0
0 56995 12 0
0 56995 13 0
0 56995 14 0
0 14062 15 0
0 14062 0 0
0 14062 1 0
0 14062 2 0
0 14062 3 0
0 14062 4 0
0 37421 5 0
0 37421 6 0
0 37421 7 0
0 37421 8 0
0 37421 9 0
0 37421 10 0
0 26369 11 0
0 26369 12 0
0 26369 13 0
0 26369 14 0
0 26369 15 0
0 26369 0 0
0 38881 1 0
0 38881 2 0
0 38881 3 0
0 38881 4 0
0 38881 5 0
0 38881 6 0
0 57905 7 0
0 57905 8 0
0 57905 9 0
0 57905 10 0
0 57905 11 0
0 57905 12 0
0 60565 13 0
0 60565 14 0
0 60565 15 0
0 60565 0 0
0 60565 1 0
0 60565 2 0
0 34208 3 0
0 34208 4 0
0 34208 5 0
0 34208 6 0
0 34208 7 0
0 34208 8 0
0 35723 9 0
0 35723 10 0
0 35723 11 0
0 35723 12 0
0 35723 13 0
0 35723 14 0
0 30380 15 0
0 30380 0 0
0 30380 1 0
0 30380 2 0
0 30380 3 0
0 30380 4 0
0 2170 5 0
0 2170 6 0
0 2170 7 0
0 2170 8 0
0 2170 9 0
0 2170 10 0
0 15562 11 0
0 15562 12 0
0 15562 13 0
0 15562 14 0
0 15562 15 0
0 15562 0 0
0 12963 1 0
0 12963 2 0
0 12963 3 0
0 12963 4 0
0 12963 5 0
0 12963 6 0
0 22619 7 0
0 22619 8 0
0 22619 9 0
0 22619 10 0
0 22619 11 0
0 22619 12 0
0 54350 13 0
0 54350 14 0
0 54350 15 0
0 54350 0 0
0 54350 1 0
0 54350 2 0
0 32607 3 0
0 32607 4 0
0 32607 5 0
0 32607 6 0
0 32607 7 0
0 32607 8 0
0 28582 9 0
0 28582 10 0
0 28582 11 0
0 28582 12 0
0 28582 13 0
0 28582 14 0
0 37297 15 0
0 37297 0 0
0 37297 1 0
0 37297 2 0
0 37297 3 0
0 37297 4 0
0 844 5 0
0 844 6 0
0 844 7 0
0 844 8 0
0 844 9 0
0 844 10 0
0 56134 11 0
0 56134 12 0
0 56134 13 0
0 56134 14 0
0 56134 15 0
0 56134 0 0
0 6523 1 0
0 6523 2 0
0 6523 3 0
0 6523 4 0
0 6523 5 0
0 6523 6 0
0 15963 7 0
0 15963 8 0
0 15963 9 0
0 15963 10 0
0 15963 11 0
0 15963 12 0
0 50422 13 0
0 50422 14 0
0 50422 15 0
0 50422 0 0
0 50422 1 0
0 50422 2 0
0 35715 3 0
0 35715 4 0
0 35715 5 0
0 35715 6 0
0 35715 7 0
0 35715 8 0
0 15498 9 0
0 15498 10 0
0 15498 11 0
0 15498 12 0
0 15498 13 0
0 15498 14 0
0 47042 15 0
0 47042 0 0
0 47042 1 0
0 47042 2 0
0 47042 3 0
0 47042 4 0
0 30089 5 0
0 30089 6 0
0 30089 7 0
0 30089 8 0
0 30089 9 0
0 30089 10 0
0 36984 11 0
0 36984 12 0
0 36984 13 0
0 36984 14 0
0 36984 15 0
0 36984 0 0
0 29040 1 0
0 29040 2 0
0 29040 3 0
0 29040 4 0
0 29040 5 0
0 29040 6 0
0 31475 7 0
0 31475 8 0
0 31475 9 0
0 31475 10 0
0 31475 11 0
0 31475 12 0
0 8491 13 0
0 8491 14 0
0 8491 15 0
0 8491 0 0
0 8491 1 0
0 8491 2 0
0 40307 3 0
0 40307 4 0
0 40307 5 0
0 40307 6 0
0 40307 7 0
0 40307 8 0
0 42901 9 0
0 42901 10 0
0 42901 11 0
0 42901 12 0
0 42901 13 0
0 42901 14 0
0 30618 15 0
0 30618 0 0
0 30618 1 0
0 30618 2 0
0 30618 3 0
0 30618 4 0
0 48915 5 0
0 48915 6 0
0 48915 7 0
0 48915 8 0
0 48915 9 0
0 48915 10 0
0 62949 11 0
0 62949 12 0
0 62949 13 0
0 62949 14 0
0 62949 15 0
0 62949 0 0
0 37595 1 0
0 37595 2 0
0 37595 3 0
0 37595 4 0
0 37595 5 0
0 37595 6 0
0 22463 7 0
0 22463 8 0
0 22463 9 0
0 22463 10 0
0 22463 11 0
0 22463 12 0
0 17994 13 0
0 17994 14 0
0 17994 15 0
0 17994 0 0
0 17994 1 0
0 17994 2 0
0 2031 3 0
0 2031 4 0
0 2031 5 0
0 2031 6 0
0 2031 7 0
0 2031 8 0
0 42976 9 0
0 42976 10 0
0 42976 11 0
0 42976 12 0
0 42976 13 0
0 42976 14 0
0 48101 15 0
0 48101 0 0
0 48101 1 0
0 48101 2 0
0 48101 3 0
0 48101 4 0
0 3314 5 0
0 3314 6 0
0 3314 7 0
0 3314 8 0
0 3314 9 0
0 3314 10 0
0 17016 11 0
0 17016 12 0
0 17016 13 0
0 17016 14 0
0 17016 15 0
0 17016 0 0
0 51849 1 0
0 51849 2 0
0 51849 3 0
0 51849 4 0
0 51849 5 0
0 51849 6 0
0 20348 7 0
0 20348 8 0
0 20348 9 0
0 20348 10 0
0 20348 11 0
0 20348 12 0
0 23168 13 0
0 23168 14 0
0 23168 15 0
0 23168 0 0
0 23168 1 0
0 23168 2 0
0 10021 3 0
0 10021 4 0
0 10021 5 0
0 10021 6 0
0 10021 7 0
0 10021 8 0
0 17770 9 0
0 17770 10 0
0 17770 11 0
0 17770 12 0
0 17770 13 0
0 17770 14 0
0 27066 15 0
0 27066 0 0
0 27066 1 0
0 27066 2 0
0 27066 3 0
0 27066 4 0
0 65108 5 0
0 65108 6 0
0 65108 7 0
0 65108 8 0
0 65108 9 0
0 65108 10 0
0 27978 11 0
0 27978 12 0
0 27978 13 0
0 27978 14 0
0 27978 15 0
0 27978 0 0
0 30843 1 0
0 30843 2 0
0 30843 3 0
0 30843 4 0
0 30843 5 0
0 30843 6 0
0 17318 7 0
0 17318 8 0
0 17318 9 0
0 17318 10 0
0 17318 11 0
0 17318 12 0
0 30630 13 0
0 30630 14 0
0 30630 15 0
0 30630 0 0
0 30630 1 0
0 30630 2 0
0 50411 3 0
0 50411 4 0
0 50411 5 0
0 50411 6 0
0 50411 7 0
0 50411 8 0
0 46329 9 0
0 46329 10 0
0 46329 11 0
0 46329 12 0
0 46329 13 0
0 46329 14 0
0 17372 15 0
0 17372 0 0
0 17372 1 0
0 17372 2 0
0 17372 3 0
0 17372 4 0
0 65334 5 0
0 65334 6 0
0 65334 7 0
0 65334 8 0
0 65334 9 0
0 65334 10 0
0 14157 11 0
0 14157 12 0
0 14157 13 0
0 14157 14 0
0 14157 15 0
0 14157 0 0
0 3409 1 0
0 3409 2 0
0 3409 3 0
0 3409 4 0
0 3409 5 0
0 3409 6 0
0 47004 7 0
0 47004 8 0
0 47004 9 0
0 47004 10 0
0 47004 11 0
0 47004 12 0
0 64120 13 0
0 64120 14 0
0 64120 15 0
0 64120 0 0
0 64120 1 0
0 64120 2 0
0 59716 3 0
0 59716 4 0
0 59716 5 0
0 59716 6 0
0 59716 7 0
0 59716 8 0
0 40461 9 0
0 40461 10 0
0 40461 11 0
0 40461 12 0
0 40461 13 0
0 40461 14 0
0 1656 15 0
0 1656 0 0
0 1656 1 0
0 1656 2 0
0 1656 3 0
0 1656 4 0
0 28845 5 0
0 28845 6 0
0 28845 7 0
0 28845 8 0
0 28845 9 0
0 28845 10 0
0 21369 11 0
0 21369 12 0
0 21369 13 0
0 21369 14 0
0 21369 15 0
0 21369 0 0
0 64841 1 0
0 64841 2 0
0 64841 3 0
0 64841 4 0
0 64841 5 0
0 64841 6 0
0 63034 7 0
0 63034 8 0
0 63034 9 0
0 63034 10 0
0 63034 11 0
0 63034 12 0
0 41149 13 0
0 41149 14 0
0 41149 15 0
0 41149 0 0
0 41149 1 0
0 41149 2 0
0 10324 3 0
0 10324 4 0
0 10324 5 0
0 10324 6 0
0 10324 7 0
0 10324 8 0
0 33968 9 0
0 33968 10 0
0 33968 11 0
0 33968 12 0
0 33968 13 0
0 33968 14 0
0 18015 15 0
0 18015 0 0
0 18015 1 0
0 18015 2 0
0 18015 3 0
0 18015 4 0
0 52671 5 0
0 52671 6 0
0 52671 7 0
0 52671 8 0
0 52671 9 0
0 52671 10 0
0 25043 11 0
0 25043 12 0
0 25043 13 0
0 25043 14 0
0 25043 15 0
0 25043 0 0
0 41473 1 0
0 41473 2 0
0 41473 3 0
0 41473 4 0
0 41473 5 0
0 41473 6 0
0 38237 7 0
0 38237 8 0
0 38237 9 0
0 38237 10 0
0 38237 11 0
0 38237 12 0
0 50343 13 0
0 50343 14 0
0 50343 15 0
0 50343 0 0
0 50343 1 0
0 50343 2 0
0 7756 3 0
0 7756 4 0
0 7756 5 0
0 7756 6 0
0 7756 7 0
0 7756 8 0
0 27349 9 0
0 27349 10 0
0 27349 11 0
0 27349 12 0
0 27349 13 0
0 27349 14 0
0 5018 15 0
0 5018 0 0
0 5018 1 0
0 5018 2 0
0 5018 3 0
0 5018 4 0
0 41308 5 0
0 41308 6 0
0 41308 7 0
0 41308 8 0
0 41308 9 0
0 41308 10 0
0 32716 11 0
0 32716 12 0
0 32716 13 0
0 32716 14 0
0 32716 15 0
0 32716 0 0
0 44979 1 0
0 44979 2 0
0 44979 3 0
0 44979 4 0
0 44979 5 0
0 44979 6 0
0 57828 7 0
0 57828 8 0
0 57828 9 0
0 57828 10 0
0 57828 11 0
0 57828 12 0
0 29611 13 0
0 29611 14 0
0 29611 15 0
0 29611 0 0
0 29611 1 0
0 29611 2 0
0 34092 3 0
0 34092 4 0
0 34092 5 0
0 34092 6 0
0 34092 7 0
0 34092 8 0
0 45111 9 0
0 45111 10 0
0 45111 11 0
0 45111 12 0
0 45111 13 0
0 45111 14 0
0 21277 15 0
0 21277 0 0
0 21277 1 0
0 21277 2 0
0 21277 3 0
0 21277 4 0
0 39964 5 0
0 39964 6 0
0 39964 7 0
0 39964 8 0
0 39964 9 0
0 39964 10 0
0 2225 11 0
0 2225 12 0
0 2225 13 0
0 2225 14 0
0 2225 15 0
0 2225 0 0
0 46708 1 0
0 46708 2 0
0 46708 3 0
0 46708 4 0
0 46708 5 0
0 46708 6 0
0 7626 7 0
0 7626 8 0
0 7626 9 0
0 7626 10 0
0 7626 11 0
0 7626 12 0
0 19820 13 0
0 19820 14 0
0 19820 15 0
0 19820 0 0
0 19820 1 0
0 19820 2 0
0 46323 3 0
0 46323 4 0
0 46323 5 0
0 46323 6 0
0 46323 7 0
0 46323 8 0
0 2881 9 0
0 2881 10 0
0 2881 11 0
0 2881 12 0
0 2881 13 0
0 2881 14 0
0 64370 15 0
0 64370 0 0
0 64370 1 0
0 64370 2 0
0 64370 3 0
0 64370 4 0
0 8037 5 0
0 8037 6 0
0 8037 7 0
0 8037 8 0
0 8037 9 0
0 8037 10 0
0 3219 11 0
0 3219 12 0
0 3219 13 0
0 3219 14 0
0 3219 15 0
0 3219 0 0
0 31649 1 0
0 31649 2 0
0 31649 3 0
0 31649 4 0
0 31649 5 0
0 31649 6 0
0 5893 7 0
0 5893 8 0
0 5893 9 0
0 5893 10 0
0 5893 11 0
0 5893 12 0
0 1630 13 0
0 1630 14 0
0 1630 15 0
0 1630 0 0
0 1630 1 0
0 1630 2 0
0 29592 3 0
0 29592 4 0
0 29592 5 0
0 29592 6 0
0 29592 7 0
0 29592 8 0
0 42817 9 0
0 42817 10 0
0 42817 11 0
0 42817 12 0
0 42817 13 0
0 42817 14 0
0 8722 15 0
0 8722 0 0
0 8722 1 0
0 8722 2 0
0 8722 3 0
0 8722 4 0
0 8179 5 0
0 8179 6 0
0 8179 7 0
0 8179 8 0
0 8179 9 0
0 8179 10 0
0 45210 11 0
0 45210 12 0
0 45210 13 0
0 45210 14 0
0 45210 15 0
0 45210 0 0
0 55397 1 0
0 55397 2 0
0 55397 3 0
0 55397 4 0
0 55397 5 0
0 55397 6 0
0 17806 7 0
0 17806 8 0
0 17806 9 0
0 17806 10 0
0 17806 11 0
0 17806 12 0
0 28380 13 0
0 28380 14 0
0 28380 15 0
0 28380 0 0
0 28380 1 0
0 28380 2 0
0 58846 3 0
0 58846 4 0
0 58846 5 0
0 58846 6 0
0 58846 7 0
0 58846 8 0
0 57044 9 0
0 57044 10 0
0 57044 11 0
0 57044 12 0
0 57044 13 0
0 57044 14 0
0 18619 15 0
0 18619 0 0
0 18619 1 0
0 18619 2 0
0 18619 3 0
0 18619 4 0
0 46928 5 0
0 46928 6 0
0 46928 7 0
0 46928 8 0
0 46928 9 0
0 46928 10 0
0 40888 11 0
0 40888 12 0
0 40888 13 0
0 40888 14 0
0 40888 15 0
0 40888 0 0
0 23191 1 0
0 23191 2 0
0 23191 3 0
0 23191 4 0
0 23191 5 0
0 23191 6 0
0 43098 7 0
0 43098 8 0
0 43098 9 0
0 43098 10 0
0 43098 11 0
0 43098 12 0
0 53560 13 0
0 53560 14 0
0 53560 15 0
0 53560 0 0
0 53560 1 0
0 53560 2 0
0 50157 3 0
0 50157 4 0
0 50157 5 0
0 50157 6 0
0 50157 7 0
0 50157 8 0
0 1262 9 0
0 1262 10 0
0 1262 11 0
0 1262 12 0
0 1262 13 0
0 1262 14 0
0 53645 15 0
0 53645 0 0
0 53645 1 0
0 53645 2 0
0 53645 3 0
0 53645 4 0
0 34569 5 0
0 34569 6 0
0 34569 7 0
0 34569 8 0
0 34569 9 0
0 34569 10 0
0 60640 11 0
0 60640 12 0
0 60640 13 0
0 60640 14 0
0 60640 15 0
0 60640 0 0
0 5497 1 0
0 5497 2 0
0 5497 3 0
0 5497 4 0
0 5497 5 0
0 5497 6 0
0 16068 7 0
0 16068 8 0
0 16068 9 0
0 16068 10 0
0 16068 11 0
0 16068 12 0
0 53599 13 0
0 53599 14 0
0 53599 15 0
0 53599 0 0
0 53599 1 0
0 53599 2 0
0 51157 3 0
0 51157 4 0
0 51157 5 0
0 51157 6 0
0 51157 7 0
0 51157 8 0
0 22454 9 0
0 22454 10 0
0 22454 11 0
0 22454 12 0
0 22454 13 0
0 22454 14 0
0 407 15 0
0 407 0 0
0 407 1 0
0 407 2 0
0 407 3 0
0 407 4 0
0 18117 5 0
0 18117 6 0
0 18117 7 0
0 18117 8 0
0 18117 9 0
0 18117 10 0
0 19420 11 0
0 19420 12 0
0 19420 13 0
0 19420 14 0
0 19420 15 0
0 19420 0 0
0 10439 1 0
0 10439 2 0
0 10439 3 0
0 10439 4 0
0 10439 5 0
0 10439 6 0
0 43260 7 0
0 43260 8 0
0 43260 9 0
0 43260 10 0
0 43260 11 0
0 43260 12 0
0 31113 13 0
0 31113 14 0
0 31113 15 0
0 31113 0 0
0 31113 1 0
0 31113 2 0
0 23104 3 0
0 23104 4 0
0 23104 5 0
0 23104 6 0
0 23104 7 0
0 23104 8 0
0 32347 9 0
0 32347 10 0
0 32347 11 0
0 32347 12 0
0 32347 13 0
0 32347 14 0
0 2880 15 0
0 2880 0 0
0 2880 1 0
0 2880 2 0
0 2880 3 0
0 2880 4 0
0 22130 5 0
0 22130 6 0
0 22130 7 0
0 22130 8 0
0 22130 9 0
0 22130 10 0
0 22061 11 0
0 22061 12 0
0 22061 13 0
0 22061 14 0
0 22061 15 0
0 22061 0 0
0 10287 1 0
0 10287 2 0
0 10287 3 0
0 10287 4 0
0 10287 5 0
0 10287 6 0
0 55990 7 0
0 55990 8 0
0 55990 9 0
0 55990 10 0
0 55990 11 0
0 55990 12 0
0 13586 13 0
0 13586 14 0
0 13586 15 0
0 13586 0 0
0 13586 1 0
0 13586 2 0
0 59966 3 0
0 59966 4 0
0 59966 5 0
0 59966 6 0
0 59966 7 0
0 59966 8 0
0 19670 9 0
0 19670 10 0
0 19670 11 0
0 19670 12 0
0 19670 13 0
0 19670 14 0
0 5249 15 0
0 5249 0 0
0 5249 1 0
0 5249 2 0
0 5249 3 0
0 5249 4 0
0 33092 5 0
0 33092 6 0
0 33092 7 0
0 33092 8 0
0 33092 9 0
0 33092 10 0
0 44597 11 0
0 44597 12 0
0 44597 13 0
0 44597 14 0
0 44597 15 0
0 44597 0 0
0 49350 1 0
0 49350 2 0
0 49350 3 0
0 49350 4 0
0 49350 5 0
0 49350 6 0
0 3573 7 0
0 3573 8 0
0 3573 9 0
0 3573 10 0
0 3573 11 0
0 3573 12 0
0 4760 13 0
0 4760 14 0
0 4760 15 0
0 4760 0 0
0 4760 1 0
0 4760 2 0
0 65056 3 0
0 65056 4 0
0 65056 5 0
0 65056 6 0
0 65056 7 0
0 65056 8 0
0 11746 9 0
0 11746 10 0
0 11746 11 0
0 11746 12 0
0 11746 13 0
0 11746 14 0
0 46971 15 0
0 46971 0 0
0 46971 1 0
0 46971 2 0
0 46971 3 0
0 46971 4 0
0 38369 5 0
0 38369 6 0
0 38369 7 0
0 38369 8 0
0 38369 9 0
0 38369 10 0
0 19766 11 0
0 19766 12 0
0 19766 13 0
0 19766 14 0
0 19766 15 0
0 19766 0 0
0 60046 1 0
0 60046 2 0
0 60046 3 0
0 60046 4 0
0 60046 5 0
0 60046 6 0
0 30952 7 0
0 30952 8 0
0 30952 9 0
0 30952 10 0
0 30952 11 0
0 30952 12 0
0 46636 13 0
0 46636 14 0
0 46636 15 0
0 46636 0 0
0 46636 1 0
0 46636 2 0
0 21270 3 0
0 21270 4 0
0 21270 5 0
0 21270 6 0
0 21270 7 0
0 21270 8 0
0 53046 9 0
0 53046 10 0
0 53046 11 0
0 53046 12 0
0 53046 13 0
0 53046 14 0
0 44255 15 0
0 44255 0 0
0 44255 1 0
0 44255 2 0
0 44255 3 0
0 44255 4 0
0 35368 5 0
0 35368 6 0
0 35368 7 0
0 35368 8 0
0 35368 9 0
0 35368 10 0
0 64528 11 0
0 64528 12 0
0 64528 13 0
0 64528 14 0
0 64528 15 0
0 64528 0 0
0 51457 1 0
0 51457 2 0
0 51457 3 0
0 51457 4 0
0 51457 5 0
0 51457 6 0
0 1937 7 0
0 1937 8 0
0 1937 9 0
0 1937 10 0
0 1937 11 0
0 1937 12 0
0 40732 13 0
0 40732 14 0
0 40732 15 0
0 40732 0 0
0 40732 1 0
0 40732 2 0
0 37778 3 0
0 37778 4 0
0 37778 5 0
0 37778 6 0
0 37778 7 0
0 37778 8 0
0 61461 9 0
0 61461 10 0
0 61461 11 0
0 61461 12 0
0 61461 13 0
0 61461 14 0
0 4578 15 0
0 4578 0 0
0 4578 1 0
0 4578 2 0
0 4578 3 0
0 4578 4 0
0 34399 5 0
0 34399 6 0
0 34399 7 0
0 34399 8 0
0 34399 9 0
0 34399 10 0
0 5020 11 0
0 5020 12 0
0 5020 13 0
0 5020 14 0
0 5020 15 0
0 5020 0 0
0 59758 1 0
0 59758 2 0
0 59758 3 0
0 59758 4 0
0 59758 5 0
0 59758 6 0
0 51781 7 0
0 51781 8 0
0 51781 9 0
0 51781 10 0
0 51781 11 0
0 51781 12 0
0 15730 13 0
0 15730 14 0
0 15730 15 0
0 15730 0 0
0 15730 1 0
0 15730 2 0
0 52924 3 0
0 52924 4 0
0 52924 5 0
0 52924 6 0
0 52924 7 0
0 52924 8 0
0 45428 9 0
0 45428 10 0
0 45428 11 0
0 45428 12 0
0 45428 13 0
0 45428 14 0
0 65012 15 0
0 65012 0 0
0 65012 1 0
0 65012 2 0
0 65012 3 0
0 65012 4 0
0 6704 5 0
0 6704 6 0
0 6704 7 0
0 6704 8 0
0 6704 9 0
0 6704 10 0
0 2711 11 0
0 2711 12 0
0 2711 13 0
0 2711 14 0
0 2711 15 0
0 2711 0 0
0 35789 1 0
0 35789 2 0
0 35789 3 0
0 35789 4 0
0 35789 5 0
0 35789 6 0
0 4492 7 0
0 4492 8 0
0 4492 9 0
0 4492 10 0
0 4492 11 0
0 4492 12 0
0 33281 13 0
0 33281 14 0
0 33281 15 0
0 33281 0 0
0 33281 1 0
0 33281 2 0
0 37981 3 0
0 37981 4 0
0 37981 5 0
0 37981 6 0
0 37981 7 0
0 37981 8 0
0 27144 9 0
0 27144 10 0
0 27144 11 0
0 27144 12 0
0 27144 13 0
0 27144 14 0
0 44601 15 0
0 44601 0 0
0 44601 1 0
0 44601 2 0
0 44601 3 0
0 44601 4 0
0 50603 5 0
0 50603 6 0
0 50603 7 0
0 50603 8 0
0 50603 9 0
0 50603 10 0
0 32851 11 0
0 32851 12 0
0 32851 13 0
0 32851 14 0
0 32851 15 0
0 32851 0 0
0 27390 1 0
0 27390 2 0
0 27390 3 0
0 27390 4 0
0 27390 5 0
0 27390 6 0
0 15203 7 0
0 15203 8 0
0 15203 9 0
0 15203 10 0
0 15203 11 0
0 15203 12 0
0 43180 13 0
0 43180 14 0
0 43180 15 0
