0 0 0 0
0 0 1 0
0 0 2 0
0 0 3 0
0 0 4 0
0 34099 5 0
0 34099 6 0
0 34099 7 0
0 34099 8 0
0 34099 9 0
0 34099 10 0
0 12376 11 0
0 12376 12 0
0 12376 13 0
0 12376 14 0
0 12376 15 0
0 12376 0 0
0 62933 1 0
0 62933 2 0
0 62933 3 0
0 62933 4 0
0 62933 5 0
0 62933 6 0
0 56582 7 0
0 56582 8 0
0 56582 9 0
0 56582 10 0
0 56582 11 0
0 56582 12 0
0 42975 13 0
0 42975 14 0
0 42975 15 0
0 42975 0 0
0 42975 1 0
0 42975 2 0
0 25837 3 0
0 25837 4 0
0 25837 5 0
0 25837 6 0
0 25837 7 0
0 25837 8 0
0 2778 9 0
0 2778 10 0
0 2778 11 0
0 2778 12 0
0 2778 13 0
0 2778 14 0
0 34261 15 0
0 34261 0 0
0 34261 1 0
0 34261 2 0
0 34261 3 0
0 34261 4 0
0 36103 5 0
0 36103 6 0
0 36103 7 0
0 36103 8 0
0 36103 9 0
0 36103 10 0
0 14121 11 0
0 14121 12 0
0 14121 13 0
0 14121 14 0
0 14121 15 0
0 14121 0 0
0 39369 1 0
0 39369 2 0
0 39369 3 0
0 39369 4 0
0 39369 5 0
0 39369 6 0
0 52173 7 0
0 52173 8 0
0 52173 9 0
0 52173 10 0
0 52173 11 0
0 52173 12 0
0 985 13 0
0 985 14 0
0 985 15 0
0 985 0 0
0 985 1 0
0 985 2 0
0 51223 3 0
0 51223 4 0
0 51223 5 0
0 51223 6 0
0 51223 7 0
0 51223 8 0
0 10535 9 0
0 10535 10 0
0 10535 11 0
0 10535 12 0
0 10535 13 0
0 10535 14 0
0 22247 15 0
0 22247 0 0
0 22247 1 0
0 22247 2 0
0 22247 3 0
0 22247 4 0
0 32388 5 0
0 32388 6 0
0 32388 7 0
0 32388 8 0
0 32388 9 0
0 32388 10 0
0 30179 11 0
0 30179 12 0
0 30179 13 0
0 30179 14 0
0 30179 15 0
0 30179 0 0
0 20300 1 0
0 20300 2 0
0 20300 3 0
0 20300 4 0
0 20300 5 0
0 20300 6 0
0 41460 7 0
0 41460 8 0
0 41460 9 0
0 41460 10 0
0 41460 11 0
0 41460 12 0
0 49963 13 0
0 49963 14 0
0 49963 15 0
0 49963 0 0
0 49963 1 0
0 49963 2 0
0 30388 3 0
0 30388 4 0
0 30388 5 0
0 30388 6 0
0 30388 7 0
0 30388 8 0
0 52776 9 0
0 52776 10 0
0 52776 11 0
0 52776 12 0
0 52776 13 0
0 52776 14 0
0 56244 15 0
0 56244 0 0
0 56244 1 0
0 56244 2 0
0 56244 3 0
0 56244 4 0
0 41870 5 0
0 41870 6 0
0 41870 7 0
0 41870 8 0
0 41870 9 0
0 41870 10 0
0 46098 11 0
0 46098 12 0
0 46098 13 0
0 46098 14 0
0 46098 15 0
0 46098 0 0
0 32332 1 0
0 32332 2 0
0 32332 3 0
0 32332 4 0
0 32332 5 0
0 32332 6 0
0 37278 7 0
0 37278 8 0
0 37278 9 0
0 37278 10 0
0 37278 11 0
0 37278 12 0
0 38371 13 0
0 38371 14 0
0 38371 15 0
0 38371 0 0
0 38371 1 0
0 38371 2 0
0 48700 3 0
0 48700 4 0
0 48700 5 0
0 48700 6 0
0 48700 7 0
0 48700 8 0
0 21446 9 0
0 21446 10 0
0 21446 11 0
0 21446 12 0
0 21446 13 0
0 21446 14 0
0 3684 15 0
0 3684 0 0
0 3684 1 0
0 3684 2 0
0 3684 3 0
0 3684 4 0
0 8418 5 0
0 8418 6 0
0 8418 7 0
0 8418 8 0
0 8418 9 0
0 8418 10 0
0 51468 11 0
0 51468 12 0
0 51468 13 0
0 51468 14 0
0 51468 15 0
0 51468 0 0
0 59257 1 0
0 59257 2 0
0 59257 3 0
0 59257 4 0
0 59257 5 0
0 59257 6 0
0 29046 7 0
0 29046 8 0
0 29046 9 0
0 29046 10 0
0 29046 11 0
0 29046 12 0
0 30730 13 0
0 30730 14 0
0 30730 15 0
0 30730 0 0
0 30730 1 0
0 30730 2 0
0 44450 3 0
0 44450 4 0
0 44450 5 0
0 44450 6 0
0 44450 7 0
0 44450 8 0
0 15841 9 0
0 15841 10 0
0 15841 11 0
0 15841 12 0
0 15841 13 0
0 15841 14 0
0 19516 15 0
0 19516 0 0
0 19516 1 0
0 19516 2 0
0 19516 3 0
0 19516 4 0
0 47926 5 0
0 47926 6 0
0 47926 7 0
0 47926 8 0
0 47926 9 0
0 47926 10 0
0 22788 11 0
0 22788 12 0
0 22788 13 0
0 22788 14 0
0 22788 15 0
0 22788 0 0
0 47424 1 0
0 47424 2 0
0 47424 3 0
0 47424 4 0
0 47424 5 0
0 47424 6 0
0 30516 7 0
0 30516 8 0
0 30516 9 0
0 30516 10 0
0 30516 11 0
0 30516 12 0
0 53062 13 0
0 53062 14 0
0 53062 15 0
0 53062 0 0
0 53062 1 0
0 53062 2 0
0 32122 3 0
0 32122 4 0
0 32122 5 0
0 32122 6 0
0 32122 7 0
0 32122 8 0
0 31537 9 0
0 31537 10 0
0 31537 11 0
0 31537 12 0
0 31537 13 0
0 31537 14 0
0 65490 15 0
0 65490 0 0
0 65490 1 0
0 65490 2 0
0 65490 3 0
0 65490 4 0
0 5596 5 0
0 5596 6 0
0 5596 7 0
0 5596 8 0
0 5596 9 0
0 5596 10 0
0 56140 11 0
0 56140 12 0
0 56140 13 0
0 56140 14 0
0 56140 15 0
0 56140 0 0
0 7535 1 0
0 7535 2 0
0 7535 3 0
0 7535 4 0
0 7535 5 0
0 7535 6 0
0 44742 7 0
0 44742 8 0
0 44742 9 0
0 44742 10 0
0 44742 11 0
0 44742 12 0
0 8023 13 0
0 8023 14 0
0 8023 15 0
0 8023 0 0
0 8023 1 0
0 8023 2 0
0 48754 3 0
0 48754 4 0
0 48754 5 0
0 48754 6 0
0 48754 7 0
0 48754 8 0
0 13109 9 0
0 13109 10 0
0 13109 11 0
0 13109 12 0
0 13109 13 0
0 13109 14 0
0 34918 15 0
0 34918 0 0
0 34918 1 0
0 34918 2 0
0 34918 3 0
0 34918 4 0
0 350 5 0
0 350 6 0
0 350 7 0
0 350 8 0
0 350 9 0
0 350 10 0
0 1113 11 0
0 1113 12 0
0 1113 13 0
0 1113 14 0
0 1113 15 0
0 1113 0 0
0 38190 1 0
0 38190 2 0
0 38190 3 0
0 38190 4 0
0 38190 5 0
0 38190 6 0
0 58645 7 0
0 58645 8 0
0 58645 9 0
0 58645 10 0
0 58645 11 0
0 58645 12 0
0 59709 13 0
0 59709 14 0
0 59709 15 0
0 59709 0 0
0 59709 1 0
0 59709 2 0
0 27384 3 0
0 27384 4 0
0 27384 5 0
0 27384 6 0
0 27384 7 0
0 27384 8 0
0 7235 9 0
0 7235 10 0
0 7235 11 0
0 7235 12 0
0 7235 13 0
0 7235 14 0
0 49078 15 0
0 49078 0 0
0 49078 1 0
0 49078 2 0
0 49078 3 0
0 49078 4 0
0 51323 5 0
0 51323 6 0
0 51323 7 0
0 51323 8 0
0 51323 9 0
0 51323 10 0
0 50034 11 0
0 50034 12 0
0 50034 13 0
0 50034 14 0
0 50034 15 0
0 50034 0 0
0 13062 1 0
0 13062 2 0
0 13062 3 0
0 13062 4 0
0 13062 5 0
0 13062 6 0
0 15142 7 0
0 15142 8 0
0 15142 9 0
0 15142 10 0
0 15142 11 0
0 15142 12 0
0 55515 13 0
0 55515 14 0
0 55515 15 0
0 55515 0 0
0 55515 1 0
0 55515 2 0
0 12224 3 0
0 12224 4 0
0 12224 5 0
0 12224 6 0
0 12224 7 0
0 12224 8 0
0 30082 9 0
0 30082 10 0
0 30082 11 0
0 30082 12 0
0 30082 13 0
0 30082 14 0
0 19132 15 0
0 19132 0 0
0 19132 1 0
0 19132 2 0
0 19132 3 0
0 19132 4 0
0 50084 5 0
0 50084 6 0
0 50084 7 0
0 50084 8 0
0 50084 9 0
0 50084 10 0
0 28451 11 0
0 28451 12 0
0 28451 13 0
0 28451 14 0
0 28451 15 0
0 28451 0 0
0 2488 1 0
0 2488 2 0
0 2488 3 0
0 2488 4 0
0 2488 5 0
0 2488 6 0
0 34908 7 0
0 34908 8 0
0 34908 9 0
0 34908 10 0
0 34908 11 0
0 34908 12 0
0 9883 13 0
0 9883 14 0
0 9883 15 0
0 9883 0 0
0 9883 1 0
0 9883 2 0
0 18030 3 0
0 18030 4 0
0 18030 5 0
0 18030 6 0
0 18030 7 0
0 18030 8 0
0 37042 9 0
0 37042 10 0
0 37042 11 0
0 37042 12 0
0 37042 13 0
0 37042 14 0
0 35298 15 0
0 35298 0 0
0 35298 1 0
0 35298 2 0
0 35298 3 0
0 35298 4 0
0 21294 5 0
0 21294 6 0
0 21294 7 0
0 21294 8 0
0 21294 9 0
0 21294 10 0
0 4854 11 0
0 4854 12 0
0 4854 13 0
0 4854 14 0
0 4854 15 0
0 4854 0 0
0 10147 1 0
0 10147 2 0
0 10147 3 0
0 10147 4 0
0 10147 5 0
0 10147 6 0
0 49862 7 0
0 49862 8 0
0 49862 9 0
0 49862 10 0
0 49862 11 0
0 49862 12 0
0 32030 13 0
0 32030 14 0
0 32030 15 0
0 32030 0 0
0 32030 1 0
0 32030 2 0
0 9003 3 0
0 9003 4 0
0 9003 5 0
0 9003 6 0
0 9003 7 0
0 9003 8 0
0 27503 9 0
0 27503 10 0
0 27503 11 0
0 27503 12 0
0 27503 13 0
0 27503 14 0
0 50219 15 0
0 50219 0 0
0 50219 1 0
0 50219 2 0
0 50219 3 0
0 50219 4 0
0 58287 5 0
0 58287 6 0
0 58287 7 0
0 58287 8 0
0 58287 9 0
0 58287 10 0
0 2813 11 0
0 2813 12 0
0 2813 13 0
0 2813 14 0
0 2813 15 0
0 2813 0 0
0 4076 1 0
0 4076 2 0
0 4076 3 0
0 4076 4 0
0 4076 5 0
0 4076 6 0
0 49891 7 0
0 49891 8 0
0 49891 9 0
0 49891 10 0
0 49891 11 0
0 49891 12 0
0 34519 13 0
0 34519 14 0
0 34519 15 0
0 34519 0 0
0 34519 1 0
0 34519 2 0
0 28041 3 0
0 28041 4 0
0 28041 5 0
0 28041 6 0
0 28041 7 0
0 28041 8 0
0 8317 9 0
0 8317 10 0
0 8317 11 0
0 8317 12 0
0 8317 13 0
0 8317 14 0
0 13611 15 0
0 13611 0 0
0 13611 1 0
0 13611 2 0
0 13611 3 0
0 13611 4 0
0 33532 5 0
0 33532 6 0
0 33532 7 0
0 33532 8 0
0 33532 9 0
0 33532 10 0
0 13135 11 0
0 13135 12 0
0 13135 13 0
0 13135 14 0
0 13135 15 0
0 13135 0 0
0 60452 1 0
0 60452 2 0
0 60452 3 0
0 60452 4 0
0 60452 5 0
0 60452 6 0
0 56777 7 0
0 56777 8 0
0 56777 9 0
0 56777 10 0
0 56777 11 0
0 56777 12 0
0 42753 13 0
0 42753 14 0
0 42753 15 0
0 42753 0 0
0 42753 1 0
0 42753 2 0
0 27259 3 0
0 27259 4 0
0 27259 5 0
0 27259 6 0
0 27259 7 0
0 27259 8 0
0 50080 9 0
0 50080 10 0
0 50080 11 0
0 50080 12 0
0 50080 13 0
0 50080 14 0
0 43173 15 0
0 43173 0 0
0 43173 1 0
0 43173 2 0
0 43173 3 0
0 43173 4 0
0 4494 5 0
0 4494 6 0
0 4494 7 0
0 4494 8 0
0 4494 9 0
0 4494 10 0
0 56359 11 0
0 56359 12 0
0 56359 13 0
0 56359 14 0
0 56359 15 0
0 56359 0 0
0 686 1 0
0 686 2 0
0 686 3 0
0 686 4 0
0 686 5 0
0 686 6 0
0 55553 7 0
0 55553 8 0
0 55553 9 0
0 55553 10 0
0 55553 11 0
0 55553 12 0
0 1293 13 0
0 1293 14 0
0 1293 15 0
0 1293 0 0
0 1293 1 0
0 1293 2 0
0 7019 3 0
0 7019 4 0
0 7019 5 0
0 7019 6 0
0 7019 7 0
0 7019 8 0
0 1187 9 0
0 1187 10 0
0 1187 11 0
0 1187 12 0
0 1187 13 0
0 1187 14 0
0 30170 15 0
0 30170 0 0
0 30170 1 0
0 30170 2 0
0 30170 3 0
0 30170 4 0
0 37552 5 0
0 37552 6 0
0 37552 7 0
0 37552 8 0
0 37552 9 0
0 37552 10 0
0 27902 11 0
0 27902 12 0
0 27902 13 0
0 27902 14 0
0 27902 15 0
0 27902 0 0
0 2228 1 0
0 2228 2 0
0 2228 3 0
0 2228 4 0
0 2228 5 0
0 2228 6 0
0 40456 7 0
0 40456 8 0
0 40456 9 0
0 40456 10 0
0 40456 11 0
0 40456 12 0
0 14555 13 0
0 14555 14 0
0 14555 15 0
0 14555 0 0
0 14555 1 0
0 14555 2 0
0 29219 3 0
0 29219 4 0
0 29219 5 0
0 29219 6 0
0 29219 7 0
0 29219 8 0
0 55780 9 0
0 55780 10 0
0 55780 11 0
0 55780 12 0
0 55780 13 0
0 55780 14 0
0 32165 15 0
0 32165 0 0
0 32165 1 0
0 32165 2 0
0 32165 3 0
0 32165 4 0
0 39793 5 0
0 39793 6 0
0 39793 7 0
0 39793 8 0
0 39793 9 0
0 39793 10 0
0 48156 11 0
0 48156 12 0
0 48156 13 0
0 48156 14 0
0 48156 15 0
0 48156 0 0
0 64994 1 0
0 64994 2 0
0 64994 3 0
0 64994 4 0
0 64994 5 0
0 64994 6 0
0 51735 7 0
0 51735 8 0
0 51735 9 0
0 51735 10 0
0 51735 11 0
0 51735 12 0
0 47105 13 0
0 47105 14 0
0 47105 15 0
0 47105 0 0
0 47105 1 0
0 47105 2 0
0 1602 3 0
0 1602 4 0
0 1602 5 0
0 1602 6 0
0 1602 7 0
0 1602 8 0
0 3666 9 0
0 3666 10 0
0 3666 11 0
0 3666 12 0
0 3666 13 0
0 3666 14 0
0 9309 15 0
0 9309 0 0
0 9309 1 0
0 9309 2 0
0 9309 3 0
0 9309 4 0
0 35187 5 0
0 35187 6 0
0 35187 7 0
0 35187 8 0
0 35187 9 0
0 35187 10 0
0 37053 11 0
0 37053 12 0
0 37053 13 0
0 37053 14 0
0 37053 15 0
0 37053 0 0
0 56942 1 0
0 56942 2 0
0 56942 3 0
0 56942 4 0
0 56942 5 0
0 56942 6 0
0 21090 7 0
0 21090 8 0
0 21090 9 0
0 21090 10 0
0 21090 11 0
0 21090 12 0
0 58374 13 0
0 58374 14 0
0 58374 15 0
0 58374 0 0
0 58374 1 0
0 58374 2 0
0 53748 3 0
0 53748 4 0
0 53748 5 0
0 53748 6 0
0 53748 7 0
0 53748 8 0
0 52312 9 0
0 52312 10 0
0 52312 11 0
0 52312 12 0
0 52312 13 0
0 52312 14 0
0 39396 15 0
0 39396 0 0
0 39396 1 0
0 39396 2 0
0 39396 3 0
0 39396 4 0
0 34625 5 0
0 34625 6 0
0 34625 7 0
0 34625 8 0
0 34625 9 0
0 34625 10 0
0 2900 11 0
0 2900 12 0
0 2900 13 0
0 2900 14 0
0 2900 15 0
0 2900 0 0
0 34563 1 0
0 34563 2 0
0 34563 3 0
0 34563 4 0
0 34563 5 0
0 34563 6 0
0 48058 7 0
0 48058 8 0
0 48058 9 0
0 48058 10 0
0 48058 11 0
0 48058 12 0
0 23687 13 0
0 23687 14 0
0 23687 15 0
0 23687 0 0
0 23687 1 0
0 23687 2 0
0 43321 3 0
0 43321 4 0
0 43321 5 0
0 43321 6 0
0 43321 7 0
0 43321 8 0
0 43895 9 0
0 43895 10 0
0 43895 11 0
0 43895 12 0
0 43895 13 0
0 43895 14 0
0 60499 15 0
0 60499 0 0
0 60499 1 0
0 60499 2 0
0 60499 3 0
0 60499 4 0
0 46586 5 0
0 46586 6 0
0 46586 7 0
0 46586 8 0
0 46586 9 0
0 46586 10 0
0 58517 11 0
0 58517 12 0
0 58517 13 0
0 58517 14 0
0 58517 15 0
0 58517 0 0
0 56795 1 0
0 56795 2 0
0 56795 3 0
0 56795 4 0
0 56795 5 0
0 56795 6 0
0 23864 7 0
0 23864 8 0
0 23864 9 0
0 23864 10 0
0 23864 11 0
0 23864 12 0
0 64125 13 0
0 64125 14 0
0 64125 15 0
0 64125 0 0
0 64125 1 0
0 64125 2 0
0 45553 3 0
0 45553 4 0
0 45553 5 0
0 45553 6 0
0 45553 7 0
0 45553 8 0
0 38714 9 0
0 38714 10 0
0 38714 11 0
0 38714 12 0
0 38714 13 0
0 38714 14 0
0 24378 15 0
0 24378 0 0
0 24378 1 0
0 24378 2 0
0 24378 3 0
0 24378 4 0
0 24971 5 0
0 24971 6 0
0 24971 7 0
0 24971 8 0
0 24971 9 0
0 24971 10 0
0 63306 11 0
0 63306 12 0
0 63306 13 0
0 63306 14 0
0 63306 15 0
0 63306 0 0
0 22702 1 0
0 22702 2 0
0 22702 3 0
0 22702 4 0
0 22702 5 0
0 22702 6 0
0 54819 7 0
0 54819 8 0
0 54819 9 0
0 54819 10 0
0 54819 11 0
0 54819 12 0
0 2226 13 0
0 2226 14 0
0 2226 15 0
0 2226 0 0
0 2226 1 0
0 2226 2 0
0 709 3 0
0 709 4 0
0 709 5 0
0 709 6 0
0 709 7 0
0 709 8 0
0 61972 9 0
0 61972 10 0
0 61972 11 0
0 61972 12 0
0 61972 13 0
0 61972 14 0
0 20796 15 0
0 20796 0 0
0 20796 1 0
0 20796 2 0
0 20796 3 0
0 20796 4 0
0 31941 5 0
0 31941 6 0
0 31941 7 0
0 31941 8 0
0 31941 9 0
0 31941 10 0
0 31295 11 0
0 31295 12 0
0 31295 13 0
0 31295 14 0
0 31295 15 0
0 31295 0 0
0 58964 1 0
0 58964 2 0
0 58964 3 0
0 58964 4 0
0 58964 5 0
0 58964 6 0
0 61861 7 0
0 61861 8 0
0 61861 9 0
0 61861 10 0
0 61861 11 0
0 61861 12 0
0 52034 13 0
0 52034 14 0
0 52034 15 0
0 52034 0 0
0 52034 1 0
0 52034 2 0
0 17323 3 0
0 17323 4 0
0 17323 5 0
0 17323 6 0
0 17323 7 0
0 17323 8 0
0 53296 9 0
0 53296 10 0
0 53296 11 0
0 53296 12 0
0 53296 13 0
0 53296 14 0
0 8537 15 0
0 8537 0 0
0 8537 1 0
0 8537 2 0
0 8537 3 0
0 8537 4 0
0 2484 5 0
0 2484 6 0
0 2484 7 0
0 2484 8 0
0 2484 9 0
0 2484 10 0
0 47247 11 0
0 47247 12 0
0 47247 13 0
0 47247 14 0
0 47247 15 0
0 47247 0 0
0 33325 1 0
0 33325 2 0
0 33325 3 0
0 33325 4 0
0 33325 5 0
0 33325 6 0
0 43295 7 0
0 43295 8 0
0 43295 9 0
0 43295 10 0
0 43295 11 0
0 43295 12 0
0 21127 13 0
0 21127 14 0
0 21127 15 0
0 21127 0 0
0 21127 1 0
0 21127 2 0
0 55622 3 0
0 55622 4 0
0 55622 5 0
0 55622 6 0
0 55622 7 0
0 55622 8 0
0 43040 9 0
0 43040 10 0
0 43040 11 0
0 43040 12 0
0 43040 13 0
0 43040 14 0
0 32599 15 0
0 32599 0 0
0 32599 1 0
0 32599 2 0
0 32599 3 0
0 32599 4 0
0 11195 5 0
0 11195 6 0
0 11195 7 0
0 11195 8 0
0 11195 9 0
0 11195 10 0
0 57703 11 0
0 57703 12 0
0 57703 13 0
0 57703 14 0
0 57703 15 0
0 57703 0 0
0 3967 1 0
0 3967 2 0
0 3967 3 0
0 3967 4 0
0 3967 5 0
0 3967 6 0
0 12750 7 0
0 12750 8 0
0 12750 9 0
0 12750 10 0
0 12750 11 0
0 12750 12 0
0 48337 13 0
0 48337 14 0
0 48337 15 0
0 48337 0 0
0 48337 1 0
0 48337 2 0
0 5652 3 0
0 5652 4 0
0 5652 5 0
0 5652 6 0
0 5652 7 0
0 5652 8 0
0 41589 9 0
0 41589 10 0
0 41589 11 0
0 41589 12 0
0 41589 13 0
0 41589 14 0
0 52952 15 0
0 52952 0 0
0 52952 1 0
0 52952 2 0
0 52952 3 0
0 52952 4 0
0 13747 5 0
0 13747 6 0
0 13747 7 0
0 13747 8 0
0 13747 9 0
0 13747 10 0
0 22009 11 0
0 22009 12 0
0 22009 13 0
0 22009 14 0
0 22009 15 0
0 22009 0 0
0 11920 1 0
0 11920 2 0
0 11920 3 0
0 11920 4 0
0 11920 5 0
0 11920 6 0
0 54929 7 0
0 54929 8 0
0 54929 9 0
0 54929 10 0
0 54929 11 0
0 54929 12 0
0 55971 13 0
0 55971 14 0
0 55971 15 0
0 55971 0 0
0 55971 1 0
0 55971 2 0
0 14584 3 0
0 14584 4 0
0 14584 5 0
0 14584 6 0
0 14584 7 0
0 14584 8 0
0 55807 9 0
0 55807 10 0
0 55807 11 0
0 55807 12 0
0 55807 13 0
0 55807 14 0
0 49826 15 0
0 49826 0 0
0 49826 1 0
0 49826 2 0
0 49826 3 0
0 49826 4 0
0 24236 5 0
0 24236 6 0
0 24236 7 0
0 24236 8 0
0 24236 9 0
0 24236 10 0
0 51927 11 0
0 51927 12 0
0 51927 13 0
0 51927 14 0
0 51927 15 0
0 51927 0 0
0 10030 1 0
0 10030 2 0
0 10030 3 0
0 10030 4 0
0 10030 5 0
0 10030 6 0
0 55566 7 0
0 55566 8 0
0 55566 9 0
0 55566 10 0
0 55566 11 0
0 55566 12 0
0 42589 13 0
0 42589 14 0
0 42589 15 0
0 42589 0 0
0 42589 1 0
0 42589 2 0
0 54982 3 0
0 54982 4 0
0 54982 5 0
0 54982 6 0
0 54982 7 0
0 54982 8 0
0 19232 9 0
0 19232 10 0
0 19232 11 0
0 19232 12 0
0 19232 13 0
0 19232 14 0
0 41526 15 0
0 41526 0 0
0 41526 1 0
0 41526 2 0
0 41526 3 0
0 41526 4 0
0 29694 5 0
0 29694 6 0
0 29694 7 0
0 29694 8 0
0 29694 9 0
0 29694 10 0
0 50249 11 0
0 50249 12 0
0 50249 13 0
0 50249 14 0
0 50249 15 0
0 50249 0 0
0 52783 1 0
0 52783 2 0
0 52783 3 0
0 52783 4 0
0 52783 5 0
0 52783 6 0
0 26309 7 0
0 26309 8 0
0 26309 9 0
0 26309 10 0
0 26309 11 0
0 26309 12 0
0 12293 13 0
0 12293 14 0
0 12293 15 0
0 12293 0 0
0 12293 1 0
0 12293 2 0
0 24647 3 0
0 24647 4 0
0 24647 5 0
0 24647 6 0
0 24647 7 0
0 24647 8 0
0 41665 9 0
0 41665 10 0
0 41665 11 0
0 41665 12 0
0 41665 13 0
0 41665 14 0
0 445 15 0
0 445 0 0
0 445 1 0
0 445 2 0
0 445 3 0
0 445 4 0
0 64246 5 0
0 64246 6 0
0 64246 7 0
0 64246 8 0
0 64246 9 0
0 64246 10 0
0 49453 11 0
0 49453 12 0
0 49453 13 0
0 49453 14 0
0 49453 15 0
0 49453 0 0
0 54924 1 0
0 54924 2 0
0 54924 3 0
0 54924 4 0
0 54924 5 0
0 54924 6 0
0 51311 7 0
0 51311 8 0
0 51311 9 0
0 51311 10 0
0 51311 11 0
0 51311 12 0
0 63901 13 0
0 63901 14 0
0 63901 15 0
0 63901 0 0
0 63901 1 0
0 63901 2 0
0 56969 3 0
0 56969 4 0
0 56969 5 0
0 56969 6 0
0 56969 7 0
0 56969 8 0
0 16712 9 0
0 16712 10 0
0 16712 11 0
0 16712 12 0
0 16712 13 0
0 16712 14 0
0 59156 15 0
0 59156 0 0
0 59156 1 0
0 59156 2 0
0 59156 3 0
0 59156 4 0
0 42723 5 0
0 42723 6 0
0 42723 7 0
0 42723 8 0
0 42723 9 0
0 42723 10 0
0 34821 11 0
0 34821 12 0
0 34821 13 0
0 34821 14 0
0 34821 15 0
0 34821 0 0
0 21484 1 0
0 21484 2 0
0 21484 3 0
0 21484 4 0
0 21484 5 0
0 21484 6 0
0 30324 7 0
0 30324 8 0
0 30324 9 0
0 30324 10 0
0 30324 11 0
0 30324 12 0
0 23125 13 0
0 23125 14 0
0 23125 15 0
0 23125 0 0
0 23125 1 0
0 23125 2 0
0 9817 3 0
0 9817 4 0
0 9817 5 0
0 9817 6 0
0 9817 7 0
0 9817 8 0
0 50174 9 0
0 50174 10 0
0 50174 11 0
0 50174 12 0
0 50174 13 0
0 50174 14 0
0 23726 15 0
0 23726 0 0
0 23726 1 0
0 23726 2 0
0 23726 3 0
0 23726 4 0
0 62003 5 0
0 62003 6 0
0 62003 7 0
0 62003 8 0
0 62003 9 0
0 62003 10 0
0 22783 11 0
0 22783 12 0
0 22783 13 0
0 22783 14 0
0 22783 15 0
0 22783 0 0
0 26809 1 0
0 26809 2 0
0 26809 3 0
0 26809 4 0
0 26809 5 0
0 26809 6 0
0 40097 7 0
0 40097 8 0
0 40097 9 0
0 40097 10 0
0 40097 11 0
0 40097 12 0
0 50956 13 0
0 50956 14 0
0 50956 15 0
0 50956 0 0
0 50956 1 0
0 50956 2 0
0 20134 3 0
0 20134 4 0
0 20134 5 0
0 20134 6 0
0 20134 7 0
0 20134 8 0
0 21494 9 0
0 21494 10 0
0 21494 11 0
0 21494 12 0
0 21494 13 0
0 21494 14 0
0 6368 15 0
0 6368 0 0
0 6368 1 0
0 6368 2 0
0 6368 3 0
0 6368 4 0
0 21368 5 0
0 21368 6 0
0 21368 7 0
0 21368 8 0
0 21368 9 0
0 21368 10 0
0 26510 11 0
0 26510 12 0
0 26510 13 0
0 26510 14 0
0 26510 15 0
0 26510 0 0
0 14648 1 0
0 14648 2 0
0 14648 3 0
0 14648 4 0
0 14648 5 0
0 14648 6 0
0 9210 7 0
0 9210 8 0
0 9210 9 0
0 9210 10 0
0 9210 11 0
0 9210 12 0
0 38618 13 0
0 38618 14 0
0 38618 15 0
0 38618 0 0
0 38618 1 0
0 38618 2 0
0 45308 3 0
0 45308 4 0
0 45308 5 0
0 45308 6 0
0 45308 7 0
0 45308 8 0
0 61305 9 0
0 61305 10 0
0 61305 11 0
0 61305 12 0
0 61305 13 0
0 61305 14 0
0 22688 15 0
0 22688 0 0
0 22688 1 0
0 22688 2 0
0 22688 3 0
0 22688 4 0
0 10591 5 0
0 10591 6 0
0 10591 7 0
0 10591 8 0
0 10591 9 0
0 10591 10 0
0 57701 11 0
0 57701 12 0
0 57701 13 0
0 57701 14 0
0 57701 15 0
0 57701 0 0
0 26856 1 0
0 26856 2 0
0 26856 3 0
0 26856 4 0
0 26856 5 0
0 26856 6 0
0 55304 7 0
0 55304 8 0
0 55304 9 0
0 55304 10 0
0 55304 11 0
0 55304 12 0
0 52857 13 0
0 52857 14 0
0 52857 15 0
0 52857 0 0
0 52857 1 0
0 52857 2 0
0 49212 3 0
0 49212 4 0
0 49212 5 0
0 49212 6 0
0 49212 7 0
0 49212 8 0
0 16664 9 0
0 16664 10 0
0 16664 11 0
0 16664 12 0
0 16664 13 0
0 16664 14 0
0 49728 15 0
0 49728 0 0
0 49728 1 0
0 49728 2 0
0 49728 3 0
0 49728 4 0
0 13728 5 0
0 13728 6 0
0 13728 7 0
0 13728 8 0
0 13728 9 0
0 13728 10 0
0 24376 11 0
0 24376 12 0
0 24376 13 0
0 24376 14 0
0 24376 15 0
0 24376 0 0
0 29809 1 0
0 29809 2 0
0 29809 3 0
0 29809 4 0
0 29809 5 0
0 29809 6 0
0 64027 7 0
0 64027 8 0
0 64027 9 0
0 64027 10 0
0 64027 11 0
0 64027 12 0
0 57270 13 0
0 57270 14 0
0 57270 15 0
0 57270 0 0
0 57270 1 0
0 57270 2 0
0 51028 3 0
0 51028 4 0
0 51028 5 0
0 51028 6 0
0 51028 7 0
0 51028 8 0
0 3886 9 0
0 3886 10 0
0 3886 11 0
0 3886 12 0
0 3886 13 0
0 3886 14 0
0 32812 15 0
0 32812 0 0
0 32812 1 0
0 32812 2 0
0 32812 3 0
0 32812 4 0
0 20548 5 0
0 20548 6 0
0 20548 7 0
0 20548 8 0
0 20548 9 0
0 20548 10 0
0 53630 11 0
0 53630 12 0
0 53630 13 0
0 53630 14 0
0 53630 15 0
0 53630 0 0
0 63047 1 0
0 63047 2 0
0 63047 3 0
0 63047 4 0
0 63047 5 0
0 63047 6 0
0 23173 7 0
0 23173 8 0
0 23173 9 0
0 23173 10 0
0 23173 11 0
0 23173 12 0
0 15055 13 0
0 15055 14 0
0 15055 15 0
0 15055 0 0
0 15055 1 0
0 15055 2 0
0 33269 3 0
0 33269 4 0
0 33269 5 0
0 33269 6 0
0 33269 7 0
0 33269 8 0
0 57369 9 0
0 57369 10 0
0 57369 11 0
0 57369 12 0
0 57369 13 0
0 57369 14 0
0 55609 15 0
0 55609 0 0
0 55609 1 0
0 55609 2 0
0 55609 3 0
0 55609 4 0
0 39683 5 0
0 39683 6 0
0 39683 7 0
0 39683 8 0
0 39683 9 0
0 39683 10 0
0 18188 11 0
0 18188 12 0
0 18188 13 0
0 18188 14 0
0 18188 15 0
0 18188 0 0
0 38596 1 0
0 38596 2 0
0 38596 3 0
0 38596 4 0
0 38596 5 0
0 38596 6 0
0 52706 7 0
0 52706 8 0
0 52706 9 0
0 52706 10 0
0 52706 11 0
0 52706 12 0
0 50569 13 0
0 50569 14 0
0 50569 15 0
0 50569 0 0
0 50569 1 0
0 50569 2 0
0 4048 3 0
0 4048 4 0
0 4048 5 0
0 4048 6 0
0 4048 7 0
0 4048 8 0
0 37125 9 0
0 37125 10 0
0 37125 11 0
0 37125 12 0
0 37125 13 0
0 37125 14 0
0 4632 15 0
0 4632 0 0
0 4632 1 0
0 4632 2 0
0 4632 3 0
0 4632 4 0
0 33052 5 0
0 33052 6 0
0 33052 7 0
0 33052 8 0
0 33052 9 0
0 33052 10 0
0 30492 11 0
0 30492 12 0
0 30492 13 0
0 30492 14 0
0 30492 15 0
0 30492 0 0
0 7819 1 0
0 7819 2 0
0 7819 3 0
0 7819 4 0
0 7819 5 0
0 7819 6 0
0 61284 7 0
0 61284 8 0
0 61284 9 0
0 61284 10 0
0 61284 11 0
0 61284 12 0
0 11833 13 0
0 11833 14 0
0 11833 15 0
0 11833 0 0
0 11833 1 0
0 11833 2 0
0 47839 3 0
0 47839 4 0
0 47839 5 0
0 47839 6 0
0 47839 7 0
0 47839 8 0
0 5725 9 0
0 5725 10 0
0 5725 11 0
0 5725 12 0
0 5725 13 0
0 5725 14 0
0 20755 15 0
0 20755 0 0
0 20755 1 0
0 20755 2 0
0 20755 3 0
0 20755 4 0
0 28830 5 0
0 28830 6 0
0 28830 7 0
0 28830 8 0
0 28830 9 0
0 28830 10 0
0 30932 11 0
0 30932 12 0
0 30932 13 0
0 30932 14 0
0 30932 15 0
0 30932 0 0
0 56371 1 0
0 56371 2 0
0 56371 3 0
0 56371 4 0
0 56371 5 0
0 56371 6 0
0 41978 7 0
0 41978 8 0
0 41978 9 0
0 41978 10 0
0 41978 11 0
0 41978 12 0
0 34025 13 0
0 34025 14 0
0 34025 15 0
0 34025 0 0
0 34025 1 0
0 34025 2 0
0 4772 3 0
0 4772 4 0
0 4772 5 0
0 4772 6 0
0 4772 7 0
0 4772 8 0
0 31834 9 0
0 31834 10 0
0 31834 11 0
0 31834 12 0
0 31834 13 0
0 31834 14 0
0 40537 15 0
0 40537 0 0
0 40537 1 0
0 40537 2 0
0 40537 3 0
0 40537 4 0
0 8589 5 0
0 8589 6 0
0 8589 7 0
0 8589 8 0
0 8589 9 0
0 8589 10 0
0 32110 11 0
0 32110 12 0
0 32110 13 0
0 32110 14 0
0 32110 15 0
0 32110 0 0
0 41800 1 0
0 41800 2 0
0 41800 3 0
0 41800 4 0
0 41800 5 0
0 41800 6 0
0 24436 7 0
0 24436 8 0
0 24436 9 0
0 24436 10 0
0 24436 11 0
0 24436 12 0
0 52803 13 0
0 52803 14 0
0 52803 15 0
0 52803 0 0
0 52803 1 0
0 52803 2 0
0 41294 3 0
0 41294 4 0
0 41294 5 0
0 41294 6 0
0 41294 7 0
0 41294 8 0
0 9578 9 0
0 9578 10 0
0 9578 11 0
0 9578 12 0
0 9578 13 0
0 9578 14 0
0 33930 15 0
0 33930 0 0
0 33930 1 0
0 33930 2 0
0 33930 3 0
0 33930 4 0
0 39339 5 0
0 39339 6 0
0 39339 7 0
0 39339 8 0
0 39339 9 0
0 39339 10 0
0 42099 11 0
0 42099 12 0
0 42099 13 0
0 42099 14 0
0 42099 15 0
0 42099 0 0
0 11751 1 0
0 11751 2 0
0 11751 3 0
0 11751 4 0
0 11751 5 0
0 11751 6 0
0 42618 7 0
0 42618 8 0
0 42618 9 0
0 42618 10 0
0 42618 11 0
0 42618 12 0
0 3962 13 0
0 3962 14 0
0 3962 15 0
0 3962 0 0
0 3962 1 0
0 3962 2 0
0 38326 3 0
0 38326 4 0
0 38326 5 0
0 38326 6 0
0 38326 7 0
0 38326 8 0
0 61271 9 0
0 61271 10 0
0 61271 11 0
0 61271 12 0
0 61271 13 0
0 61271 14 0
0 61385 15 0
0 61385 0 0
0 61385 1 0
0 61385 2 0
0 61385 3 0
0 61385 4 0
0 12722 5 0
0 12722 6 0
0 12722 7 0
0 12722 8 0
0 12722 9 0
0 12722 10 0
0 58993 11 0
0 58993 12 0
0 58993 13 0
0 58993 14 0
0 58993 15 0
0 58993 0 0
0 62200 1 0
0 62200 2 0
0 62200 3 0
0 62200 4 0
0 62200 5 0
0 62200 6 0
0 6391 7 0
0 6391 8 0
0 6391 9 0
0 6391 10 0
0 6391 11 0
0 6391 12 0
0 2189 13 0
0 2189 14 0
0 2189 15 0
0 2189 0 0
0 2189 1 0
0 2189 2 0
0 18232 3 0
0 18232 4 0
0 18232 5 0
0 18232 6 0
0 18232 7 0
0 18232 8 0
0 53823 9 0
0 53823 10 0
0 53823 11 0
0 53823 12 0
0 53823 13 0
0 53823 14 0
0 23164 15 0
0 23164 0 0
0 23164 1 0
0 23164 2 0
0 23164 3 0
0 23164 4 0
0 14835 5 0
0 14835 6 0
0 14835 7 0
0 14835 8 0
0 14835 9 0
0 14835 10 0
0 395 11 0
0 395 12 0
0 395 13 0
0 395 14 0
0 395 15 0
0 395 0 0
0 31347 1 0
0 31347 2 0
0 31347 3 0
0 31347 4 0
0 31347 5 0
0 31347 6 0
0 51875 7 0
0 51875 8 0
0 51875 9 0
0 51875 10 0
0 51875 11 0
0 51875 12 0
0 54060 13 0
0 54060 14 0
0 54060 15 0
0 54060 0 0
0 54060 1 0
0 54060 2 0
0 956 3 0
0 956 4 0
0 956 5 0
0 956 6 0
0 956 7 0
0 956 8 0
0 45370 9 0
0 45370 10 0
0 45370 11 0
0 45370 12 0
0 45370 13 0
0 45370 14 0
0 49886 15 0
0 49886 0 0
0 49886 1 0
0 49886 2 0
0 49886 3 0
0 49886 4 0
0 18456 5 0
0 18456 6 0
0 18456 7 0
0 18456 8 0
0 18456 9 0
0 18456 10 0
0 62514 11 0
0 62514 12 0
0 62514 13 0
0 62514 14 0
0 62514 15 0
0 62514 0 0
0 7941 1 0
0 7941 2 0
0 7941 3 0
0 7941 4 0
0 7941 5 0
0 7941 6 0
0 28131 7 0
0 28131 8 0
0 28131 9 0
0 28131 10 0
0 28131 11 0
0 28131 12 0
0 49777 13 0
0 49777 14 0
0 49777 15 0
0 49777 0 0
0 49777 1 0
0 49777 2 0
0 35991 3 0
0 35991 4 0
0 35991 5 0
0 35991 6 0
0 35991 7 0
0 35991 8 0
0 23777 9 0
0 23777 10 0
0 23777 11 0
0 23777 12 0
0 23777 13 0
0 23777 14 0
0 55816 15 0
0 55816 0 0
0 55816 1 0
0 55816 2 0
0 55816 3 0
0 55816 4 0
0 62900 5 0
0 62900 6 0
0 62900 7 0
0 62900 8 0
0 62900 9 0
0 62900 10 0
0 4159 11 0
0 4159 12 0
0 4159 13 0
0 4159 14 0
0 4159 15 0
0 4159 0 0
0 60690 1 0
0 60690 2 0
0 60690 3 0
0 60690 4 0
0 60690 5 0
0 60690 6 0
0 64689 7 0
0 64689 8 0
0 64689 9 0
0 64689 10 0
0 64689 11 0
0 64689 12 0
0 11920 13 0
0 11920 14 0
0 11920 15 0
