0 0 0 0
0 0 1 0
0 0 2 0
0 0 3 0
0 0 4 0
0 35488 5 0
0 35488 6 0
0 35488 7 0
0 35488 8 0
0 35488 9 0
0 35488 10 0
0 45284 11 0
0 45284 12 0
0 45284 13 0
0 45284 14 0
0 45284 15 0
0 45284 0 0
0 24694 1 0
0 24694 2 0
0 24694 3 0
0 24694 4 0
0 24694 5 0
0 24694 6 0
0 42722 7 0
0 42722 8 0
0 42722 9 0
0 42722 10 0
0 42722 11 0
0 42722 12 0
0 19537 13 0
0 19537 14 0
0 19537 15 0
0 19537 0 0
0 19537 1 0
0 19537 2 0
0 8236 3 0
0 8236 4 0
0 8236 5 0
0 8236 6 0
0 8236 7 0
0 8236 8 0
0 50388 9 0
0 50388 10 0
0 50388 11 0
0 50388 12 0
0 50388 13 0
0 50388 14 0
0 25380 15 0
0 25380 0 0
0 25380 1 0
0 25380 2 0
0 25380 3 0
0 25380 4 0
0 26941 5 0
0 26941 6 0
0 26941 7 0
0 26941 8 0
0 26941 9 0
0 26941 10 0
0 27341 11 0
0 27341 12 0
0 27341 13 0
0 27341 14 0
0 27341 15 0
0 27341 0 0
0 49971 1 0
0 49971 2 0
0 49971 3 0
0 49971 4 0
0 49971 5 0
0 49971 6 0
0 21395 7 0
0 21395 8 0
0 21395 9 0
0 21395 10 0
0 21395 11 0
0 21395 12 0
0 63716 13 0
0 63716 14 0
0 63716 15 0
0 63716 0 0
0 63716 1 0
0 63716 2 0
0 39508 3 0
0 39508 4 0
0 39508 5 0
0 39508 6 0
0 39508 7 0
0 39508 8 0
0 10426 9 0
0 10426 10 0
0 10426 11 0
0 10426 12 0
0 10426 13 0
0 10426 14 0
0 12514 15 0
0 12514 0 0
0 12514 1 0
0 12514 2 0
0 12514 3 0
0 12514 4 0
0 40334 5 0
0 40334 6 0
0 40334 7 0
0 40334 8 0
0 40334 9 0
0 40334 10 0
0 28631 11 0
0 28631 12 0
0 28631 13 0
0 28631 14 0
0 28631 15 0
0 28631 0 0
0 3805 1 0
0 3805 2 0
0 3805 3 0
0 3805 4 0
0 3805 5 0
0 3805 6 0
0 7147 7 0
0 7147 8 0
0 7147 9 0
0 7147 10 0
0 7147 11 0
0 7147 12 0
0 45777 13 0
0 45777 14 0
0 45777 15 0
0 45777 0 0
0 45777 1 0
0 45777 2 0
0 11432 3 0
0 11432 4 0
0 11432 5 0
0 11432 6 0
0 11432 7 0
0 11432 8 0
0 59004 9 0
0 59004 10 0
0 59004 11 0
0 59004 12 0
0 59004 13 0
0 59004 14 0
0 38042 15 0
0 38042 0 0
0 38042 1 0
0 38042 2 0
0 38042 3 0
0 38042 4 0
0 40868 5 0
0 40868 6 0
0 40868 7 0
0 40868 8 0
0 40868 9 0
0 40868 10 0
0 64536 11 0
0 64536 12 0
0 64536 13 0
0 64536 14 0
0 64536 15 0
0 64536 0 0
0 49380 1 0
0 49380 2 0
0 49380 3 0
0 49380 4 0
0 49380 5 0
0 49380 6 0
0 36096 7 0
0 36096 8 0
0 36096 9 0
0 36096 10 0
0 36096 11 0
0 36096 12 0
0 29166 13 0
0 29166 14 0
0 29166 15 0
0 29166 0 0
0 29166 1 0
0 29166 2 0
0 48710 3 0
0 48710 4 0
0 48710 5 0
0 48710 6 0
0 48710 7 0
0 48710 8 0
0 14312 9 0
0 14312 10 0
0 14312 11 0
0 14312 12 0
0 14312 13 0
0 14312 14 0
0 42531 15 0
0 42531 0 0
0 42531 1 0
0 42531 2 0
0 42531 3 0
0 42531 4 0
0 51476 5 0
0 51476 6 0
0 51476 7 0
0 51476 8 0
0 51476 9 0
0 51476 10 0
0 48386 11 0
0 48386 12 0
0 48386 13 0
0 48386 14 0
0 48386 15 0
0 48386 0 0
0 15501 1 0
0 15501 2 0
0 15501 3 0
0 15501 4 0
0 15501 5 0
0 15501 6 0
0 19085 7 0
0 19085 8 0
0 19085 9 0
0 19085 10 0
0 19085 11 0
0 19085 12 0
0 62270 13 0
0 62270 14 0
0 62270 15 0
0 62270 0 0
0 62270 1 0
0 62270 2 0
0 50417 3 0
0 50417 4 0
0 50417 5 0
0 50417 6 0
0 50417 7 0
0 50417 8 0
0 45931 9 0
0 45931 10 0
0 45931 11 0
0 45931 12 0
0 45931 13 0
0 45931 14 0
0 34956 15 0
0 34956 0 0
0 34956 1 0
0 34956 2 0
0 34956 3 0
0 34956 4 0
0 19578 5 0
0 19578 6 0
0 19578 7 0
0 19578 8 0
0 19578 9 0
0 19578 10 0
0 17917 11 0
0 17917 12 0
0 17917 13 0
0 17917 14 0
0 17917 15 0
0 17917 0 0
0 9974 1 0
0 9974 2 0
0 9974 3 0
0 9974 4 0
0 9974 5 0
0 9974 6 0
0 20103 7 0
0 20103 8 0
0 20103 9 0
0 20103 10 0
0 20103 11 0
0 20103 12 0
0 12252 13 0
0 12252 14 0
0 12252 15 0
0 12252 0 0
0 12252 1 0
0 12252 2 0
0 33747 3 0
0 33747 4 0
0 33747 5 0
0 33747 6 0
0 33747 7 0
0 33747 8 0
0 5862 9 0
0 5862 10 0
0 5862 11 0
0 5862 12 0
0 5862 13 0
0 5862 14 0
0 28802 15 0
0 28802 0 0
0 28802 1 0
0 28802 2 0
0 28802 3 0
0 28802 4 0
0 46652 5 0
0 46652 6 0
0 46652 7 0
0 46652 8 0
0 46652 9 0
0 46652 10 0
0 51071 11 0
0 51071 12 0
0 51071 13 0
0 51071 14 0
0 51071 15 0
0 51071 0 0
0 45683 1 0
0 45683 2 0
0 45683 3 0
0 45683 4 0
0 45683 5 0
0 45683 6 0
0 13844 7 0
0 13844 8 0
0 13844 9 0
0 13844 10 0
0 13844 11 0
0 13844 12 0
0 61606 13 0
0 61606 14 0
0 61606 15 0
0 61606 0 0
0 61606 1 0
0 61606 2 0
0 3276 3 0
0 3276 4 0
0 3276 5 0
0 3276 6 0
0 3276 7 0
0 3276 8 0
0 26553 9 0
0 26553 10 0
0 26553 11 0
0 26553 12 0
0 26553 13 0
0 26553 14 0
0 53828 15 0
0 53828 0 0
0 53828 1 0
0 53828 2 0
0 53828 3 0
0 53828 4 0
0 2710 5 0
0 2710 6 0
0 2710 7 0
0 2710 8 0
0 2710 9 0
0 2710 10 0
0 54027 11 0
0 54027 12 0
0 54027 13 0
0 54027 14 0
0 54027 15 0
0 54027 0 0
0 55734 1 0
0 55734 2 0
0 55734 3 0
0 55734 4 0
0 55734 5 0
0 55734 6 0
0 31991 7 0
0 31991 8 0
0 31991 9 0
0 31991 10 0
0 31991 11 0
0 31991 12 0
0 13807 13 0
0 13807 14 0
0 13807 15 0
0 13807 0 0
0 13807 1 0
0 13807 2 0
0 10527 3 0
0 10527 4 0
0 10527 5 0
0 10527 6 0
0 10527 7 0
0 10527 8 0
0 44170 9 0
0 44170 10 0
0 44170 11 0
0 44170 12 0
0 44170 13 0
0 44170 14 0
0 54401 15 0
0 54401 0 0
0 54401 1 0
0 54401 2 0
0 54401 3 0
0 54401 4 0
0 40172 5 0
0 40172 6 0
0 40172 7 0
0 40172 8 0
0 40172 9 0
0 40172 10 0
0 28100 11 0
0 28100 12 0
0 28100 13 0
0 28100 14 0
0 28100 15 0
0 28100 0 0
0 64661 1 0
0 64661 2 0
0 64661 3 0
0 64661 4 0
0 64661 5 0
0 64661 6 0
0 60542 7 0
0 60542 8 0
0 60542 9 0
0 60542 10 0
0 60542 11 0
0 60542 12 0
0 22622 13 0
0 22622 14 0
0 22622 15 0
0 22622 0 0
0 22622 1 0
0 22622 2 0
0 37598 3 0
0 37598 4 0
0 37598 5 0
0 37598 6 0
0 37598 7 0
0 37598 8 0
0 61465 9 0
0 61465 10 0
0 61465 11 0
0 61465 12 0
0 61465 13 0
0 61465 14 0
0 47739 15 0
0 47739 0 0
0 47739 1 0
0 47739 2 0
0 47739 3 0
0 47739 4 0
0 12837 5 0
0 12837 6 0
0 12837 7 0
0 12837 8 0
0 12837 9 0
0 12837 10 0
0 243 11 0
0 243 12 0
0 243 13 0
0 243 14 0
0 243 15 0
0 243 0 0
0 44635 1 0
0 44635 2 0
0 44635 3 0
0 44635 4 0
0 44635 5 0
0 44635 6 0
0 45531 7 0
0 45531 8 0
0 45531 9 0
0 45531 10 0
0 45531 11 0
0 45531 12 0
0 60205 13 0
0 60205 14 0
0 60205 15 0
0 60205 0 0
0 60205 1 0
0 60205 2 0
0 19792 3 0
0 19792 4 0
0 19792 5 0
0 19792 6 0
0 19792 7 0
0 19792 8 0
0 35893 9 0
0 35893 10 0
0 35893 11 0
0 35893 12 0
0 35893 13 0
0 35893 14 0
0 6706 15 0
0 6706 0 0
0 6706 1 0
0 6706 2 0
0 6706 3 0
0 6706 4 0
0 8219 5 0
0 8219 6 0
0 8219 7 0
0 8219 8 0
0 8219 9 0
0 8219 10 0
0 59197 11 0
0 59197 12 0
0 59197 13 0
0 59197 14 0
0 59197 15 0
0 59197 0 0
0 23712 1 0
0 23712 2 0
0 23712 3 0
0 23712 4 0
0 23712 5 0
0 23712 6 0
0 64724 7 0
0 64724 8 0
0 64724 9 0
0 64724 10 0
0 64724 11 0
0 64724 12 0
0 39510 13 0
0 39510 14 0
0 39510 15 0
0 39510 0 0
0 39510 1 0
0 39510 2 0
0 19954 3 0
0 19954 4 0
0 19954 5 0
0 19954 6 0
0 19954 7 0
0 19954 8 0
0 20980 9 0
0 20980 10 0
0 20980 11 0
0 20980 12 0
0 20980 13 0
0 20980 14 0
0 9226 15 0
0 9226 0 0
0 9226 1 0
0 9226 2 0
0 9226 3 0
0 9226 4 0
0 31579 5 0
0 31579 6 0
0 31579 7 0
0 31579 8 0
0 31579 9 0
0 31579 10 0
0 21192 11 0
0 21192 12 0
0 21192 13 0
0 21192 14 0
0 21192 15 0
0 21192 0 0
0 60320 1 0
0 60320 2 0
0 60320 3 0
0 60320 4 0
0 60320 5 0
0 60320 6 0
0 4980 7 0
0 4980 8 0
0 4980 9 0
0 4980 10 0
0 4980 11 0
0 4980 12 0
0 15863 13 0
0 15863 14 0
0 15863 15 0
0 15863 0 0
0 15863 1 0
0 15863 2 0
0 46182 3 0
0 46182 4 0
0 46182 5 0
0 46182 6 0
0 46182 7 0
0 46182 8 0
0 44015 9 0
0 44015 10 0
0 44015 11 0
0 44015 12 0
0 44015 13 0
0 44015 14 0
0 56038 15 0
0 56038 0 0
0 56038 1 0
0 56038 2 0
0 56038 3 0
0 56038 4 0
0 45834 5 0
0 45834 6 0
0 45834 7 0
0 45834 8 0
0 45834 9 0
0 45834 10 0
0 29697 11 0
0 29697 12 0
0 29697 13 0
0 29697 14 0
0 29697 15 0
0 29697 0 0
0 14753 1 0
0 14753 2 0
0 14753 3 0
0 14753 4 0
0 14753 5 0
0 14753 6 0
0 53871 7 0
0 53871 8 0
0 53871 9 0
0 53871 10 0
0 53871 11 0
0 53871 12 0
0 63638 13 0
0 63638 14 0
0 63638 15 0
0 63638 0 0
0 63638 1 0
0 63638 2 0
0 11679 3 0
0 11679 4 0
0 11679 5 0
0 11679 6 0
0 11679 7 0
0 11679 8 0
0 61300 9 0
0 61300 10 0
0 61300 11 0
0 61300 12 0
0 61300 13 0
0 61300 14 0
0 39803 15 0
0 39803 0 0
0 39803 1 0
0 39803 2 0
0 39803 3 0
0 39803 4 0
0 3968 5 0
0 3968 6 0
0 3968 7 0
0 3968 8 0
0 3968 9 0
0 3968 10 0
0 44716 11 0
0 44716 12 0
0 44716 13 0
0 44716 14 0
0 44716 15 0
0 44716 0 0
0 62817 1 0
0 62817 2 0
0 62817 3 0
0 62817 4 0
0 62817 5 0
0 62817 6 0
0 15528 7 0
0 15528 8 0
0 15528 9 0
0 15528 10 0
0 15528 11 0
0 15528 12 0
0 39189 13 0
0 39189 14 0
0 39189 15 0
0 39189 0 0
0 39189 1 0
0 39189 2 0
0 13462 3 0
0 13462 4 0
0 13462 5 0
0 13462 6 0
0 13462 7 0
0 13462 8 0
0 48691 9 0
0 48691 10 0
0 48691 11 0
0 48691 12 0
0 48691 13 0
0 48691 14 0
0 5450 15 0
0 5450 0 0
0 5450 1 0
0 5450 2 0
0 5450 3 0
0 5450 4 0
0 23798 5 0
0 23798 6 0
0 23798 7 0
0 23798 8 0
0 23798 9 0
0 23798 10 0
0 40714 11 0
0 40714 12 0
0 40714 13 0
0 40714 14 0
0 40714 15 0
0 40714 0 0
0 23877 1 0
0 23877 2 0
0 23877 3 0
0 23877 4 0
0 23877 5 0
0 23877 6 0
0 44577 7 0
0 44577 8 0
0 44577 9 0
0 44577 10 0
0 44577 11 0
0 44577 12 0
0 62592 13 0
0 62592 14 0
0 62592 15 0
0 62592 0 0
0 62592 1 0
0 62592 2 0
0 29365 3 0
0 29365 4 0
0 29365 5 0
0 29365 6 0
0 29365 7 0
0 29365 8 0
0 49668 9 0
0 49668 10 0
0 49668 11 0
0 49668 12 0
0 49668 13 0
0 49668 14 0
0 44267 15 0
0 44267 0 0
0 44267 1 0
0 44267 2 0
0 44267 3 0
0 44267 4 0
0 1778 5 0
0 1778 6 0
0 1778 7 0
0 1778 8 0
0 1778 9 0
0 1778 10 0
0 48839 11 0
0 48839 12 0
0 48839 13 0
0 48839 14 0
0 48839 15 0
0 48839 0 0
0 44396 1 0
0 44396 2 0
0 44396 3 0
0 44396 4 0
0 44396 5 0
0 44396 6 0
0 58503 7 0
0 58503 8 0
0 58503 9 0
0 58503 10 0
0 58503 11 0
0 58503 12 0
0 26768 13 0
0 26768 14 0
0 26768 15 0
0 26768 0 0
0 26768 1 0
0 26768 2 0
0 59927 3 0
0 59927 4 0
0 59927 5 0
0 59927 6 0
0 59927 7 0
0 59927 8 0
0 54576 9 0
0 54576 10 0
0 54576 11 0
0 54576 12 0
0 54576 13 0
0 54576 14 0
0 41462 15 0
0 41462 0 0
0 41462 1 0
0 41462 2 0
0 41462 3 0
0 41462 4 0
0 56428 5 0
0 56428 6 0
0 56428 7 0
0 56428 8 0
0 56428 9 0
0 56428 10 0
0 56177 11 0
0 56177 12 0
0 56177 13 0
0 56177 14 0
0 56177 15 0
0 56177 0 0
0 62651 1 0
0 62651 2 0
0 62651 3 0
0 62651 4 0
0 62651 5 0
0 62651 6 0
0 24973 7 0
0 24973 8 0
0 24973 9 0
0 24973 10 0
0 24973 11 0
0 24973 12 0
0 20927 13 0
0 20927 14 0
0 20927 15 0
0 20927 0 0
0 20927 1 0
0 20927 2 0
0 62943 3 0
0 62943 4 0
0 62943 5 0
0 62943 6 0
0 62943 7 0
0 62943 8 0
0 6669 9 0
0 6669 10 0
0 6669 11 0
0 6669 12 0
0 6669 13 0
0 6669 14 0
0 25160 15 0
0 25160 0 0
0 25160 1 0
0 25160 2 0
0 25160 3 0
0 25160 4 0
0 5589 5 0
0 5589 6 0
0 5589 7 0
0 5589 8 0
0 5589 9 0
0 5589 10 0
0 64940 11 0
0 64940 12 0
0 64940 13 0
0 64940 14 0
0 64940 15 0
0 64940 0 0
0 168 1 0
0 168 2 0
0 168 3 0
0 168 4 0
0 168 5 0
0 168 6 0
0 20905 7 0
0 20905 8 0
0 20905 9 0
0 20905 10 0
0 20905 11 0
0 20905 12 0
0 13686 13 0
0 13686 14 0
0 13686 15 0
0 13686 0 0
0 13686 1 0
0 13686 2 0
0 21418 3 0
0 21418 4 0
0 21418 5 0
0 21418 6 0
0 21418 7 0
0 21418 8 0
0 27765 9 0
0 27765 10 0
0 27765 11 0
0 27765 12 0
0 27765 13 0
0 27765 14 0
0 14693 15 0
0 14693 0 0
0 14693 1 0
0 14693 2 0
0 14693 3 0
0 14693 4 0
0 15913 5 0
0 15913 6 0
0 15913 7 0
0 15913 8 0
0 15913 9 0
0 15913 10 0
0 56118 11 0
0 56118 12 0
0 56118 13 0
0 56118 14 0
0 56118 15 0
0 56118 0 0
0 24774 1 0
0 24774 2 0
0 24774 3 0
0 24774 4 0
0 24774 5 0
0 24774 6 0
0 2815 7 0
0 2815 8 0
0 2815 9 0
0 2815 10 0
0 2815 11 0
0 2815 12 0
0 21132 13 0
0 21132 14 0
0 21132 15 0
0 21132 0 0
0 21132 1 0
0 21132 2 0
0 49518 3 0
0 49518 4 0
0 49518 5 0
0 49518 6 0
0 49518 7 0
0 49518 8 0
0 21047 9 0
0 21047 10 0
0 21047 11 0
0 21047 12 0
0 21047 13 0
0 21047 14 0
0 15608 15 0
0 15608 0 0
0 15608 1 0
0 15608 2 0
0 15608 3 0
0 15608 4 0
0 55169 5 0
0 55169 6 0
0 55169 7 0
0 55169 8 0
0 55169 9 0
0 55169 10 0
0 43961 11 0
0 43961 12 0
0 43961 13 0
0 43961 14 0
0 43961 15 0
0 43961 0 0
0 29536 1 0
0 29536 2 0
0 29536 3 0
0 29536 4 0
0 29536 5 0
0 29536 6 0
0 59910 7 0
0 59910 8 0
0 59910 9 0
0 59910 10 0
0 59910 11 0
0 59910 12 0
0 7818 13 0
0 7818 14 0
0 7818 15 0
0 7818 0 0
0 7818 1 0
0 7818 2 0
0 14578 3 0
0 14578 4 0
0 14578 5 0
0 14578 6 0
0 14578 7 0
0 14578 8 0
0 14390 9 0
0 14390 10 0
0 14390 11 0
0 14390 12 0
0 14390 13 0
0 14390 14 0
0 26101 15 0
0 26101 0 0
0 26101 1 0
0 26101 2 0
0 26101 3 0
0 26101 4 0
0 13796 5 0
0 13796 6 0
0 13796 7 0
0 13796 8 0
0 13796 9 0
0 13796 10 0
0 13645 11 0
0 13645 12 0
0 13645 13 0
0 13645 14 0
0 13645 15 0
0 13645 0 0
0 11185 1 0
0 11185 2 0
0 11185 3 0
0 11185 4 0
0 11185 5 0
0 11185 6 0
0 10390 7 0
0 10390 8 0
0 10390 9 0
0 10390 10 0
0 10390 11 0
0 10390 12 0
0 1237 13 0
0 1237 14 0
0 1237 15 0
0 1237 0 0
0 1237 1 0
0 1237 2 0
0 23585 3 0
0 23585 4 0
0 23585 5 0
0 23585 6 0
0 23585 7 0
0 23585 8 0
0 33348 9 0
0 33348 10 0
0 33348 11 0
0 33348 12 0
0 33348 13 0
0 33348 14 0
0 60010 15 0
0 60010 0 0
0 60010 1 0
0 60010 2 0
0 60010 3 0
0 60010 4 0
0 19158 5 0
0 19158 6 0
0 19158 7 0
0 19158 8 0
0 19158 9 0
0 19158 10 0
0 40525 11 0
0 40525 12 0
0 40525 13 0
0 40525 14 0
0 40525 15 0
0 40525 0 0
0 38485 1 0
0 38485 2 0
0 38485 3 0
0 38485 4 0
0 38485 5 0
0 38485 6 0
0 29209 7 0
0 29209 8 0
0 29209 9 0
0 29209 10 0
0 29209 11 0
0 29209 12 0
0 42218 13 0
0 42218 14 0
0 42218 15 0
0 42218 0 0
0 42218 1 0
0 42218 2 0
0 36450 3 0
0 36450 4 0
0 36450 5 0
0 36450 6 0
0 36450 7 0
0 36450 8 0
0 17138 9 0
0 17138 10 0
0 17138 11 0
0 17138 12 0
0 17138 13 0
0 17138 14 0
0 64926 15 0
0 64926 0 0
0 64926 1 0
0 64926 2 0
0 64926 3 0
0 64926 4 0
0 21780 5 0
0 21780 6 0
0 21780 7 0
0 21780 8 0
0 21780 9 0
0 21780 10 0
0 43166 11 0
0 43166 12 0
0 43166 13 0
0 43166 14 0
0 43166 15 0
0 43166 0 0
0 26178 1 0
0 26178 2 0
0 26178 3 0
0 26178 4 0
0 26178 5 0
0 26178 6 0
0 31272 7 0
0 31272 8 0
0 31272 9 0
0 31272 10 0
0 31272 11 0
0 31272 12 0
0 16618 13 0
0 16618 14 0
0 16618 15 0
0 16618 0 0
0 16618 1 0
0 16618 2 0
0 51606 3 0
0 51606 4 0
0 51606 5 0
0 51606 6 0
0 51606 7 0
0 51606 8 0
0 62182 9 0
0 62182 10 0
0 62182 11 0
0 62182 12 0
0 62182 13 0
0 62182 14 0
0 49697 15 0
0 49697 0 0
0 49697 1 0
0 49697 2 0
0 49697 3 0
0 49697 4 0
0 7923 5 0
0 7923 6 0
0 7923 7 0
0 7923 8 0
0 7923 9 0
0 7923 10 0
0 23869 11 0
0 23869 12 0
0 23869 13 0
0 23869 14 0
0 23869 15 0
0 23869 0 0
0 2514 1 0
0 2514 2 0
0 2514 3 0
0 2514 4 0
0 2514 5 0
0 2514 6 0
0 36902 7 0
0 36902 8 0
0 36902 9 0
0 36902 10 0
0 36902 11 0
0 36902 12 0
0 12897 13 0
0 12897 14 0
0 12897 15 0
0 12897 0 0
0 12897 1 0
0 12897 2 0
0 6237 3 0
0 6237 4 0
0 6237 5 0
0 6237 6 0
0 6237 7 0
0 6237 8 0
0 56148 9 0
0 56148 10 0
0 56148 11 0
0 56148 12 0
0 56148 13 0
0 56148 14 0
0 4443 15 0
0 4443 0 0
0 4443 1 0
0 4443 2 0
0 4443 3 0
0 4443 4 0
0 19617 5 0
0 19617 6 0
0 19617 7 0
0 19617 8 0
0 19617 9 0
0 19617 10 0
0 27698 11 0
0 27698 12 0
0 27698 13 0
0 27698 14 0
0 27698 15 0
0 27698 0 0
0 40053 1 0
0 40053 2 0
0 40053 3 0
0 40053 4 0
0 40053 5 0
0 40053 6 0
0 10038 7 0
0 10038 8 0
0 10038 9 0
0 10038 10 0
0 10038 11 0
0 10038 12 0
0 25335 13 0
0 25335 14 0
0 25335 15 0
0 25335 0 0
0 25335 1 0
0 25335 2 0
0 2581 3 0
0 2581 4 0
0 2581 5 0
0 2581 6 0
0 2581 7 0
0 2581 8 0
0 58971 9 0
0 58971 10 0
0 58971 11 0
0 58971 12 0
0 58971 13 0
0 58971 14 0
0 49626 15 0
0 49626 0 0
0 49626 1 0
0 49626 2 0
0 49626 3 0
0 49626 4 0
0 57296 5 0
0 57296 6 0
0 57296 7 0
0 57296 8 0
0 57296 9 0
0 57296 10 0
0 62031 11 0
0 62031 12 0
0 62031 13 0
0 62031 14 0
0 62031 15 0
0 62031 0 0
0 27136 1 0
0 27136 2 0
0 27136 3 0
0 27136 4 0
0 27136 5 0
0 27136 6 0
0 35966 7 0
0 35966 8 0
0 35966 9 0
0 35966 10 0
0 35966 11 0
0 35966 12 0
0 9802 13 0
0 9802 14 0
0 9802 15 0
0 9802 0 0
0 9802 1 0
0 9802 2 0
0 46324 3 0
0 46324 4 0
0 46324 5 0
0 46324 6 0
0 46324 7 0
0 46324 8 0
0 64444 9 0
0 64444 10 0
0 64444 11 0
0 64444 12 0
0 64444 13 0
0 64444 14 0
0 56005 15 0
0 56005 0 0
0 56005 1 0
0 56005 2 0
0 56005 3 0
0 56005 4 0
0 43428 5 0
0 43428 6 0
0 43428 7 0
0 43428 8 0
0 43428 9 0
0 43428 10 0
0 2300 11 0
0 2300 12 0
0 2300 13 0
0 2300 14 0
0 2300 15 0
0 2300 0 0
0 4212 1 0
0 4212 2 0
0 4212 3 0
0 4212 4 0
0 4212 5 0
0 4212 6 0
0 15087 7 0
0 15087 8 0
0 15087 9 0
0 15087 10 0
0 15087 11 0
0 15087 12 0
0 61675 13 0
0 61675 14 0
0 61675 15 0
0 61675 0 0
0 61675 1 0
0 61675 2 0
0 57628 3 0
0 57628 4 0
0 57628 5 0
0 57628 6 0
0 57628 7 0
0 57628 8 0
0 25623 9 0
0 25623 10 0
0 25623 11 0
0 25623 12 0
0 25623 13 0
0 25623 14 0
0 58665 15 0
0 58665 0 0
0 58665 1 0
0 58665 2 0
0 58665 3 0
0 58665 4 0
0 979 5 0
0 979 6 0
0 979 7 0
0 979 8 0
0 979 9 0
0 979 10 0
0 33027 11 0
0 33027 12 0
0 33027 13 0
0 33027 14 0
0 33027 15 0
0 33027 0 0
0 32211 1 0
0 32211 2 0
0 32211 3 0
0 32211 4 0
0 32211 5 0
0 32211 6 0
0 5428 7 0
0 5428 8 0
0 5428 9 0
0 5428 10 0
0 5428 11 0
0 5428 12 0
0 29934 13 0
0 29934 14 0
0 29934 15 0
0 29934 0 0
0 29934 1 0
0 29934 2 0
0 41453 3 0
0 41453 4 0
0 41453 5 0
0 41453 6 0
0 41453 7 0
0 41453 8 0
0 36252 9 0
0 36252 10 0
0 36252 11 0
0 36252 12 0
0 36252 13 0
0 36252 14 0
0 4342 15 0
0 4342 0 0
0 4342 1 0
0 4342 2 0
0 4342 3 0
0 4342 4 0
0 51246 5 0
0 51246 6 0
0 51246 7 0
0 51246 8 0
0 51246 9 0
0 51246 10 0
0 48073 11 0
0 48073 12 0
0 48073 13 0
0 48073 14 0
0 48073 15 0
0 48073 0 0
0 27250 1 0
0 27250 2 0
0 27250 3 0
0 27250 4 0
0 27250 5 0
0 27250 6 0
0 31931 7 0
0 31931 8 0
0 31931 9 0
0 31931 10 0
0 31931 11 0
0 31931 12 0
0 24746 13 0
0 24746 14 0
0 24746 15 0
0 24746 0 0
0 24746 1 0
0 24746 2 0
0 41402 3 0
0 41402 4 0
0 41402 5 0
0 41402 6 0
0 41402 7 0
0 41402 8 0
0 2311 9 0
0 2311 10 0
0 2311 11 0
0 2311 12 0
0 2311 13 0
0 2311 14 0
0 13800 15 0
0 13800 0 0
0 13800 1 0
0 13800 2 0
0 13800 3 0
0 13800 4 0
0 6457 5 0
0 6457 6 0
0 6457 7 0
0 6457 8 0
0 6457 9 0
0 6457 10 0
0 11598 11 0
0 11598 12 0
0 11598 13 0
0 11598 14 0
0 11598 15 0
0 11598 0 0
0 28712 1 0
0 28712 2 0
0 28712 3 0
0 28712 4 0
0 28712 5 0
0 28712 6 0
0 46434 7 0
0 46434 8 0
0 46434 9 0
0 46434 10 0
0 46434 11 0
0 46434 12 0
0 13919 13 0
0 13919 14 0
0 13919 15 0
0 13919 0 0
0 13919 1 0
0 13919 2 0
0 51322 3 0
0 51322 4 0
0 51322 5 0
0 51322 6 0
0 51322 7 0
0 51322 8 0
0 35817 9 0
0 35817 10 0
0 35817 11 0
0 35817 12 0
0 35817 13 0
0 35817 14 0
0 26159 15 0
0 26159 0 0
0 26159 1 0
0 26159 2 0
0 26159 3 0
0 26159 4 0
0 24486 5 0
0 24486 6 0
0 24486 7 0
0 24486 8 0
0 24486 9 0
0 24486 10 0
0 57457 11 0
0 57457 12 0
0 57457 13 0
0 57457 14 0
0 57457 15 0
0 57457 0 0
0 59198 1 0
0 59198 2 0
0 59198 3 0
0 59198 4 0
0 59198 5 0
0 59198 6 0
0 60098 7 0
0 60098 8 0
0 60098 9 0
0 60098 10 0
0 60098 11 0
0 60098 12 0
0 28693 13 0
0 28693 14 0
0 28693 15 0
0 28693 0 0
0 28693 1 0
0 28693 2 0
0 12280 3 0
0 12280 4 0
0 12280 5 0
0 12280 6 0
0 12280 7 0
0 12280 8 0
0 23812 9 0
0 23812 10 0
0 23812 11 0
0 23812 12 0
0 23812 13 0
0 23812 14 0
0 16296 15 0
0 16296 0 0
0 16296 1 0
0 16296 2 0
0 16296 3 0
0 16296 4 0
0 44726 5 0
0 44726 6 0
0 44726 7 0
0 44726 8 0
0 44726 9 0
0 44726 10 0
0 24143 11 0
0 24143 12 0
0 24143 13 0
0 24143 14 0
0 24143 15 0
0 24143 0 0
0 9539 1 0
0 9539 2 0
0 9539 3 0
0 9539 4 0
0 9539 5 0
0 9539 6 0
0 34010 7 0
0 34010 8 0
0 34010 9 0
0 34010 10 0
0 34010 11 0
0 34010 12 0
0 56775 13 0
0 56775 14 0
0 56775 15 0
0 56775 0 0
0 56775 1 0
0 56775 2 0
0 39801 3 0
0 39801 4 0
0 39801 5 0
0 39801 6 0
0 39801 7 0
0 39801 8 0
0 27110 9 0
0 27110 10 0
0 27110 11 0
0 27110 12 0
0 27110 13 0
0 27110 14 0
0 17456 15 0
0 17456 0 0
0 17456 1 0
0 17456 2 0
0 17456 3 0
0 17456 4 0
0 14228 5 0
0 14228 6 0
0 14228 7 0
0 14228 8 0
0 14228 9 0
0 14228 10 0
0 31888 11 0
0 31888 12 0
0 31888 13 0
0 31888 14 0
0 31888 15 0
0 31888 0 0
0 27603 1 0
0 27603 2 0
0 27603 3 0
0 27603 4 0
0 27603 5 0
0 27603 6 0
0 40597 7 0
0 40597 8 0
0 40597 9 0
0 40597 10 0
0 40597 11 0
0 40597 12 0
0 33131 13 0
0 33131 14 0
0 33131 15 0
0 33131 0 0
0 33131 1 0
0 33131 2 0
0 6327 3 0
0 6327 4 0
0 6327 5 0
0 6327 6 0
0 6327 7 0
0 6327 8 0
0 14021 9 0
0 14021 10 0
0 14021 11 0
0 14021 12 0
0 14021 13 0
0 14021 14 0
0 19431 15 0
0 19431 0 0
0 19431 1 0
0 19431 2 0
0 19431 3 0
0 19431 4 0
0 65435 5 0
0 65435 6 0
0 65435 7 0
0 65435 8 0
0 65435 9 0
0 65435 10 0
0 34486 11 0
0 34486 12 0
0 34486 13 0
0 34486 14 0
0 34486 15 0
0 34486 0 0
0 17654 1 0
0 17654 2 0
0 17654 3 0
0 17654 4 0
0 17654 5 0
0 17654 6 0
0 10970 7 0
0 10970 8 0
0 10970 9 0
0 10970 10 0
0 10970 11 0
0 10970 12 0
0 14597 13 0
0 14597 14 0
0 14597 15 0
0 14597 0 0
0 14597 1 0
0 14597 2 0
0 26330 3 0
0 26330 4 0
0 26330 5 0
0 26330 6 0
0 26330 7 0
0 26330 8 0
0 32559 9 0
0 32559 10 0
0 32559 11 0
0 32559 12 0
0 32559 13 0
0 32559 14 0
0 29114 15 0
0 29114 0 0
0 29114 1 0
0 29114 2 0
0 29114 3 0
0 29114 4 0
0 17226 5 0
0 17226 6 0
0 17226 7 0
0 17226 8 0
0 17226 9 0
0 17226 10 0
0 59335 11 0
0 59335 12 0
0 59335 13 0
0 59335 14 0
0 59335 15 0
0 59335 0 0
0 25875 1 0
0 25875 2 0
0 25875 3 0
0 25875 4 0
0 25875 5 0
0 25875 6 0
0 65142 7 0
0 65142 8 0
0 65142 9 0
0 65142 10 0
0 65142 11 0
0 65142 12 0
0 64963 13 0
0 64963 14 0
0 64963 15 0
0 64963 0 0
0 64963 1 0
0 64963 2 0
0 13468 3 0
0 13468 4 0
0 13468 5 0
0 13468 6 0
0 13468 7 0
0 13468 8 0
0 47512 9 0
0 47512 10 0
0 47512 11 0
0 47512 12 0
0 47512 13 0
0 47512 14 0
0 55611 15 0
0 55611 0 0
0 55611 1 0
0 55611 2 0
0 55611 3 0
0 55611 4 0
0 23279 5 0
0 23279 6 0
0 23279 7 0
0 23279 8 0
0 23279 9 0
0 23279 10 0
0 179 11 0
0 179 12 0
0 179 13 0
0 179 14 0
0 179 15 0
0 179 0 0
0 53720 1 0
0 53720 2 0
0 53720 3 0
0 53720 4 0
0 53720 5 0
0 53720 6 0
0 16754 7 0
0 16754 8 0
0 16754 9 0
0 16754 10 0
0 16754 11 0
0 16754 12 0
0 17209 13 0
0 17209 14 0
0 17209 15 0
0 17209 0 0
0 17209 1 0
0 17209 2 0
0 51146 3 0
0 51146 4 0
0 51146 5 0
0 51146 6 0
0 51146 7 0
0 51146 8 0
0 48299 9 0
0 48299 10 0
0 48299 11 0
0 48299 12 0
0 48299 13 0
0 48299 14 0
0 26021 15 0
0 26021 0 0
0 26021 1 0
0 26021 2 0
0 26021 3 0
0 26021 4 0
0 26763 5 0
0 26763 6 0
0 26763 7 0
0 26763 8 0
0 26763 9 0
0 26763 10 0
0 47003 11 0
0 47003 12 0
0 47003 13 0
0 47003 14 0
0 47003 15 0
0 47003 0 0
0 29665 1 0
0 29665 2 0
0 29665 3 0
0 29665 4 0
0 29665 5 0
0 29665 6 0
0 65494 7 0
0 65494 8 0
0 65494 9 0
0 65494 10 0
0 65494 11 0
0 65494 12 0
0 6536 13 0
0 6536 14 0
0 6536 15 0
0 6536 0 0
0 6536 1 0
0 6536 2 0
0 54195 3 0
0 54195 4 0
0 54195 5 0
0 54195 6 0
0 54195 7 0
0 54195 8 0
0 60817 9 0
0 60817 10 0
0 60817 11 0
0 60817 12 0
0 60817 13 0
0 60817 14 0
0 5507 15 0
0 5507 0 0
0 5507 1 0
0 5507 2 0
0 5507 3 0
0 5507 4 0
0 42101 5 0
0 42101 6 0
0 42101 7 0
0 42101 8 0
0 42101 9 0
0 42101 10 0
0 26389 11 0
0 26389 12 0
0 26389 13 0
0 26389 14 0
0 26389 15 0
0 26389 0 0
0 41327 1 0
0 41327 2 0
0 41327 3 0
0 41327 4 0
0 41327 5 0
0 41327 6 0
0 21385 7 0
0 21385 8 0
0 21385 9 0
0 21385 10 0
0 21385 11 0
0 21385 12 0
0 3733 13 0
0 3733 14 0
0 3733 15 0
0 3733 0 0
0 3733 1 0
0 3733 2 0
0 42626 3 0
0 42626 4 0
0 42626 5 0
0 42626 6 0
0 42626 7 0
0 42626 8 0
0 64309 9 0
0 64309 10 0
0 64309 11 0
0 64309 12 0
0 64309 13 0
0 64309 14 0
0 9587 15 0
0 9587 0 0
0 9587 1 0
0 9587 2 0
0 9587 3 0
0 9587 4 0
0 52748 5 0
0 52748 6 0
0 52748 7 0
0 52748 8 0
0 52748 9 0
0 52748 10 0
0 40283 11 0
0 40283 12 0
0 40283 13 0
0 40283 14 0
0 40283 15 0
0 40283 0 0
0 23380 1 0
0 23380 2 0
0 23380 3 0
0 23380 4 0
0 23380 5 0
0 23380 6 0
0 29525 7 0
0 29525 8 0
0 29525 9 0
0 29525 10 0
0 29525 11 0
0 29525 12 0
0 2194 13 0
0 2194 14 0
0 2194 15 0
0 2194 0 0
0 2194 1 0
0 2194 2 0
0 62316 3 0
0 62316 4 0
0 62316 5 0
0 62316 6 0
0 62316 7 0
0 62316 8 0
0 15118 9 0
0 15118 10 0
0 15118 11 0
0 15118 12 0
0 15118 13 0
0 15118 14 0
0 26999 15 0
0 26999 0 0
0 26999 1 0
0 26999 2 0
0 26999 3 0
0 26999 4 0
0 58484 5 0
0 58484 6 0
0 58484 7 0
0 58484 8 0
0 58484 9 0
0 58484 10 0
0 38027 11 0
0 38027 12 0
0 38027 13 0
0 38027 14 0
0 38027 15 0
0 38027 0 0
0 39930 1 0
0 39930 2 0
0 39930 3 0
0 39930 4 0
0 39930 5 0
0 39930 6 0
0 38055 7 0
0 38055 8 0
0 38055 9 0
0 38055 10 0
0 38055 11 0
0 38055 12 0
0 939 13 0
0 939 14 0
0 939 15 0
0 939 0 0
0 939 1 0
0 939 2 0
0 46006 3 0
0 46006 4 0
0 46006 5 0
0 46006 6 0
0 46006 7 0
0 46006 8 0
0 35410 9 0
0 35410 10 0
0 35410 11 0
0 35410 12 0
0 35410 13 0
0 35410 14 0
0 11964 15 0
0 11964 0 0
0 11964 1 0
0 11964 2 0
0 11964 3 0
0 11964 4 0
0 2004 5 0
0 2004 6 0
0 2004 7 0
0 2004 8 0
0 2004 9 0
0 2004 10 0
0 3276 11 0
0 3276 12 0
0 3276 13 0
0 3276 14 0
0 3276 15 0
0 3276 0 0
0 61377 1 0
0 61377 2 0
0 61377 3 0
0 61377 4 0
0 61377 5 0
0 61377 6 0
0 6163 7 0
0 6163 8 0
0 6163 9 0
0 6163 10 0
0 6163 11 0
0 6163 12 0
0 19576 13 0
0 19576 14 0
0 19576 15 0
0 19576 0 0
0 19576 1 0
0 19576 2 0
0 11238 3 0
0 11238 4 0
0 11238 5 0
0 11238 6 0
0 11238 7 0
0 11238 8 0
0 7170 9 0
0 7170 10 0
0 7170 11 0
0 7170 12 0
0 7170 13 0
0 7170 14 0
0 33656 15 0
0 33656 0 0
0 33656 1 0
0 33656 2 0
0 33656 3 0
0 33656 4 0
0 40767 5 0
0 40767 6 0
0 40767 7 0
0 40767 8 0
0 40767 9 0
0 40767 10 0
0 9692 11 0
0 9692 12 0
0 9692 13 0
0 9692 14 0
0 9692 15 0
0 9692 0 0
0 8194 1 0
0 8194 2 0
0 8194 3 0
0 8194 4 0
0 8194 5 0
0 8194 6 0
0 10498 7 0
0 10498 8 0
0 10498 9 0
0 10498 10 0
0 10498 11 0
0 10498 12 0
0 29353 13 0
0 29353 14 0
0 29353 15 0
