0 0 0 0
0 0 1 0
0 0 2 0
0 0 3 0
0 0 4 0
0 46541 5 0
0 46541 6 0
0 46541 7 0
0 46541 8 0
0 46541 9 0
0 46541 10 0
0 20508 11 0
0 20508 12 0
0 20508 13 0
0 20508 14 0
0 20508 15 0
0 20508 0 0
0 25539 1 0
0 25539 2 0
0 25539 3 0
0 25539 4 0
0 25539 5 0
0 25539 6 0
0 13268 7 0
0 13268 8 0
0 13268 9 0
0 13268 10 0
0 13268 11 0
0 13268 12 0
0 40156 13 0
0 40156 14 0
0 40156 15 0
0 40156 0 0
0 40156 1 0
0 40156 2 0
0 19341 3 0
0 19341 4 0
0 19341 5 0
0 19341 6 0
0 19341 7 0
0 19341 8 0
0 50084 9 0
0 50084 10 0
0 50084 11 0
0 50084 12 0
0 50084 13 0
0 50084 14 0
0 54493 15 0
0 54493 0 0
0 54493 1 0
0 54493 2 0
0 54493 3 0
0 54493 4 0
0 41087 5 0
0 41087 6 0
0 41087 7 0
0 41087 8 0
0 41087 9 0
0 41087 10 0
0 59003 11 0
0 59003 12 0
0 59003 13 0
0 59003 14 0
0 59003 15 0
0 59003 0 0
0 38538 1 0
0 38538 2 0
0 38538 3 0
0 38538 4 0
0 38538 5 0
0 38538 6 0
0 38538 7 0
0 38538 8 0
0 38538 9 0
0 38538 10 0
0 38538 11 0
0 38538 12 0
0 30114 13 0
0 30114 14 0
0 30114 15 0
0 30114 0 0
0 30114 1 0
0 30114 2 0
0 65014 3 0
0 65014 4 0
0 65014 5 0
0 65014 6 0
0 65014 7 0
0 65014 8 0
0 35583 9 0
0 35583 10 0
0 35583 11 0
0 35583 12 0
0 35583 13 0
0 35583 14 0
0 50431 15 0
0 50431 0 0
0 50431 1 0
0 50431 2 0
0 50431 3 0
0 50431 4 0
0 3174 5 0
0 3174 6 0
0 3174 7 0
0 3174 8 0
0 3174 9 0
0 3174 10 0
0 42906 11 0
0 42906 12 0
0 42906 13 0
0 42906 14 0
0 42906 15 0
0 42906 0 0
0 60078 1 0
0 60078 2 0
0 60078 3 0
0 60078 4 0
0 60078 5 0
0 60078 6 0
0 40217 7 0
0 40217 8 0
0 40217 9 0
0 40217 10 0
0 40217 11 0
0 40217 12 0
0 61762 13 0
0 61762 14 0
0 61762 15 0
0 61762 0 0
0 61762 1 0
0 61762 2 0
0 9189 3 0
0 9189 4 0
0 9189 5 0
0 9189 6 0
0 9189 7 0
0 9189 8 0
0 40482 9 0
0 40482 10 0
0 40482 11 0
0 40482 12 0
0 40482 13 0
0 40482 14 0
0 14359 15 0
0 14359 0 0
0 14359 1 0
0 14359 2 0
0 14359 3 0
0 14359 4 0
0 65389 5 0
0 65389 6 0
0 65389 7 0
0 65389 8 0
0 65389 9 0
0 65389 10 0
0 6767 11 0
0 6767 12 0
0 6767 13 0
0 6767 14 0
0 6767 15 0
0 6767 0 0
0 26478 1 0
0 26478 2 0
0 26478 3 0
0 26478 4 0
0 26478 5 0
0 26478 6 0
0 13831 7 0
0 13831 8 0
0 13831 9 0
0 13831 10 0
0 13831 11 0
0 13831 12 0
0 24526 13 0
0 24526 14 0
0 24526 15 0
0 24526 0 0
0 24526 1 0
0 24526 2 0
0 24387 3 0
0 24387 4 0
0 24387 5 0
0 24387 6 0
0 24387 7 0
0 24387 8 0
0 6056 9 0
0 6056 10 0
0 6056 11 0
0 6056 12 0
0 6056 13 0
0 6056 14 0
0 34908 15 0
0 34908 0 0
0 34908 1 0
0 34908 2 0
0 34908 3 0
0 34908 4 0
0 6902 5 0
0 6902 6 0
0 6902 7 0
0 6902 8 0
0 6902 9 0
0 6902 10 0
0 17206 11 0
0 17206 12 0
0 17206 13 0
0 17206 14 0
0 17206 15 0
0 17206 0 0
0 9653 1 0
0 9653 2 0
0 9653 3 0
0 9653 4 0
0 9653 5 0
0 9653 6 0
0 59957 7 0
0 59957 8 0
0 59957 9 0
0 59957 10 0
0 59957 11 0
0 59957 12 0
0 30332 13 0
0 30332 14 0
0 30332 15 0
0 30332 0 0
0 30332 1 0
0 30332 2 0
0 46559 3 0
0 46559 4 0
0 46559 5 0
0 46559 6 0
0 46559 7 0
0 46559 8 0
0 52622 9 0
0 52622 10 0
0 52622 11 0
0 52622 12 0
0 52622 13 0
0 52622 14 0
0 52893 15 0
0 52893 0 0
0 52893 1 0
0 52893 2 0
0 52893 3 0
0 52893 4 0
0 17393 5 0
0 17393 6 0
0 17393 7 0
0 17393 8 0
0 17393 9 0
0 17393 10 0
0 63531 11 0
0 63531 12 0
0 63531 13 0
0 63531 14 0
0 63531 15 0
0 63531 0 0
0 29130 1 0
0 29130 2 0
0 29130 3 0
0 29130 4 0
0 29130 5 0
0 29130 6 0
0 11020 7 0
0 11020 8 0
0 11020 9 0
0 11020 10 0
0 11020 11 0
0 11020 12 0
0 56260 13 0
0 56260 14 0
0 56260 15 0
0 56260 0 0
0 56260 1 0
0 56260 2 0
0 61475 3 0
0 61475 4 0
0 61475 5 0
0 61475 6 0
0 61475 7 0
0 61475 8 0
0 52656 9 0
0 52656 10 0
0 52656 11 0
0 52656 12 0
0 52656 13 0
0 52656 14 0
0 30409 15 0
0 30409 0 0
0 30409 1 0
0 30409 2 0
0 30409 3 0
0 30409 4 0
0 48571 5 0
0 48571 6 0
0 48571 7 0
0 48571 8 0
0 48571 9 0
0 48571 10 0
0 38005 11 0
0 38005 12 0
0 38005 13 0
0 38005 14 0
0 38005 15 0
0 38005 0 0
0 22279 1 0
0 22279 2 0
0 22279 3 0
0 22279 4 0
0 22279 5 0
0 22279 6 0
0 56197 7 0
0 56197 8 0
0 56197 9 0
0 56197 10 0
0 56197 11 0
0 56197 12 0
0 30616 13 0
0 30616 14 0
0 30616 15 0
0 30616 0 0
0 30616 1 0
0 30616 2 0
0 52642 3 0
0 52642 4 0
0 52642 5 0
0 52642 6 0
0 52642 7 0
0 52642 8 0
0 45603 9 0
0 45603 10 0
0 45603 11 0
0 45603 12 0
0 45603 13 0
0 45603 14 0
0 36729 15 0
0 36729 0 0
0 36729 1 0
0 36729 2 0
0 36729 3 0
0 36729 4 0
0 53686 5 0
0 53686 6 0
0 53686 7 0
0 53686 8 0
0 53686 9 0
0 53686 10 0
0 49162 11 0
0 49162 12 0
0 49162 13 0
0 49162 14 0
0 49162 15 0
0 49162 0 0
0 60280 1 0
0 60280 2 0
0 60280 3 0
0 60280 4 0
0 60280 5 0
0 60280 6 0
0 189 7 0
0 189 8 0
0 189 9 0
0 189 10 0
0 189 11 0
0 189 12 0
0 24855 13 0
0 24855 14 0
0 24855 15 0
0 24855 0 0
0 24855 1 0
0 24855 2 0
0 32593 3 0
0 32593 4 0
0 32593 5 0
0 32593 6 0
0 32593 7 0
0 32593 8 0
0 26199 9 0
0 26199 10 0
0 26199 11 0
0 26199 12 0
0 26199 13 0
0 26199 14 0
0 45162 15 0
0 45162 0 0
0 45162 1 0
0 45162 2 0
0 45162 3 0
0 45162 4 0
0 17169 5 0
0 17169 6 0
0 17169 7 0
0 17169 8 0
0 17169 9 0
0 17169 10 0
0 28332 11 0
0 28332 12 0
0 28332 13 0
0 28332 14 0
0 28332 15 0
0 28332 0 0
0 57426 1 0
0 57426 2 0
0 57426 3 0
0 57426 4 0
0 57426 5 0
0 57426 6 0
0 40934 7 0
0 40934 8 0
0 40934 9 0
0 40934 10 0
0 40934 11 0
0 40934 12 0
0 4390 13 0
0 4390 14 0
0 4390 15 0
0 4390 0 0
0 4390 1 0
0 4390 2 0
0 3630 3 0
0 3630 4 0
0 3630 5 0
0 3630 6 0
0 3630 7 0
0 3630 8 0
0 25898 9 0
0 25898 10 0
0 25898 11 0
0 25898 12 0
0 25898 13 0
0 25898 14 0
0 63315 15 0
0 63315 0 0
0 63315 1 0
0 63315 2 0
0 63315 3 0
0 63315 4 0
0 20196 5 0
0 20196 6 0
0 20196 7 0
0 20196 8 0
0 20196 9 0
0 20196 10 0
0 181 11 0
0 181 12 0
0 181 13 0
0 181 14 0
0 181 15 0
0 181 0 0
0 29726 1 0
0 29726 2 0
0 29726 3 0
0 29726 4 0
0 29726 5 0
0 29726 6 0
0 50037 7 0
0 50037 8 0
0 50037 9 0
0 50037 10 0
0 50037 11 0
0 50037 12 0
0 60213 13 0
0 60213 14 0
0 60213 15 0
0 60213 0 0
0 60213 1 0
0 60213 2 0
0 45513 3 0
0 45513 4 0
0 45513 5 0
0 45513 6 0
0 45513 7 0
0 45513 8 0
0 60351 9 0
0 60351 10 0
0 60351 11 0
0 60351 12 0
0 60351 13 0
0 60351 14 0
0 3073 15 0
0 3073 0 0
0 3073 1 0
0 3073 2 0
0 3073 3 0
0 3073 4 0
0 9230 5 0
0 9230 6 0
0 9230 7 0
0 9230 8 0
0 9230 9 0
0 9230 10 0
0 24021 11 0
0 24021 12 0
0 24021 13 0
0 24021 14 0
0 24021 15 0
0 24021 0 0
0 5548 1 0
0 5548 2 0
0 5548 3 0
0 5548 4 0
0 5548 5 0
0 5548 6 0
0 22030 7 0
0 22030 8 0
0 22030 9 0
0 22030 10 0
0 22030 11 0
0 22030 12 0
0 5665 13 0
0 5665 14 0
0 5665 15 0
0 5665 0 0
0 5665 1 0
0 5665 2 0
0 18314 3 0
0 18314 4 0
0 18314 5 0
0 18314 6 0
0 18314 7 0
0 18314 8 0
0 34665 9 0
0 34665 10 0
0 34665 11 0
0 34665 12 0
0 34665 13 0
0 34665 14 0
0 53117 15 0
0 53117 0 0
0 53117 1 0
0 53117 2 0
0 53117 3 0
0 53117 4 0
0 13396 5 0
0 13396 6 0
0 13396 7 0
0 13396 8 0
0 13396 9 0
0 13396 10 0
0 48674 11 0
0 48674 12 0
0 48674 13 0
0 48674 14 0
0 48674 15 0
0 48674 0 0
0 10943 1 0
0 10943 2 0
0 10943 3 0
0 10943 4 0
0 10943 5 0
0 10943 6 0
0 56809 7 0
0 56809 8 0
0 56809 9 0
0 56809 10 0
0 56809 11 0
0 56809 12 0
0 30474 13 0
0 30474 14 0
0 30474 15 0
0 30474 0 0
0 30474 1 0
0 30474 2 0
0 21968 3 0
0 21968 4 0
0 21968 5 0
0 21968 6 0
0 21968 7 0
0 21968 8 0
0 42128 9 0
0 42128 10 0
0 42128 11 0
0 42128 12 0
0 42128 13 0
0 42128 14 0
0 2536 15 0
0 2536 0 0
0 2536 1 0
0 2536 2 0
0 2536 3 0
0 2536 4 0
0 5513 5 0
0 5513 6 0
0 5513 7 0
0 5513 8 0
0 5513 9 0
0 5513 10 0
0 31120 11 0
0 31120 12 0
0 31120 13 0
0 31120 14 0
0 31120 15 0
0 31120 0 0
0 35903 1 0
0 35903 2 0
0 35903 3 0
0 35903 4 0
0 35903 5 0
0 35903 6 0
0 43609 7 0
0 43609 8 0
0 43609 9 0
0 43609 10 0
0 43609 11 0
0 43609 12 0
0 52920 13 0
0 52920 14 0
0 52920 15 0
0 52920 0 0
0 52920 1 0
0 52920 2 0
0 13020 3 0
0 13020 4 0
0 13020 5 0
0 13020 6 0
0 13020 7 0
0 13020 8 0
0 37087 9 0
0 37087 10 0
0 37087 11 0
0 37087 12 0
0 37087 13 0
0 37087 14 0
0 39935 15 0
0 39935 0 0
0 39935 1 0
0 39935 2 0
0 39935 3 0
0 39935 4 0
0 5653 5 0
0 5653 6 0
0 5653 7 0
0 5653 8 0
0 5653 9 0
0 5653 10 0
0 16629 11 0
0 16629 12 0
0 16629 13 0
0 16629 14 0
0 16629 15 0
0 16629 0 0
0 38118 1 0
0 38118 2 0
0 38118 3 0
0 38118 4 0
0 38118 5 0
0 38118 6 0
0 32614 7 0
0 32614 8 0
0 32614 9 0
0 32614 10 0
0 32614 11 0
0 32614 12 0
0 6452 13 0
0 6452 14 0
0 6452 15 0
0 6452 0 0
0 6452 1 0
0 6452 2 0
0 10087 3 0
0 10087 4 0
0 10087 5 0
0 10087 6 0
0 10087 7 0
0 10087 8 0
0 48251 9 0
0 48251 10 0
0 48251 11 0
0 48251 12 0
0 48251 13 0
0 48251 14 0
0 49021 15 0
0 49021 0 0
0 49021 1 0
0 49021 2 0
0 49021 3 0
0 49021 4 0
0 17784 5 0
0 17784 6 0
0 17784 7 0
0 17784 8 0
0 17784 9 0
0 17784 10 0
0 19293 11 0
0 19293 12 0
0 19293 13 0
0 19293 14 0
0 19293 15 0
0 19293 0 0
0 42325 1 0
0 42325 2 0
0 42325 3 0
0 42325 4 0
0 42325 5 0
0 42325 6 0
0 61551 7 0
0 61551 8 0
0 61551 9 0
0 61551 10 0
0 61551 11 0
0 61551 12 0
0 53415 13 0
0 53415 14 0
0 53415 15 0
0 53415 0 0
0 53415 1 0
0 53415 2 0
0 40540 3 0
0 40540 4 0
0 40540 5 0
0 40540 6 0
0 40540 7 0
0 40540 8 0
0 23516 9 0
0 23516 10 0
0 23516 11 0
0 23516 12 0
0 23516 13 0
0 23516 14 0
0 47435 15 0
0 47435 0 0
0 47435 1 0
0 47435 2 0
0 47435 3 0
0 47435 4 0
0 18165 5 0
0 18165 6 0
0 18165 7 0
0 18165 8 0
0 18165 9 0
0 18165 10 0
0 28330 11 0
0 28330 12 0
0 28330 13 0
0 28330 14 0
0 28330 15 0
0 28330 0 0
0 29308 1 0
0 29308 2 0
0 29308 3 0
0 29308 4 0
0 29308 5 0
0 29308 6 0
0 36651 7 0
0 36651 8 0
0 36651 9 0
0 36651 10 0
0 36651 11 0
0 36651 12 0
0 18757 13 0
0 18757 14 0
0 18757 15 0
0 18757 0 0
0 18757 1 0
0 18757 2 0
0 15346 3 0
0 15346 4 0
0 15346 5 0
0 15346 6 0
0 15346 7 0
0 15346 8 0
0 31397 9 0
0 31397 10 0
0 31397 11 0
0 31397 12 0
0 31397 13 0
0 31397 14 0
0 49532 15 0
0 49532 0 0
0 49532 1 0
0 49532 2 0
0 49532 3 0
0 49532 4 0
0 37443 5 0
0 37443 6 0
0 37443 7 0
0 37443 8 0
0 37443 9 0
0 37443 10 0
0 45283 11 0
0 45283 12 0
0 45283 13 0
0 45283 14 0
0 45283 15 0
0 45283 0 0
0 54557 1 0
0 54557 2 0
0 54557 3 0
0 54557 4 0
0 54557 5 0
0 54557 6 0
0 9625 7 0
0 9625 8 0
0 9625 9 0
0 9625 10 0
0 9625 11 0
0 9625 12 0
0 7056 13 0
0 7056 14 0
0 7056 15 0
0 7056 0 0
0 7056 1 0
0 7056 2 0
0 3034 3 0
0 3034 4 0
0 3034 5 0
0 3034 6 0
0 3034 7 0
0 3034 8 0
0 62222 9 0
0 62222 10 0
0 62222 11 0
0 62222 12 0
0 62222 13 0
0 62222 14 0
0 53267 15 0
0 53267 0 0
0 53267 1 0
0 53267 2 0
0 53267 3 0
0 53267 4 0
0 35385 5 0
0 35385 6 0
0 35385 7 0
0 35385 8 0
0 35385 9 0
0 35385 10 0
0 18325 11 0
0 18325 12 0
0 18325 13 0
0 18325 14 0
0 18325 15 0
0 18325 0 0
0 35810 1 0
0 35810 2 0
0 35810 3 0
0 35810 4 0
0 35810 5 0
0 35810 6 0
0 48722 7 0
0 48722 8 0
0 48722 9 0
0 48722 10 0
0 48722 11 0
0 48722 12 0
0 42073 13 0
0 42073 14 0
0 42073 15 0
0 42073 0 0
0 42073 1 0
0 42073 2 0
0 63948 3 0
0 63948 4 0
0 63948 5 0
0 63948 6 0
0 63948 7 0
0 63948 8 0
0 27351 9 0
0 27351 10 0
0 27351 11 0
0 27351 12 0
0 27351 13 0
0 27351 14 0
0 2484 15 0
0 2484 0 0
0 2484 1 0
0 2484 2 0
0 2484 3 0
0 2484 4 0
0 33999 5 0
0 33999 6 0
0 33999 7 0
0 33999 8 0
0 33999 9 0
0 33999 10 0
0 39464 11 0
0 39464 12 0
0 39464 13 0
0 39464 14 0
0 39464 15 0
0 39464 0 0
0 23339 1 0
0 23339 2 0
0 23339 3 0
0 23339 4 0
0 23339 5 0
0 23339 6 0
0 23536 7 0
0 23536 8 0
0 23536 9 0
0 23536 10 0
0 23536 11 0
0 23536 12 0
0 59926 13 0
0 59926 14 0
0 59926 15 0
0 59926 0 0
0 59926 1 0
0 59926 2 0
0 48121 3 0
0 48121 4 0
0 48121 5 0
0 48121 6 0
0 48121 7 0
0 48121 8 0
0 28609 9 0
0 28609 10 0
0 28609 11 0
0 28609 12 0
0 28609 13 0
0 28609 14 0
0 55338 15 0
0 55338 0 0
0 55338 1 0
0 55338 2 0
0 55338 3 0
0 55338 4 0
0 45027 5 0
0 45027 6 0
0 45027 7 0
0 45027 8 0
0 45027 9 0
0 45027 10 0
0 52544 11 0
0 52544 12 0
0 52544 13 0
0 52544 14 0
0 52544 15 0
0 52544 0 0
0 26485 1 0
0 26485 2 0
0 26485 3 0
0 26485 4 0
0 26485 5 0
0 26485 6 0
0 39691 7 0
0 39691 8 0
0 39691 9 0
0 39691 10 0
0 39691 11 0
0 39691 12 0
0 31060 13 0
0 31060 14 0
0 31060 15 0
0 31060 0 0
0 31060 1 0
0 31060 2 0
0 31888 3 0
0 31888 4 0
0 31888 5 0
0 31888 6 0
0 31888 7 0
0 31888 8 0
0 36853 9 0
0 36853 10 0
0 36853 11 0
0 36853 12 0
0 36853 13 0
0 36853 14 0
0 52336 15 0
0 52336 0 0
0 52336 1 0
0 52336 2 0
0 52336 3 0
0 52336 4 0
0 55197 5 0
0 55197 6 0
0 55197 7 0
0 55197 8 0
0 55197 9 0
0 55197 10 0
0 24532 11 0
0 24532 12 0
0 24532 13 0
0 24532 14 0
0 24532 15 0
0 24532 0 0
0 14908 1 0
0 14908 2 0
0 14908 3 0
0 14908 4 0
0 14908 5 0
0 14908 6 0
0 50083 7 0
0 50083 8 0
0 50083 9 0
0 50083 10 0
0 50083 11 0
0 50083 12 0
0 53301 13 0
0 53301 14 0
0 53301 15 0
0 53301 0 0
0 53301 1 0
0 53301 2 0
0 47039 3 0
0 47039 4 0
0 47039 5 0
0 47039 6 0
0 47039 7 0
0 47039 8 0
0 47622 9 0
0 47622 10 0
0 47622 11 0
0 47622 12 0
0 47622 13 0
0 47622 14 0
0 10296 15 0
0 10296 0 0
0 10296 1 0
0 10296 2 0
0 10296 3 0
0 10296 4 0
0 33640 5 0
0 33640 6 0
0 33640 7 0
0 33640 8 0
0 33640 9 0
0 33640 10 0
0 33113 11 0
0 33113 12 0
0 33113 13 0
0 33113 14 0
0 33113 15 0
0 33113 0 0
0 19090 1 0
0 19090 2 0
0 19090 3 0
0 19090 4 0
0 19090 5 0
0 19090 6 0
0 1437 7 0
0 1437 8 0
0 1437 9 0
0 1437 10 0
0 1437 11 0
0 1437 12 0
0 20766 13 0
0 20766 14 0
0 20766 15 0
0 20766 0 0
0 20766 1 0
0 20766 2 0
0 44907 3 0
0 44907 4 0
0 44907 5 0
0 44907 6 0
0 44907 7 0
0 44907 8 0
0 41039 9 0
0 41039 10 0
0 41039 11 0
0 41039 12 0
0 41039 13 0
0 41039 14 0
0 21144 15 0
0 21144 0 0
0 21144 1 0
0 21144 2 0
0 21144 3 0
0 21144 4 0
0 13433 5 0
0 13433 6 0
0 13433 7 0
0 13433 8 0
0 13433 9 0
0 13433 10 0
0 58201 11 0
0 58201 12 0
0 58201 13 0
0 58201 14 0
0 58201 15 0
0 58201 0 0
0 20390 1 0
0 20390 2 0
0 20390 3 0
0 20390 4 0
0 20390 5 0
0 20390 6 0
0 60494 7 0
0 60494 8 0
0 60494 9 0
0 60494 10 0
0 60494 11 0
0 60494 12 0
0 33335 13 0
0 33335 14 0
0 33335 15 0
0 33335 0 0
0 33335 1 0
0 33335 2 0
0 56437 3 0
0 56437 4 0
0 56437 5 0
0 56437 6 0
0 56437 7 0
0 56437 8 0
0 38877 9 0
0 38877 10 0
0 38877 11 0
0 38877 12 0
0 38877 13 0
0 38877 14 0
0 55436 15 0
0 55436 0 0
0 55436 1 0
0 55436 2 0
0 55436 3 0
0 55436 4 0
0 26959 5 0
0 26959 6 0
0 26959 7 0
0 26959 8 0
0 26959 9 0
0 26959 10 0
0 45650 11 0
0 45650 12 0
0 45650 13 0
0 45650 14 0
0 45650 15 0
0 45650 0 0
0 3499 1 0
0 3499 2 0
0 3499 3 0
0 3499 4 0
0 3499 5 0
0 3499 6 0
0 26808 7 0
0 26808 8 0
0 26808 9 0
0 26808 10 0
0 26808 11 0
0 26808 12 0
0 13679 13 0
0 13679 14 0
0 13679 15 0
0 13679 0 0
0 13679 1 0
0 13679 2 0
0 34694 3 0
0 34694 4 0
0 34694 5 0
0 34694 6 0
0 34694 7 0
0 34694 8 0
0 22555 9 0
0 22555 10 0
0 22555 11 0
0 22555 12 0
0 22555 13 0
0 22555 14 0
0 49288 15 0
0 49288 0 0
0 49288 1 0
0 49288 2 0
0 49288 3 0
0 49288 4 0
0 53234 5 0
0 53234 6 0
0 53234 7 0
0 53234 8 0
0 53234 9 0
0 53234 10 0
0 22779 11 0
0 22779 12 0
0 22779 13 0
0 22779 14 0
0 22779 15 0
0 22779 0 0
0 3536 1 0
0 3536 2 0
0 3536 3 0
0 3536 4 0
0 3536 5 0
0 3536 6 0
0 63090 7 0
0 63090 8 0
0 63090 9 0
0 63090 10 0
0 63090 11 0
0 63090 12 0
0 27438 13 0
0 27438 14 0
0 27438 15 0
0 27438 0 0
0 27438 1 0
0 27438 2 0
0 28126 3 0
0 28126 4 0
0 28126 5 0
0 28126 6 0
0 28126 7 0
0 28126 8 0
0 10887 9 0
0 10887 10 0
0 10887 11 0
0 10887 12 0
0 10887 13 0
0 10887 14 0
0 49212 15 0
0 49212 0 0
0 49212 1 0
0 49212 2 0
0 49212 3 0
0 49212 4 0
0 29193 5 0
0 29193 6 0
0 29193 7 0
0 29193 8 0
0 29193 9 0
0 29193 10 0
0 58617 11 0
0 58617 12 0
0 58617 13 0
0 58617 14 0
0 58617 15 0
0 58617 0 0
0 36892 1 0
0 36892 2 0
0 36892 3 0
0 36892 4 0
0 36892 5 0
0 36892 6 0
0 36057 7 0
0 36057 8 0
0 36057 9 0
0 36057 10 0
0 36057 11 0
0 36057 12 0
0 31710 13 0
0 31710 14 0
0 31710 15 0
0 31710 0 0
0 31710 1 0
0 31710 2 0
0 17729 3 0
0 17729 4 0
0 17729 5 0
0 17729 6 0
0 17729 7 0
0 17729 8 0
0 47842 9 0
0 47842 10 0
0 47842 11 0
0 47842 12 0
0 47842 13 0
0 47842 14 0
0 61769 15 0
0 61769 0 0
0 61769 1 0
0 61769 2 0
0 61769 3 0
0 61769 4 0
0 5083 5 0
0 5083 6 0
0 5083 7 0
0 5083 8 0
0 5083 9 0
0 5083 10 0
0 28651 11 0
0 28651 12 0
0 28651 13 0
0 28651 14 0
0 28651 15 0
0 28651 0 0
0 35978 1 0
0 35978 2 0
0 35978 3 0
0 35978 4 0
0 35978 5 0
0 35978 6 0
0 53968 7 0
0 53968 8 0
0 53968 9 0
0 53968 10 0
0 53968 11 0
0 53968 12 0
0 56689 13 0
0 56689 14 0
0 56689 15 0
0 56689 0 0
0 56689 1 0
0 56689 2 0
0 50445 3 0
0 50445 4 0
0 50445 5 0
0 50445 6 0
0 50445 7 0
0 50445 8 0
0 36547 9 0
0 36547 10 0
0 36547 11 0
0 36547 12 0
0 36547 13 0
0 36547 14 0
0 51397 15 0
0 51397 0 0
0 51397 1 0
0 51397 2 0
0 51397 3 0
0 51397 4 0
0 60510 5 0
0 60510 6 0
0 60510 7 0
0 60510 8 0
0 60510 9 0
0 60510 10 0
0 63988 11 0
0 63988 12 0
0 63988 13 0
0 63988 14 0
0 63988 15 0
0 63988 0 0
0 64458 1 0
0 64458 2 0
0 64458 3 0
0 64458 4 0
0 64458 5 0
0 64458 6 0
0 56861 7 0
0 56861 8 0
0 56861 9 0
0 56861 10 0
0 56861 11 0
0 56861 12 0
0 58681 13 0
0 58681 14 0
0 58681 15 0
0 58681 0 0
0 58681 1 0
0 58681 2 0
0 43695 3 0
0 43695 4 0
0 43695 5 0
0 43695 6 0
0 43695 7 0
0 43695 8 0
0 52000 9 0
0 52000 10 0
0 52000 11 0
0 52000 12 0
0 52000 13 0
0 52000 14 0
0 49212 15 0
0 49212 0 0
0 49212 1 0
0 49212 2 0
0 49212 3 0
0 49212 4 0
0 65370 5 0
0 65370 6 0
0 65370 7 0
0 65370 8 0
0 65370 9 0
0 65370 10 0
0 30653 11 0
0 30653 12 0
0 30653 13 0
0 30653 14 0
0 30653 15 0
0 30653 0 0
0 11576 1 0
0 11576 2 0
0 11576 3 0
0 11576 4 0
0 11576 5 0
0 11576 6 0
0 39376 7 0
0 39376 8 0
0 39376 9 0
0 39376 10 0
0 39376 11 0
0 39376 12 0
0 45386 13 0
0 45386 14 0
0 45386 15 0
0 45386 0 0
0 45386 1 0
0 45386 2 0
0 26981 3 0
0 26981 4 0
0 26981 5 0
0 26981 6 0
0 26981 7 0
0 26981 8 0
0 32706 9 0
0 32706 10 0
0 32706 11 0
0 32706 12 0
0 32706 13 0
0 32706 14 0
0 58341 15 0
0 58341 0 0
0 58341 1 0
0 58341 2 0
0 58341 3 0
0 58341 4 0
0 14343 5 0
0 14343 6 0
0 14343 7 0
0 14343 8 0
0 14343 9 0
0 14343 10 0
0 25069 11 0
0 25069 12 0
0 25069 13 0
0 25069 14 0
0 25069 15 0
0 25069 0 0
0 13765 1 0
0 13765 2 0
0 13765 3 0
0 13765 4 0
0 13765 5 0
0 13765 6 0
0 46774 7 0
0 46774 8 0
0 46774 9 0
0 46774 10 0
0 46774 11 0
0 46774 12 0
0 17751 13 0
0 17751 14 0
0 17751 15 0
0 17751 0 0
0 17751 1 0
0 17751 2 0
0 56771 3 0
0 56771 4 0
0 56771 5 0
0 56771 6 0
0 56771 7 0
0 56771 8 0
0 29517 9 0
0 29517 10 0
0 29517 11 0
0 29517 12 0
0 29517 13 0
0 29517 14 0
0 17796 15 0
0 17796 0 0
0 17796 1 0
0 17796 2 0
0 17796 3 0
0 17796 4 0
0 33950 5 0
0 33950 6 0
0 33950 7 0
0 33950 8 0
0 33950 9 0
0 33950 10 0
0 35092 11 0
0 35092 12 0
0 35092 13 0
0 35092 14 0
0 35092 15 0
0 35092 0 0
0 6947 1 0
0 6947 2 0
0 6947 3 0
0 6947 4 0
0 6947 5 0
0 6947 6 0
0 38592 7 0
0 38592 8 0
0 38592 9 0
0 38592 10 0
0 38592 11 0
0 38592 12 0
0 32475 13 0
0 32475 14 0
0 32475 15 0
0 32475 0 0
0 32475 1 0
0 32475 2 0
0 27264 3 0
0 27264 4 0
0 27264 5 0
0 27264 6 0
0 27264 7 0
0 27264 8 0
0 7505 9 0
0 7505 10 0
0 7505 11 0
0 7505 12 0
0 7505 13 0
0 7505 14 0
0 55653 15 0
0 55653 0 0
0 55653 1 0
0 55653 2 0
0 55653 3 0
0 55653 4 0
0 59011 5 0
0 59011 6 0
0 59011 7 0
0 59011 8 0
0 59011 9 0
0 59011 10 0
0 30380 11 0
0 30380 12 0
0 30380 13 0
0 30380 14 0
0 30380 15 0
0 30380 0 0
0 43013 1 0
0 43013 2 0
0 43013 3 0
0 43013 4 0
0 43013 5 0
0 43013 6 0
0 5811 7 0
0 5811 8 0
0 5811 9 0
0 5811 10 0
0 5811 11 0
0 5811 12 0
0 3967 13 0
0 3967 14 0
0 3967 15 0
0 3967 0 0
0 3967 1 0
0 3967 2 0
0 16961 3 0
0 16961 4 0
0 16961 5 0
0 16961 6 0
0 16961 7 0
0 16961 8 0
0 51535 9 0
0 51535 10 0
0 51535 11 0
0 51535 12 0
0 51535 13 0
0 51535 14 0
0 16686 15 0
0 16686 0 0
0 16686 1 0
0 16686 2 0
0 16686 3 0
0 16686 4 0
0 60634 5 0
0 60634 6 0
0 60634 7 0
0 60634 8 0
0 60634 9 0
0 60634 10 0
0 23991 11 0
0 23991 12 0
0 23991 13 0
0 23991 14 0
0 23991 15 0
0 23991 0 0
0 9664 1 0
0 9664 2 0
0 9664 3 0
0 9664 4 0
0 9664 5 0
0 9664 6 0
0 383 7 0
0 383 8 0
0 383 9 0
0 383 10 0
0 383 11 0
0 383 12 0
0 45156 13 0
0 45156 14 0
0 45156 15 0
0 45156 0 0
0 45156 1 0
0 45156 2 0
0 17674 3 0
0 17674 4 0
0 17674 5 0
0 17674 6 0
0 17674 7 0
0 17674 8 0
0 42691 9 0
0 42691 10 0
0 42691 11 0
0 42691 12 0
0 42691 13 0
0 42691 14 0
0 43710 15 0
0 43710 0 0
0 43710 1 0
0 43710 2 0
0 43710 3 0
0 43710 4 0
0 26893 5 0
0 26893 6 0
0 26893 7 0
0 26893 8 0
0 26893 9 0
0 26893 10 0
0 34812 11 0
0 34812 12 0
0 34812 13 0
0 34812 14 0
0 34812 15 0
0 34812 0 0
0 4583 1 0
0 4583 2 0
0 4583 3 0
0 4583 4 0
0 4583 5 0
0 4583 6 0
0 41424 7 0
0 41424 8 0
0 41424 9 0
0 41424 10 0
0 41424 11 0
0 41424 12 0
0 47167 13 0
0 47167 14 0
0 47167 15 0
0 47167 0 0
0 47167 1 0
0 47167 2 0
0 40510 3 0
0 40510 4 0
0 40510 5 0
0 40510 6 0
0 40510 7 0
0 40510 8 0
0 26751 9 0
0 26751 10 0
0 26751 11 0
0 26751 12 0
0 26751 13 0
0 26751 14 0
0 18605 15 0
0 18605 0 0
0 18605 1 0
0 18605 2 0
0 18605 3 0
0 18605 4 0
0 26859 5 0
0 26859 6 0
0 26859 7 0
0 26859 8 0
0 26859 9 0
0 26859 10 0
0 59773 11 0
0 59773 12 0
0 59773 13 0
0 59773 14 0
0 59773 15 0
0 59773 0 0
0 46389 1 0
0 46389 2 0
0 46389 3 0
0 46389 4 0
0 46389 5 0
0 46389 6 0
0 49691 7 0
0 49691 8 0
0 49691 9 0
0 49691 10 0
0 49691 11 0
0 49691 12 0
0 65478 13 0
0 65478 14 0
0 65478 15 0
0 65478 0 0
0 65478 1 0
0 65478 2 0
0 33755 3 0
0 33755 4 0
0 33755 5 0
0 33755 6 0
0 33755 7 0
0 33755 8 0
0 36849 9 0
0 36849 10 0
0 36849 11 0
0 36849 12 0
0 36849 13 0
0 36849 14 0
0 29113 15 0
0 29113 0 0
0 29113 1 0
0 29113 2 0
0 29113 3 0
0 29113 4 0
0 47537 5 0
0 47537 6 0
0 47537 7 0
0 47537 8 0
0 47537 9 0
0 47537 10 0
0 55210 11 0
0 55210 12 0
0 55210 13 0
0 55210 14 0
0 55210 15 0
0 55210 0 0
0 48103 1 0
0 48103 2 0
0 48103 3 0
0 48103 4 0
0 48103 5 0
0 48103 6 0
0 44642 7 0
0 44642 8 0
0 44642 9 0
0 44642 10 0
0 44642 11 0
0 44642 12 0
0 22821 13 0
0 22821 14 0
0 22821 15 0
0 22821 0 0
0 22821 1 0
0 22821 2 0
0 35813 3 0
0 35813 4 0
0 35813 5 0
0 35813 6 0
0 35813 7 0
0 35813 8 0
0 7030 9 0
0 7030 10 0
0 7030 11 0
0 7030 12 0
0 7030 13 0
0 7030 14 0
0 19644 15 0
0 19644 0 0
0 19644 1 0
0 19644 2 0
0 19644 3 0
0 19644 4 0
0 17616 5 0
0 17616 6 0
0 17616 7 0
0 17616 8 0
0 17616 9 0
0 17616 10 0
0 55360 11 0
0 55360 12 0
0 55360 13 0
0 55360 14 0
0 55360 15 0
0 55360 0 0
0 58114 1 0
0 58114 2 0
0 58114 3 0
0 58114 4 0
0 58114 5 0
0 58114 6 0
0 52743 7 0
0 52743 8 0
0 52743 9 0
0 52743 10 0
0 52743 11 0
0 52743 12 0
0 43937 13 0
0 43937 14 0
0 43937 15 0
0 43937 0 0
0 43937 1 0
0 43937 2 0
0 35049 3 0
0 35049 4 0
0 35049 5 0
0 35049 6 0
0 35049 7 0
0 35049 8 0
0 64324 9 0
0 64324 10 0
0 64324 11 0
0 64324 12 0
0 64324 13 0
0 64324 14 0
0 25687 15 0
0 25687 0 0
0 25687 1 0
0 25687 2 0
0 25687 3 0
0 25687 4 0
0 55680 5 0
0 55680 6 0
0 55680 7 0
0 55680 8 0
0 55680 9 0
0 55680 10 0
0 24976 11 0
0 24976 12 0
0 24976 13 0
0 24976 14 0
0 24976 15 0
0 24976 0 0
0 23177 1 0
0 23177 2 0
0 23177 3 0
0 23177 4 0
0 23177 5 0
0 23177 6 0
0 32169 7 0
0 32169 8 0
0 32169 9 0
0 32169 10 0
0 32169 11 0
0 32169 12 0
0 52864 13 0
0 52864 14 0
0 52864 15 0
0 52864 0 0
0 52864 1 0
0 52864 2 0
0 14893 3 0
0 14893 4 0
0 14893 5 0
0 14893 6 0
0 14893 7 0
0 14893 8 0
0 10190 9 0
0 10190 10 0
0 10190 11 0
0 10190 12 0
0 10190 13 0
0 10190 14 0
0 46386 15 0
0 46386 0 0
0 46386 1 0
0 46386 2 0
0 46386 3 0
0 46386 4 0
0 41928 5 0
0 41928 6 0
0 41928 7 0
0 41928 8 0
0 41928 9 0
0 41928 10 0
0 64962 11 0
0 64962 12 0
0 64962 13 0
0 64962 14 0
0 64962 15 0
0 64962 0 0
0 23993 1 0
0 23993 2 0
0 23993 3 0
0 23993 4 0
0 23993 5 0
0 23993 6 0
0 41743 7 0
0 41743 8 0
0 41743 9 0
0 41743 10 0
0 41743 11 0
0 41743 12 0
0 47354 13 0
0 47354 14 0
0 47354 15 0
0 47354 0 0
0 47354 1 0
0 47354 2 0
0 41433 3 0
0 41433 4 0
0 41433 5 0
0 41433 6 0
0 41433 7 0
0 41433 8 0
0 5521 9 0
0 5521 10 0
0 5521 11 0
0 5521 12 0
0 5521 13 0
0 5521 14 0
0 25410 15 0
0 25410 0 0
0 25410 1 0
0 25410 2 0
0 25410 3 0
0 25410 4 0
0 2866 5 0
0 2866 6 0
0 2866 7 0
0 2866 8 0
0 2866 9 0
0 2866 10 0
0 29985 11 0
0 29985 12 0
0 29985 13 0
0 29985 14 0
0 29985 15 0
0 29985 0 0
0 14829 1 0
0 14829 2 0
0 14829 3 0
0 14829 4 0
0 14829 5 0
0 14829 6 0
0 50046 7 0
0 50046 8 0
0 50046 9 0
0 50046 10 0
0 50046 11 0
0 50046 12 0
0 42070 13 0
0 42070 14 0
0 42070 15 0
0 42070 0 0
0 42070 1 0
0 42070 2 0
0 64436 3 0
0 64436 4 0
0 64436 5 0
0 64436 6 0
0 64436 7 0
0 64436 8 0
0 24628 9 0
0 24628 10 0
0 24628 11 0
0 24628 12 0
0 24628 13 0
0 24628 14 0
0 21398 15 0
0 21398 0 0
0 21398 1 0
0 21398 2 0
0 21398 3 0
0 21398 4 0
0 64946 5 0
0 64946 6 0
0 64946 7 0
0 64946 8 0
0 64946 9 0
0 64946 10 0
0 4549 11 0
0 4549 12 0
0 4549 13 0
0 4549 14 0
0 4549 15 0
0 4549 0 0
0 8509 1 0
0 8509 2 0
0 8509 3 0
0 8509 4 0
0 8509 5 0
0 8509 6 0
0 13667 7 0
0 13667 8 0
0 13667 9 0
0 13667 10 0
0 13667 11 0
0 13667 12 0
0 3936 13 0
0 3936 14 0
0 3936 15 0
0 3936 0 0
0 3936 1 0
0 3936 2 0
0 6575 3 0
0 6575 4 0
0 6575 5 0
0 6575 6 0
0 6575 7 0
0 6575 8 0
0 10474 9 0
0 10474 10 0
0 10474 11 0
0 10474 12 0
0 10474 13 0
0 10474 14 0
0 5120 15 0
0 5120 0 0
0 5120 1 0
0 5120 2 0
0 5120 3 0
0 5120 4 0
0 52681 5 0
0 52681 6 0
0 52681 7 0
0 52681 8 0
0 52681 9 0
0 52681 10 0
0 35500 11 0
0 35500 12 0
0 35500 13 0
0 35500 14 0
0 35500 15 0
0 35500 0 0
0 53179 1 0
0 53179 2 0
0 53179 3 0
0 53179 4 0
0 53179 5 0
0 53179 6 0
0 13248 7 0
0 13248 8 0
0 13248 9 0
0 13248 10 0
0 13248 11 0
0 13248 12 0
0 43753 13 0
0 43753 14 0
0 43753 15 0
