0 0 0 0
0 0 1 0
0 0 2 0
0 0 3 0
0 0 4 0
0 54270 5 0
0 54270 6 0
0 54270 7 0
0 54270 8 0
0 54270 9 0
0 54270 10 0
0 25548 11 0
0 25548 12 0
0 25548 13 0
0 25548 14 0
0 25548 15 0
0 25548 0 0
0 51555 1 0
0 51555 2 0
0 51555 3 0
0 51555 4 0
0 51555 5 0
0 51555 6 0
0 48518 7 0
0 48518 8 0
0 48518 9 0
0 48518 10 0
0 48518 11 0
0 48518 12 0
0 5795 13 0
0 5795 14 0
0 5795 15 0
0 5795 0 0
0 5795 1 0
0 5795 2 0
0 22676 3 0
0 22676 4 0
0 22676 5 0
0 22676 6 0
0 22676 7 0
0 22676 8 0
0 14512 9 0
0 14512 10 0
0 14512 11 0
0 14512 12 0
0 14512 13 0
0 14512 14 0
0 31618 15 0
0 31618 0 0
0 31618 1 0
0 31618 2 0
0 31618 3 0
0 31618 4 0
0 43587 5 0
0 43587 6 0
0 43587 7 0
0 43587 8 0
0 43587 9 0
0 43587 10 0
0 2148 11 0
0 2148 12 0
0 2148 13 0
0 2148 14 0
0 2148 15 0
0 2148 0 0
0 62459 1 0
0 62459 2 0
0 62459 3 0
0 62459 4 0
0 62459 5 0
0 62459 6 0
0 5135 7 0
0 5135 8 0
0 5135 9 0
0 5135 10 0
0 5135 11 0
0 5135 12 0
0 27701 13 0
0 27701 14 0
0 27701 15 0
0 27701 0 0
0 27701 1 0
0 27701 2 0
0 9487 3 0
0 9487 4 0
0 9487 5 0
0 9487 6 0
0 9487 7 0
0 9487 8 0
0 63489 9 0
0 63489 10 0
0 63489 11 0
0 63489 12 0
0 63489 13 0
0 63489 14 0
0 42454 15 0
0 42454 0 0
0 42454 1 0
0 42454 2 0
0 42454 3 0
0 42454 4 0
0 59665 5 0
0 59665 6 0
0 59665 7 0
0 59665 8 0
0 59665 9 0
0 59665 10 0
0 19414 11 0
0 19414 12 0
0 19414 13 0
0 19414 14 0
0 19414 15 0
0 19414 0 0
0 17802 1 0
0 17802 2 0
0 17802 3 0
0 17802 4 0
0 17802 5 0
0 17802 6 0
0 13476 7 0
0 13476 8 0
0 13476 9 0
0 13476 10 0
0 13476 11 0
0 13476 12 0
0 35210 13 0
0 35210 14 0
0 35210 15 0
0 35210 0 0
0 35210 1 0
0 35210 2 0
0 30219 3 0
0 30219 4 0
0 30219 5 0
0 30219 6 0
0 30219 7 0
0 30219 8 0
0 29868 9 0
0 29868 10 0
0 29868 11 0
0 29868 12 0
0 29868 13 0
0 29868 14 0
0 51983 15 0
0 51983 0 0
0 51983 1 0
0 51983 2 0
0 51983 3 0
0 51983 4 0
0 16681 5 0
0 16681 6 0
0 16681 7 0
0 16681 8 0
0 16681 9 0
0 16681 10 0
0 39939 11 0
0 39939 12 0
0 39939 13 0
0 39939 14 0
0 39939 15 0
0 39939 0 0
0 10816 1 0
0 10816 2 0
0 10816 3 0
0 10816 4 0
0 10816 5 0
0 10816 6 0
0 55628 7 0
0 55628 8 0
0 55628 9 0
0 55628 10 0
0 55628 11 0
0 55628 12 0
0 51928 13 0
0 51928 14 0
0 51928 15 0
0 51928 0 0
0 51928 1 0
0 51928 2 0
0 46025 3 0
0 46025 4 0
0 46025 5 0
0 46025 6 0
0 46025 7 0
0 46025 8 0
0 4806 9 0
0 4806 10 0
0 4806 11 0
0 4806 12 0
0 4806 13 0
0 4806 14 0
0 18104 15 0
0 18104 0 0
0 18104 1 0
0 18104 2 0
0 18104 3 0
0 18104 4 0
0 28063 5 0
0 28063 6 0
0 28063 7 0
0 28063 8 0
0 28063 9 0
0 28063 10 0
0 34120 11 0
0 34120 12 0
0 34120 13 0
0 34120 14 0
0 34120 15 0
0 34120 0 0
0 19758 1 0
0 19758 2 0
0 19758 3 0
0 19758 4 0
0 19758 5 0
0 19758 6 0
0 25421 7 0
0 25421 8 0
0 25421 9 0
0 25421 10 0
0 25421 11 0
0 25421 12 0
0 11735 13 0
0 11735 14 0
0 11735 15 0
0 11735 0 0
0 11735 1 0
0 11735 2 0
0 9455 3 0
0 9455 4 0
0 9455 5 0
0 9455 6 0
0 9455 7 0
0 9455 8 0
0 6987 9 0
0 6987 10 0
0 6987 11 0
0 6987 12 0
0 6987 13 0
0 6987 14 0
0 6556 15 0
0 6556 0 0
0 6556 1 0
0 6556 2 0
0 6556 3 0
0 6556 4 0
0 27563 5 0
0 27563 6 0
0 27563 7 0
0 27563 8 0
0 27563 9 0
0 27563 10 0
0 16225 11 0
0 16225 12 0
0 16225 13 0
0 16225 14 0
0 16225 15 0
0 16225 0 0
0 25083 1 0
0 25083 2 0
0 25083 3 0
0 25083 4 0
0 25083 5 0
0 25083 6 0
0 27563 7 0
0 27563 8 0
0 27563 9 0
0 27563 10 0
0 27563 11 0
0 27563 12 0
0 19358 13 0
0 19358 14 0
0 19358 15 0
0 19358 0 0
0 19358 1 0
0 19358 2 0
0 5379 3 0
0 5379 4 0
0 5379 5 0
0 5379 6 0
0 5379 7 0
0 5379 8 0
0 33572 9 0
0 33572 10 0
0 33572 11 0
0 33572 12 0
0 33572 13 0
0 33572 14 0
0 11696 15 0
0 11696 0 0
0 11696 1 0
0 11696 2 0
0 11696 3 0
0 11696 4 0
0 36755 5 0
0 36755 6 0
0 36755 7 0
0 36755 8 0
0 36755 9 0
0 36755 10 0
0 25053 11 0
0 25053 12 0
0 25053 13 0
0 25053 14 0
0 25053 15 0
0 25053 0 0
0 43830 1 0
0 43830 2 0
0 43830 3 0
0 43830 4 0
0 43830 5 0
0 43830 6 0
0 53611 7 0
0 53611 8 0
0 53611 9 0
0 53611 10 0
0 53611 11 0
0 53611 12 0
0 21963 13 0
0 21963 14 0
0 21963 15 0
0 21963 0 0
0 21963 1 0
0 21963 2 0
0 37692 3 0
0 37692 4 0
0 37692 5 0
0 37692 6 0
0 37692 7 0
0 37692 8 0
0 20220 9 0
0 20220 10 0
0 20220 11 0
0 20220 12 0
0 20220 13 0
0 20220 14 0
0 9802 15 0
0 9802 0 0
0 9802 1 0
0 9802 2 0
0 9802 3 0
0 9802 4 0
0 54874 5 0
0 54874 6 0
0 54874 7 0
0 54874 8 0
0 54874 9 0
0 54874 10 0
0 31256 11 0
0 31256 12 0
0 31256 13 0
0 31256 14 0
0 31256 15 0
0 31256 0 0
0 2797 1 0
0 2797 2 0
0 2797 3 0
0 2797 4 0
0 2797 5 0
0 2797 6 0
0 35407 7 0
0 35407 8 0
0 35407 9 0
0 35407 10 0
0 35407 11 0
0 35407 12 0
0 65356 13 0
0 65356 14 0
0 65356 15 0
0 65356 0 0
0 65356 1 0
0 65356 2 0
0 22566 3 0
0 22566 4 0
0 22566 5 0
0 22566 6 0
0 22566 7 0
0 22566 8 0
0 17412 9 0
0 17412 10 0
0 17412 11 0
0 17412 12 0
0 17412 13 0
0 17412 14 0
0 63364 15 0
0 63364 0 0
0 63364 1 0
0 63364 2 0
0 63364 3 0
0 63364 4 0
0 14805 5 0
0 14805 6 0
0 14805 7 0
0 14805 8 0
0 14805 9 0
0 14805 10 0
0 12634 11 0
0 12634 12 0
0 12634 13 0
0 12634 14 0
0 12634 15 0
0 12634 0 0
0 6862 1 0
0 6862 2 0
0 6862 3 0
0 6862 4 0
0 6862 5 0
0 6862 6 0
0 43994 7 0
0 43994 8 0
0 43994 9 0
0 43994 10 0
0 43994 11 0
0 43994 12 0
0 42656 13 0
0 42656 14 0
0 42656 15 0
0 42656 0 0
0 42656 1 0
0 42656 2 0
0 39141 3 0
0 39141 4 0
0 39141 5 0
0 39141 6 0
0 39141 7 0
0 39141 8 0
0 12715 9 0
0 12715 10 0
0 12715 11 0
0 12715 12 0
0 12715 13 0
0 12715 14 0
0 16866 15 0
0 16866 0 0
0 16866 1 0
0 16866 2 0
0 16866 3 0
0 16866 4 0
0 797 5 0
0 797 6 0
0 797 7 0
0 797 8 0
0 797 9 0
0 797 10 0
0 46653 11 0
0 46653 12 0
0 46653 13 0
0 46653 14 0
0 46653 15 0
0 46653 0 0
0 51598 1 0
0 51598 2 0
0 51598 3 0
0 51598 4 0
0 51598 5 0
0 51598 6 0
0 62800 7 0
0 62800 8 0
0 62800 9 0
0 62800 10 0
0 62800 11 0
0 62800 12 0
0 20705 13 0
0 20705 14 0
0 20705 15 0
0 20705 0 0
0 20705 1 0
0 20705 2 0
0 58212 3 0
0 58212 4 0
0 58212 5 0
0 58212 6 0
0 58212 7 0
0 58212 8 0
0 31672 9 0
0 31672 10 0
0 31672 11 0
0 31672 12 0
0 31672 13 0
0 31672 14 0
0 49305 15 0
0 49305 0 0
0 49305 1 0
0 49305 2 0
0 49305 3 0
0 49305 4 0
0 22878 5 0
0 22878 6 0
0 22878 7 0
0 22878 8 0
0 22878 9 0
0 22878 10 0
0 29733 11 0
0 29733 12 0
0 29733 13 0
0 29733 14 0
0 29733 15 0
0 29733 0 0
0 24722 1 0
0 24722 2 0
0 24722 3 0
0 24722 4 0
0 24722 5 0
0 24722 6 0
0 37129 7 0
0 37129 8 0
0 37129 9 0
0 37129 10 0
0 37129 11 0
0 37129 12 0
0 46284 13 0
0 46284 14 0
0 46284 15 0
0 46284 0 0
0 46284 1 0
0 46284 2 0
0 31199 3 0
0 31199 4 0
0 31199 5 0
0 31199 6 0
0 31199 7 0
0 31199 8 0
0 733 9 0
0 733 10 0
0 733 11 0
0 733 12 0
0 733 13 0
0 733 14 0
0 9475 15 0
0 9475 0 0
0 9475 1 0
0 9475 2 0
0 9475 3 0
0 9475 4 0
0 49649 5 0
0 49649 6 0
0 49649 7 0
0 49649 8 0
0 49649 9 0
0 49649 10 0
0 46467 11 0
0 46467 12 0
0 46467 13 0
0 46467 14 0
0 46467 15 0
0 46467 0 0
0 48614 1 0
0 48614 2 0
0 48614 3 0
0 48614 4 0
0 48614 5 0
0 48614 6 0
0 52170 7 0
0 52170 8 0
0 52170 9 0
0 52170 10 0
0 52170 11 0
0 52170 12 0
0 28303 13 0
0 28303 14 0
0 28303 15 0
0 28303 0 0
0 28303 1 0
0 28303 2 0
0 16637 3 0
0 16637 4 0
0 16637 5 0
0 16637 6 0
0 16637 7 0
0 16637 8 0
0 25051 9 0
0 25051 10 0
0 25051 11 0
0 25051 12 0
0 25051 13 0
0 25051 14 0
0 65150 15 0
0 65150 0 0
0 65150 1 0
0 65150 2 0
0 65150 3 0
0 65150 4 0
0 26860 5 0
0 26860 6 0
0 26860 7 0
0 26860 8 0
0 26860 9 0
0 26860 10 0
0 10564 11 0
0 10564 12 0
0 10564 13 0
0 10564 14 0
0 10564 15 0
0 10564 0 0
0 33751 1 0
0 33751 2 0
0 33751 3 0
0 33751 4 0
0 33751 5 0
0 33751 6 0
0 7110 7 0
0 7110 8 0
0 7110 9 0
0 7110 10 0
0 7110 11 0
0 7110 12 0
0 53946 13 0
0 53946 14 0
0 53946 15 0
0 53946 0 0
0 53946 1 0
0 53946 2 0
0 18760 3 0
0 18760 4 0
0 18760 5 0
0 18760 6 0
0 18760 7 0
0 18760 8 0
0 57845 9 0
0 57845 10 0
0 57845 11 0
0 57845 12 0
0 57845 13 0
0 57845 14 0
0 12716 15 0
0 12716 0 0
0 12716 1 0
0 12716 2 0
0 12716 3 0
0 12716 4 0
0 56959 5 0
0 56959 6 0
0 56959 7 0
0 56959 8 0
0 56959 9 0
0 56959 10 0
0 56579 11 0
0 56579 12 0
0 56579 13 0
0 56579 14 0
0 56579 15 0
0 56579 0 0
0 21265 1 0
0 21265 2 0
0 21265 3 0
0 21265 4 0
0 21265 5 0
0 21265 6 0
0 45140 7 0
0 45140 8 0
0 45140 9 0
0 45140 10 0
0 45140 11 0
0 45140 12 0
0 47178 13 0
0 47178 14 0
0 47178 15 0
0 47178 0 0
0 47178 1 0
0 47178 2 0
0 38424 3 0
0 38424 4 0
0 38424 5 0
0 38424 6 0
0 38424 7 0
0 38424 8 0
0 41507 9 0
0 41507 10 0
0 41507 11 0
0 41507 12 0
0 41507 13 0
0 41507 14 0
0 52760 15 0
0 52760 0 0
0 52760 1 0
0 52760 2 0
0 52760 3 0
0 52760 4 0
0 60032 5 0
0 60032 6 0
0 60032 7 0
0 60032 8 0
0 60032 9 0
0 60032 10 0
0 35824 11 0
0 35824 12 0
0 35824 13 0
0 35824 14 0
0 35824 15 0
0 35824 0 0
0 26301 1 0
0 26301 2 0
0 26301 3 0
0 26301 4 0
0 26301 5 0
0 26301 6 0
0 11477 7 0
0 11477 8 0
0 11477 9 0
0 11477 10 0
0 11477 11 0
0 11477 12 0
0 23242 13 0
0 23242 14 0
0 23242 15 0
0 23242 0 0
0 23242 1 0
0 23242 2 0
0 32998 3 0
0 32998 4 0
0 32998 5 0
0 32998 6 0
0 32998 7 0
0 32998 8 0
0 20835 9 0
0 20835 10 0
0 20835 11 0
0 20835 12 0
0 20835 13 0
0 20835 14 0
0 2866 15 0
0 2866 0 0
0 2866 1 0
0 2866 2 0
0 2866 3 0
0 2866 4 0
0 49653 5 0
0 49653 6 0
0 49653 7 0
0 49653 8 0
0 49653 9 0
0 49653 10 0
0 11765 11 0
0 11765 12 0
0 11765 13 0
0 11765 14 0
0 11765 15 0
0 11765 0 0
0 39548 1 0
0 39548 2 0
0 39548 3 0
0 39548 4 0
0 39548 5 0
0 39548 6 0
0 64107 7 0
0 64107 8 0
0 64107 9 0
0 64107 10 0
0 64107 11 0
0 64107 12 0
0 40238 13 0
0 40238 14 0
0 40238 15 0
0 40238 0 0
0 40238 1 0
0 40238 2 0
0 50756 3 0
0 50756 4 0
0 50756 5 0
0 50756 6 0
0 50756 7 0
0 50756 8 0
0 52241 9 0
0 52241 10 0
0 52241 11 0
0 52241 12 0
0 52241 13 0
0 52241 14 0
0 11035 15 0
0 11035 0 0
0 11035 1 0
0 11035 2 0
0 11035 3 0
0 11035 4 0
0 47916 5 0
0 47916 6 0
0 47916 7 0
0 47916 8 0
0 47916 9 0
0 47916 10 0
0 43746 11 0
0 43746 12 0
0 43746 13 0
0 43746 14 0
0 43746 15 0
0 43746 0 0
0 52954 1 0
0 52954 2 0
0 52954 3 0
0 52954 4 0
0 52954 5 0
0 52954 6 0
0 39047 7 0
0 39047 8 0
0 39047 9 0
0 39047 10 0
0 39047 11 0
0 39047 12 0
0 43754 13 0
0 43754 14 0
0 43754 15 0
0 43754 0 0
0 43754 1 0
0 43754 2 0
0 9742 3 0
0 9742 4 0
0 9742 5 0
0 9742 6 0
0 9742 7 0
0 9742 8 0
0 5620 9 0
0 5620 10 0
0 5620 11 0
0 5620 12 0
0 5620 13 0
0 5620 14 0
0 36671 15 0
0 36671 0 0
0 36671 1 0
0 36671 2 0
0 36671 3 0
0 36671 4 0
0 19199 5 0
0 19199 6 0
0 19199 7 0
0 19199 8 0
0 19199 9 0
0 19199 10 0
0 59154 11 0
0 59154 12 0
0 59154 13 0
0 59154 14 0
0 59154 15 0
0 59154 0 0
0 56101 1 0
0 56101 2 0
0 56101 3 0
0 56101 4 0
0 56101 5 0
0 56101 6 0
0 6019 7 0
0 6019 8 0
0 6019 9 0
0 6019 10 0
0 6019 11 0
0 6019 12 0
0 27736 13 0
0 27736 14 0
0 27736 15 0
0 27736 0 0
0 27736 1 0
0 27736 2 0
0 58631 3 0
0 58631 4 0
0 58631 5 0
0 58631 6 0
0 58631 7 0
0 58631 8 0
0 22575 9 0
0 22575 10 0
0 22575 11 0
0 22575 12 0
0 22575 13 0
0 22575 14 0
0 51643 15 0
0 51643 0 0
0 51643 1 0
0 51643 2 0
0 51643 3 0
0 51643 4 0
0 44609 5 0
0 44609 6 0
0 44609 7 0
0 44609 8 0
0 44609 9 0
0 44609 10 0
0 58477 11 0
0 58477 12 0
0 58477 13 0
0 58477 14 0
0 58477 15 0
0 58477 0 0
0 39959 1 0
0 39959 2 0
0 39959 3 0
0 39959 4 0
0 39959 5 0
0 39959 6 0
0 7616 7 0
0 7616 8 0
0 7616 9 0
0 7616 10 0
0 7616 11 0
0 7616 12 0
0 43850 13 0
0 43850 14 0
0 43850 15 0
0 43850 0 0
0 43850 1 0
0 43850 2 0
0 22993 3 0
0 22993 4 0
0 22993 5 0
0 22993 6 0
0 22993 7 0
0 22993 8 0
0 33889 9 0
0 33889 10 0
0 33889 11 0
0 33889 12 0
0 33889 13 0
0 33889 14 0
0 16088 15 0
0 16088 0 0
0 16088 1 0
0 16088 2 0
0 16088 3 0
0 16088 4 0
0 9997 5 0
0 9997 6 0
0 9997 7 0
0 9997 8 0
0 9997 9 0
0 9997 10 0
0 30449 11 0
0 30449 12 0
0 30449 13 0
0 30449 14 0
0 30449 15 0
0 30449 0 0
0 887 1 0
0 887 2 0
0 887 3 0
0 887 4 0
0 887 5 0
0 887 6 0
0 58129 7 0
0 58129 8 0
0 58129 9 0
0 58129 10 0
0 58129 11 0
0 58129 12 0
0 33353 13 0
0 33353 14 0
0 33353 15 0
0 33353 0 0
0 33353 1 0
0 33353 2 0
0 25646 3 0
0 25646 4 0
0 25646 5 0
0 25646 6 0
0 25646 7 0
0 25646 8 0
0 28500 9 0
0 28500 10 0
0 28500 11 0
0 28500 12 0
0 28500 13 0
0 28500 14 0
0 28405 15 0
0 28405 0 0
0 28405 1 0
0 28405 2 0
0 28405 3 0
0 28405 4 0
0 28564 5 0
0 28564 6 0
0 28564 7 0
0 28564 8 0
0 28564 9 0
0 28564 10 0
0 25430 11 0
0 25430 12 0
0 25430 13 0
0 25430 14 0
0 25430 15 0
0 25430 0 0
0 53936 1 0
0 53936 2 0
0 53936 3 0
0 53936 4 0
0 53936 5 0
0 53936 6 0
0 4775 7 0
0 4775 8 0
0 4775 9 0
0 4775 10 0
0 4775 11 0
0 4775 12 0
0 33805 13 0
0 33805 14 0
0 33805 15 0
0 33805 0 0
0 33805 1 0
0 33805 2 0
0 58222 3 0
0 58222 4 0
0 58222 5 0
0 58222 6 0
0 58222 7 0
0 58222 8 0
0 39902 9 0
0 39902 10 0
0 39902 11 0
0 39902 12 0
0 39902 13 0
0 39902 14 0
0 40254 15 0
0 40254 0 0
0 40254 1 0
0 40254 2 0
0 40254 3 0
0 40254 4 0
0 32330 5 0
0 32330 6 0
0 32330 7 0
0 32330 8 0
0 32330 9 0
0 32330 10 0
0 21479 11 0
0 21479 12 0
0 21479 13 0
0 21479 14 0
0 21479 15 0
0 21479 0 0
0 6877 1 0
0 6877 2 0
0 6877 3 0
0 6877 4 0
0 6877 5 0
0 6877 6 0
0 21643 7 0
0 21643 8 0
0 21643 9 0
0 21643 10 0
0 21643 11 0
0 21643 12 0
0 36298 13 0
0 36298 14 0
0 36298 15 0
0 36298 0 0
0 36298 1 0
0 36298 2 0
0 49432 3 0
0 49432 4 0
0 49432 5 0
0 49432 6 0
0 49432 7 0
0 49432 8 0
0 61684 9 0
0 61684 10 0
0 61684 11 0
0 61684 12 0
0 61684 13 0
0 61684 14 0
0 37902 15 0
0 37902 0 0
0 37902 1 0
0 37902 2 0
0 37902 3 0
0 37902 4 0
0 44598 5 0
0 44598 6 0
0 44598 7 0
0 44598 8 0
0 44598 9 0
0 44598 10 0
0 44306 11 0
0 44306 12 0
0 44306 13 0
0 44306 14 0
0 44306 15 0
0 44306 0 0
0 36657 1 0
0 36657 2 0
0 36657 3 0
0 36657 4 0
0 36657 5 0
0 36657 6 0
0 27296 7 0
0 27296 8 0
0 27296 9 0
0 27296 10 0
0 27296 11 0
0 27296 12 0
0 4817 13 0
0 4817 14 0
0 4817 15 0
0 4817 0 0
0 4817 1 0
0 4817 2 0
0 20085 3 0
0 20085 4 0
0 20085 5 0
0 20085 6 0
0 20085 7 0
0 20085 8 0
0 42918 9 0
0 42918 10 0
0 42918 11 0
0 42918 12 0
0 42918 13 0
0 42918 14 0
0 12415 15 0
0 12415 0 0
0 12415 1 0
0 12415 2 0
0 12415 3 0
0 12415 4 0
0 56286 5 0
0 56286 6 0
0 56286 7 0
0 56286 8 0
0 56286 9 0
0 56286 10 0
0 21924 11 0
0 21924 12 0
0 21924 13 0
0 21924 14 0
0 21924 15 0
0 21924 0 0
0 48841 1 0
0 48841 2 0
0 48841 3 0
0 48841 4 0
0 48841 5 0
0 48841 6 0
0 2447 7 0
0 2447 8 0
0 2447 9 0
0 2447 10 0
0 2447 11 0
0 2447 12 0
0 57963 13 0
0 57963 14 0
0 57963 15 0
0 57963 0 0
0 57963 1 0
0 57963 2 0
0 22241 3 0
0 22241 4 0
0 22241 5 0
0 22241 6 0
0 22241 7 0
0 22241 8 0
0 2170 9 0
0 2170 10 0
0 2170 11 0
0 2170 12 0
0 2170 13 0
0 2170 14 0
0 50356 15 0
0 50356 0 0
0 50356 1 0
0 50356 2 0
0 50356 3 0
0 50356 4 0
0 14998 5 0
0 14998 6 0
0 14998 7 0
0 14998 8 0
0 14998 9 0
0 14998 10 0
0 45310 11 0
0 45310 12 0
0 45310 13 0
0 45310 14 0
0 45310 15 0
0 45310 0 0
0 21946 1 0
0 21946 2 0
0 21946 3 0
0 21946 4 0
0 21946 5 0
0 21946 6 0
0 45306 7 0
0 45306 8 0
0 45306 9 0
0 45306 10 0
0 45306 11 0
0 45306 12 0
0 9399 13 0
0 9399 14 0
0 9399 15 0
0 9399 0 0
0 9399 1 0
0 9399 2 0
0 38486 3 0
0 38486 4 0
0 38486 5 0
0 38486 6 0
0 38486 7 0
0 38486 8 0
0 42685 9 0
0 42685 10 0
0 42685 11 0
0 42685 12 0
0 42685 13 0
0 42685 14 0
0 15925 15 0
0 15925 0 0
0 15925 1 0
0 15925 2 0
0 15925 3 0
0 15925 4 0
0 10484 5 0
0 10484 6 0
0 10484 7 0
0 10484 8 0
0 10484 9 0
0 10484 10 0
0 53299 11 0
0 53299 12 0
0 53299 13 0
0 53299 14 0
0 53299 15 0
0 53299 0 0
0 13609 1 0
0 13609 2 0
0 13609 3 0
0 13609 4 0
0 13609 5 0
0 13609 6 0
0 64412 7 0
0 64412 8 0
0 64412 9 0
0 64412 10 0
0 64412 11 0
0 64412 12 0
0 22669 13 0
0 22669 14 0
0 22669 15 0
0 22669 0 0
0 22669 1 0
0 22669 2 0
0 18427 3 0
0 18427 4 0
0 18427 5 0
0 18427 6 0
0 18427 7 0
0 18427 8 0
0 47799 9 0
0 47799 10 0
0 47799 11 0
0 47799 12 0
0 47799 13 0
0 47799 14 0
0 11699 15 0
0 11699 0 0
0 11699 1 0
0 11699 2 0
0 11699 3 0
0 11699 4 0
0 20767 5 0
0 20767 6 0
0 20767 7 0
0 20767 8 0
0 20767 9 0
0 20767 10 0
0 48034 11 0
0 48034 12 0
0 48034 13 0
0 48034 14 0
0 48034 15 0
0 48034 0 0
0 29331 1 0
0 29331 2 0
0 29331 3 0
0 29331 4 0
0 29331 5 0
0 29331 6 0
0 8415 7 0
0 8415 8 0
0 8415 9 0
0 8415 10 0
0 8415 11 0
0 8415 12 0
0 22914 13 0
0 22914 14 0
0 22914 15 0
0 22914 0 0
0 22914 1 0
0 22914 2 0
0 53763 3 0
0 53763 4 0
0 53763 5 0
0 53763 6 0
0 53763 7 0
0 53763 8 0
0 56665 9 0
0 56665 10 0
0 56665 11 0
0 56665 12 0
0 56665 13 0
0 56665 14 0
0 39942 15 0
0 39942 0 0
0 39942 1 0
0 39942 2 0
0 39942 3 0
0 39942 4 0
0 57896 5 0
0 57896 6 0
0 57896 7 0
0 57896 8 0
0 57896 9 0
0 57896 10 0
0 46538 11 0
0 46538 12 0
0 46538 13 0
0 46538 14 0
0 46538 15 0
0 46538 0 0
0 12657 1 0
0 12657 2 0
0 12657 3 0
0 12657 4 0
0 12657 5 0
0 12657 6 0
0 36887 7 0
0 36887 8 0
0 36887 9 0
0 36887 10 0
0 36887 11 0
0 36887 12 0
0 44097 13 0
0 44097 14 0
0 44097 15 0
0 44097 0 0
0 44097 1 0
0 44097 2 0
0 29742 3 0
0 29742 4 0
0 29742 5 0
0 29742 6 0
0 29742 7 0
0 29742 8 0
0 23952 9 0
0 23952 10 0
0 23952 11 0
0 23952 12 0
0 23952 13 0
0 23952 14 0
0 40770 15 0
0 40770 0 0
0 40770 1 0
0 40770 2 0
0 40770 3 0
0 40770 4 0
0 15785 5 0
0 15785 6 0
0 15785 7 0
0 15785 8 0
0 15785 9 0
0 15785 10 0
0 35880 11 0
0 35880 12 0
0 35880 13 0
0 35880 14 0
0 35880 15 0
0 35880 0 0
0 7250 1 0
0 7250 2 0
0 7250 3 0
0 7250 4 0
0 7250 5 0
0 7250 6 0
0 38631 7 0
0 38631 8 0
0 38631 9 0
0 38631 10 0
0 38631 11 0
0 38631 12 0
0 49339 13 0
0 49339 14 0
0 49339 15 0
0 49339 0 0
0 49339 1 0
0 49339 2 0
0 24714 3 0
0 24714 4 0
0 24714 5 0
0 24714 6 0
0 24714 7 0
0 24714 8 0
0 24972 9 0
0 24972 10 0
0 24972 11 0
0 24972 12 0
0 24972 13 0
0 24972 14 0
0 43154 15 0
0 43154 0 0
0 43154 1 0
0 43154 2 0
0 43154 3 0
0 43154 4 0
0 47968 5 0
0 47968 6 0
0 47968 7 0
0 47968 8 0
0 47968 9 0
0 47968 10 0
0 15553 11 0
0 15553 12 0
0 15553 13 0
0 15553 14 0
0 15553 15 0
0 15553 0 0
0 45887 1 0
0 45887 2 0
0 45887 3 0
0 45887 4 0
0 45887 5 0
0 45887 6 0
0 27968 7 0
0 27968 8 0
0 27968 9 0
0 27968 10 0
0 27968 11 0
0 27968 12 0
0 28053 13 0
0 28053 14 0
0 28053 15 0
0 28053 0 0
0 28053 1 0
0 28053 2 0
0 37401 3 0
0 37401 4 0
0 37401 5 0
0 37401 6 0
0 37401 7 0
0 37401 8 0
0 19071 9 0
0 19071 10 0
0 19071 11 0
0 19071 12 0
0 19071 13 0
0 19071 14 0
0 51732 15 0
0 51732 0 0
0 51732 1 0
0 51732 2 0
0 51732 3 0
0 51732 4 0
0 47964 5 0
0 47964 6 0
0 47964 7 0
0 47964 8 0
0 47964 9 0
0 47964 10 0
0 24579 11 0
0 24579 12 0
0 24579 13 0
0 24579 14 0
0 24579 15 0
0 24579 0 0
0 24223 1 0
0 24223 2 0
0 24223 3 0
0 24223 4 0
0 24223 5 0
0 24223 6 0
0 33353 7 0
0 33353 8 0
0 33353 9 0
0 33353 10 0
0 33353 11 0
0 33353 12 0
0 3388 13 0
0 3388 14 0
0 3388 15 0
0 3388 0 0
0 3388 1 0
0 3388 2 0
0 32558 3 0
0 32558 4 0
0 32558 5 0
0 32558 6 0
0 32558 7 0
0 32558 8 0
0 44016 9 0
0 44016 10 0
0 44016 11 0
0 44016 12 0
0 44016 13 0
0 44016 14 0
0 19232 15 0
0 19232 0 0
0 19232 1 0
0 19232 2 0
0 19232 3 0
0 19232 4 0
0 13837 5 0
0 13837 6 0
0 13837 7 0
0 13837 8 0
0 13837 9 0
0 13837 10 0
0 19613 11 0
0 19613 12 0
0 19613 13 0
0 19613 14 0
0 19613 15 0
0 19613 0 0
0 37667 1 0
0 37667 2 0
0 37667 3 0
0 37667 4 0
0 37667 5 0
0 37667 6 0
0 3361 7 0
0 3361 8 0
0 3361 9 0
0 3361 10 0
0 3361 11 0
0 3361 12 0
0 34944 13 0
0 34944 14 0
0 34944 15 0
0 34944 0 0
0 34944 1 0
0 34944 2 0
0 28986 3 0
0 28986 4 0
0 28986 5 0
0 28986 6 0
0 28986 7 0
0 28986 8 0
0 44884 9 0
0 44884 10 0
0 44884 11 0
0 44884 12 0
0 44884 13 0
0 44884 14 0
0 46618 15 0
0 46618 0 0
0 46618 1 0
0 46618 2 0
0 46618 3 0
0 46618 4 0
0 21257 5 0
0 21257 6 0
0 21257 7 0
0 21257 8 0
0 21257 9 0
0 21257 10 0
0 45207 11 0
0 45207 12 0
0 45207 13 0
0 45207 14 0
0 45207 15 0
0 45207 0 0
0 14543 1 0
0 14543 2 0
0 14543 3 0
0 14543 4 0
0 14543 5 0
0 14543 6 0
0 46156 7 0
0 46156 8 0
0 46156 9 0
0 46156 10 0
0 46156 11 0
0 46156 12 0
0 7284 13 0
0 7284 14 0
0 7284 15 0
0 7284 0 0
0 7284 1 0
0 7284 2 0
0 46145 3 0
0 46145 4 0
0 46145 5 0
0 46145 6 0
0 46145 7 0
0 46145 8 0
0 31714 9 0
0 31714 10 0
0 31714 11 0
0 31714 12 0
0 31714 13 0
0 31714 14 0
0 54462 15 0
0 54462 0 0
0 54462 1 0
0 54462 2 0
0 54462 3 0
0 54462 4 0
0 4979 5 0
0 4979 6 0
0 4979 7 0
0 4979 8 0
0 4979 9 0
0 4979 10 0
0 12875 11 0
0 12875 12 0
0 12875 13 0
0 12875 14 0
0 12875 15 0
0 12875 0 0
0 27876 1 0
0 27876 2 0
0 27876 3 0
0 27876 4 0
0 27876 5 0
0 27876 6 0
0 58559 7 0
0 58559 8 0
0 58559 9 0
0 58559 10 0
0 58559 11 0
0 58559 12 0
0 61046 13 0
0 61046 14 0
0 61046 15 0
0 61046 0 0
0 61046 1 0
0 61046 2 0
0 38492 3 0
0 38492 4 0
0 38492 5 0
0 38492 6 0
0 38492 7 0
0 38492 8 0
0 65311 9 0
0 65311 10 0
0 65311 11 0
0 65311 12 0
0 65311 13 0
0 65311 14 0
0 12172 15 0
0 12172 0 0
0 12172 1 0
0 12172 2 0
0 12172 3 0
0 12172 4 0
0 371 5 0
0 371 6 0
0 371 7 0
0 371 8 0
0 371 9 0
0 371 10 0
0 24595 11 0
0 24595 12 0
0 24595 13 0
0 24595 14 0
0 24595 15 0
0 24595 0 0
0 11501 1 0
0 11501 2 0
0 11501 3 0
0 11501 4 0
0 11501 5 0
0 11501 6 0
0 6959 7 0
0 6959 8 0
0 6959 9 0
0 6959 10 0
0 6959 11 0
0 6959 12 0
0 58244 13 0
0 58244 14 0
0 58244 15 0
0 58244 0 0
0 58244 1 0
0 58244 2 0
0 50692 3 0
0 50692 4 0
0 50692 5 0
0 50692 6 0
0 50692 7 0
0 50692 8 0
0 52188 9 0
0 52188 10 0
0 52188 11 0
0 52188 12 0
0 52188 13 0
0 52188 14 0
0 42236 15 0
0 42236 0 0
0 42236 1 0
0 42236 2 0
0 42236 3 0
0 42236 4 0
0 16742 5 0
0 16742 6 0
0 16742 7 0
0 16742 8 0
0 16742 9 0
0 16742 10 0
0 41328 11 0
0 41328 12 0
0 41328 13 0
0 41328 14 0
0 41328 15 0
0 41328 0 0
0 17412 1 0
0 17412 2 0
0 17412 3 0
0 17412 4 0
0 17412 5 0
0 17412 6 0
0 5091 7 0
0 5091 8 0
0 5091 9 0
0 5091 10 0
0 5091 11 0
0 5091 12 0
0 5361 13 0
0 5361 14 0
0 5361 15 0
0 5361 0 0
0 5361 1 0
0 5361 2 0
0 58030 3 0
0 58030 4 0
0 58030 5 0
0 58030 6 0
0 58030 7 0
0 58030 8 0
0 17621 9 0
0 17621 10 0
0 17621 11 0
0 17621 12 0
0 17621 13 0
0 17621 14 0
0 30509 15 0
0 30509 0 0
0 30509 1 0
0 30509 2 0
0 30509 3 0
0 30509 4 0
0 7320 5 0
0 7320 6 0
0 7320 7 0
0 7320 8 0
0 7320 9 0
0 7320 10 0
0 38446 11 0
0 38446 12 0
0 38446 13 0
0 38446 14 0
0 38446 15 0
0 38446 0 0
0 59635 1 0
0 59635 2 0
0 59635 3 0
0 59635 4 0
0 59635 5 0
0 59635 6 0
0 58951 7 0
0 58951 8 0
0 58951 9 0
0 58951 10 0
0 58951 11 0
0 58951 12 0
0 20319 13 0
0 20319 14 0
0 20319 15 0
0 20319 0 0
0 20319 1 0
0 20319 2 0
0 28908 3 0
0 28908 4 0
0 28908 5 0
0 28908 6 0
0 28908 7 0
0 28908 8 0
0 39387 9 0
0 39387 10 0
0 39387 11 0
0 39387 12 0
0 39387 13 0
0 39387 14 0
0 14914 15 0
0 14914 0 0
0 14914 1 0
0 14914 2 0
0 14914 3 0
0 14914 4 0
0 61403 5 0
0 61403 6 0
0 61403 7 0
0 61403 8 0
0 61403 9 0
0 61403 10 0
0 41285 11 0
0 41285 12 0
0 41285 13 0
0 41285 14 0
0 41285 15 0
0 41285 0 0
0 28454 1 0
0 28454 2 0
0 28454 3 0
0 28454 4 0
0 28454 5 0
0 28454 6 0
0 8169 7 0
0 8169 8 0
0 8169 9 0
0 8169 10 0
0 8169 11 0
0 8169 12 0
0 32722 13 0
0 32722 14 0
0 32722 15 0
0 32722 0 0
0 32722 1 0
0 32722 2 0
0 47575 3 0
0 47575 4 0
0 47575 5 0
0 47575 6 0
0 47575 7 0
0 47575 8 0
0 59696 9 0
0 59696 10 0
0 59696 11 0
0 59696 12 0
0 59696 13 0
0 59696 14 0
0 7923 15 0
0 7923 0 0
0 7923 1 0
0 7923 2 0
0 7923 3 0
0 7923 4 0
0 13575 5 0
0 13575 6 0
0 13575 7 0
0 13575 8 0
0 13575 9 0
0 13575 10 0
0 14122 11 0
0 14122 12 0
0 14122 13 0
0 14122 14 0
0 14122 15 0
0 14122 0 0
0 23437 1 0
0 23437 2 0
0 23437 3 0
0 23437 4 0
0 23437 5 0
0 23437 6 0
0 38067 7 0
0 38067 8 0
0 38067 9 0
0 38067 10 0
0 38067 11 0
0 38067 12 0
0 36915 13 0
0 36915 14 0
0 36915 15 0
0 36915 0 0
0 36915 1 0
0 36915 2 0
0 30845 3 0
0 30845 4 0
0 30845 5 0
0 30845 6 0
0 30845 7 0
0 30845 8 0
0 52252 9 0
0 52252 10 0
0 52252 11 0
0 52252 12 0
0 52252 13 0
0 52252 14 0
0 36212 15 0
0 36212 0 0
0 36212 1 0
0 36212 2 0
0 36212 3 0
0 36212 4 0
0 52658 5 0
0 52658 6 0
0 52658 7 0
0 52658 8 0
0 52658 9 0
0 52658 10 0
0 27649 11 0
0 27649 12 0
0 27649 13 0
0 27649 14 0
0 27649 15 0
0 27649 0 0
0 40943 1 0
0 40943 2 0
0 40943 3 0
0 40943 4 0
0 40943 5 0
0 40943 6 0
0 63163 7 0
0 63163 8 0
0 63163 9 0
0 63163 10 0
0 63163 11 0
0 63163 12 0
0 29492 13 0
0 29492 14 0
0 29492 15 0
0 29492 0 0
0 29492 1 0
0 29492 2 0
0 60923 3 0
0 60923 4 0
0 60923 5 0
0 60923 6 0
0 60923 7 0
0 60923 8 0
0 9138 9 0
0 9138 10 0
0 9138 11 0
0 9138 12 0
0 9138 13 0
0 9138 14 0
0 41475 15 0
0 41475 0 0
0 41475 1 0
0 41475 2 0
0 41475 3 0
0 41475 4 0
0 10275 5 0
0 10275 6 0
0 10275 7 0
0 10275 8 0
0 10275 9 0
0 10275 10 0
0 25608 11 0
0 25608 12 0
0 25608 13 0
0 25608 14 0
0 25608 15 0
0 25608 0 0
0 22550 1 0
0 22550 2 0
0 22550 3 0
0 22550 4 0
0 22550 5 0
0 22550 6 0
0 20564 7 0
0 20564 8 0
0 20564 9 0
0 20564 10 0
0 20564 11 0
0 20564 12 0
0 25703 13 0
0 25703 14 0
0 25703 15 0
0 25703 0 0
0 25703 1 0
0 25703 2 0
0 1525 3 0
0 1525 4 0
0 1525 5 0
0 1525 6 0
0 1525 7 0
0 1525 8 0
0 48382 9 0
0 48382 10 0
0 48382 11 0
0 48382 12 0
0 48382 13 0
0 48382 14 0
0 51471 15 0
0 51471 0 0
0 51471 1 0
0 51471 2 0
0 51471 3 0
0 51471 4 0
0 39774 5 0
0 39774 6 0
0 39774 7 0
0 39774 8 0
0 39774 9 0
0 39774 10 0
0 23151 11 0
0 23151 12 0
0 23151 13 0
0 23151 14 0
0 23151 15 0
0 23151 0 0
0 60527 1 0
0 60527 2 0
0 60527 3 0
0 60527 4 0
0 60527 5 0
0 60527 6 0
0 16299 7 0
0 16299 8 0
0 16299 9 0
0 16299 10 0
0 16299 11 0
0 16299 12 0
0 11070 13 0
0 11070 14 0
0 11070 15 0
