0 0 0 0
0 0 1 0
0 0 2 0
0 0 3 0
0 0 4 0
0 32285 5 0
0 32285 6 0
0 32285 7 0
0 32285 8 0
0 32285 9 0
0 32285 10 0
0 11766 11 0
0 11766 12 0
0 11766 13 0
0 11766 14 0
0 11766 15 0
0 11766 0 0
0 23348 1 0
0 23348 2 0
0 23348 3 0
0 23348 4 0
0 23348 5 0
0 23348 6 0
0 54619 7 0
0 54619 8 0
0 54619 9 0
0 54619 10 0
0 54619 11 0
0 54619 12 0
0 57808 13 0
0 57808 14 0
0 57808 15 0
0 57808 0 0
0 57808 1 0
0 57808 2 0
0 31509 3 0
0 31509 4 0
0 31509 5 0
0 31509 6 0
0 31509 7 0
0 31509 8 0
0 39477 9 0
0 39477 10 0
0 39477 11 0
0 39477 12 0
0 39477 13 0
0 39477 14 0
0 14121 15 0
0 14121 0 0
0 14121 1 0
0 14121 2 0
0 14121 3 0
0 14121 4 0
0 606 5 0
0 606 6 0
0 606 7 0
0 606 8 0
0 606 9 0
0 606 10 0
0 64643 11 0
0 64643 12 0
0 64643 13 0
0 64643 14 0
0 64643 15 0
0 64643 0 0
0 7677 1 0
0 7677 2 0
0 7677 3 0
0 7677 4 0
0 7677 5 0
0 7677 6 0
0 2064 7 0
0 2064 8 0
0 2064 9 0
0 2064 10 0
0 2064 11 0
0 2064 12 0
0 20408 13 0
0 20408 14 0
0 20408 15 0
0 20408 0 0
0 20408 1 0
0 20408 2 0
0 6843 3 0
0 6843 4 0
0 6843 5 0
0 6843 6 0
0 6843 7 0
0 6843 8 0
0 62748 9 0
0 62748 10 0
0 62748 11 0
0 62748 12 0
0 62748 13 0
0 62748 14 0
0 17598 15 0
0 17598 0 0
0 17598 1 0
0 17598 2 0
0 17598 3 0
0 17598 4 0
0 25442 5 0
0 25442 6 0
0 25442 7 0
0 25442 8 0
0 25442 9 0
0 25442 10 0
0 56880 11 0
0 56880 12 0
0 56880 13 0
0 56880 14 0
0 56880 15 0
0 56880 0 0
0 19253 1 0
0 19253 2 0
0 19253 3 0
0 19253 4 0
0 19253 5 0
0 19253 6 0
0 5192 7 0
0 5192 8 0
0 5192 9 0
0 5192 10 0
0 5192 11 0
0 5192 12 0
0 26809 13 0
0 26809 14 0
0 26809 15 0
0 26809 0 0
0 26809 1 0
0 26809 2 0
0 21591 3 0
0 21591 4 0
0 21591 5 0
0 21591 6 0
0 21591 7 0
0 21591 8 0
0 2900 9 0
0 2900 10 0
0 2900 11 0
0 2900 12 0
0 2900 13 0
0 2900 14 0
0 27348 15 0
0 27348 0 0
0 27348 1 0
0 27348 2 0
0 27348 3 0
0 27348 4 0
0 8809 5 0
0 8809 6 0
0 8809 7 0
0 8809 8 0
0 8809 9 0
0 8809 10 0
0 20202 11 0
0 20202 12 0
0 20202 13 0
0 20202 14 0
0 20202 15 0
0 20202 0 0
0 603 1 0
0 603 2 0
0 603 3 0
0 603 4 0
0 603 5 0
0 603 6 0
0 26104 7 0
0 26104 8 0
0 26104 9 0
0 26104 10 0
0 26104 11 0
0 26104 12 0
0 52565 13 0
0 52565 14 0
0 52565 15 0
0 52565 0 0
0 52565 1 0
0 52565 2 0
0 62587 3 0
0 62587 4 0
0 62587 5 0
0 62587 6 0
0 62587 7 0
0 62587 8 0
0 1216 9 0
0 1216 10 0
0 1216 11 0
0 1216 12 0
0 1216 13 0
0 1216 14 0
0 60542 15 0
0 60542 0 0
0 60542 1 0
0 60542 2 0
0 60542 3 0
0 60542 4 0
0 52477 5 0
0 52477 6 0
0 52477 7 0
0 52477 8 0
0 52477 9 0
0 52477 10 0
0 35527 11 0
0 35527 12 0
0 35527 13 0
0 35527 14 0
0 35527 15 0
0 35527 0 0
0 2927 1 0
0 2927 2 0
0 2927 3 0
0 2927 4 0
0 2927 5 0
0 2927 6 0
0 57585 7 0
0 57585 8 0
0 57585 9 0
0 57585 10 0
0 57585 11 0
0 57585 12 0
0 22894 13 0
0 22894 14 0
0 22894 15 0
0 22894 0 0
0 22894 1 0
0 22894 2 0
0 63666 3 0
0 63666 4 0
0 63666 5 0
0 63666 6 0
0 63666 7 0
0 63666 8 0
0 25961 9 0
0 25961 10 0
0 25961 11 0
0 25961 12 0
0 25961 13 0
0 25961 14 0
0 9723 15 0
0 9723 0 0
0 9723 1 0
0 9723 2 0
0 9723 3 0
0 9723 4 0
0 25418 5 0
0 25418 6 0
0 25418 7 0
0 25418 8 0
0 25418 9 0
0 25418 10 0
0 60869 11 0
0 60869 12 0
0 60869 13 0
0 60869 14 0
0 60869 15 0
0 60869 0 0
0 4017 1 0
0 4017 2 0
0 4017 3 0
0 4017 4 0
0 4017 5 0
0 4017 6 0
0 42502 7 0
0 42502 8 0
0 42502 9 0
0 42502 10 0
0 42502 11 0
0 42502 12 0
0 50650 13 0
0 50650 14 0
0 50650 15 0
0 50650 0 0
0 50650 1 0
0 50650 2 0
0 15414 3 0
0 15414 4 0
0 15414 5 0
0 15414 6 0
0 15414 7 0
0 15414 8 0
0 52177 9 0
0 52177 10 0
0 52177 11 0
0 52177 12 0
0 52177 13 0
0 52177 14 0
0 23849 15 0
0 23849 0 0
0 23849 1 0
0 23849 2 0
0 23849 3 0
0 23849 4 0
0 50449 5 0
0 50449 6 0
0 50449 7 0
0 50449 8 0
0 50449 9 0
0 50449 10 0
0 55440 11 0
0 55440 12 0
0 55440 13 0
0 55440 14 0
0 55440 15 0
0 55440 0 0
0 40845 1 0
0 40845 2 0
0 40845 3 0
0 40845 4 0
0 40845 5 0
0 40845 6 0
0 23175 7 0
0 23175 8 0
0 23175 9 0
0 23175 10 0
0 23175 11 0
0 23175 12 0
0 54106 13 0
0 54106 14 0
0 54106 15 0
0 54106 0 0
0 54106 1 0
0 54106 2 0
0 35013 3 0
0 35013 4 0
0 35013 5 0
0 35013 6 0
0 35013 7 0
0 35013 8 0
0 15779 9 0
0 15779 10 0
0 15779 11 0
0 15779 12 0
0 15779 13 0
0 15779 14 0
0 54494 15 0
0 54494 0 0
0 54494 1 0
0 54494 2 0
0 54494 3 0
0 54494 4 0
0 11519 5 0
0 11519 6 0
0 11519 7 0
0 11519 8 0
0 11519 9 0
0 11519 10 0
0 45861 11 0
0 45861 12 0
0 45861 13 0
0 45861 14 0
0 45861 15 0
0 45861 0 0
0 1206 1 0
0 1206 2 0
0 1206 3 0
0 1206 4 0
0 1206 5 0
0 1206 6 0
0 63082 7 0
0 63082 8 0
0 63082 9 0
0 63082 10 0
0 63082 11 0
0 63082 12 0
0 38886 13 0
0 38886 14 0
0 38886 15 0
0 38886 0 0
0 38886 1 0
0 38886 2 0
0 51135 3 0
0 51135 4 0
0 51135 5 0
0 51135 6 0
0 51135 7 0
0 51135 8 0
0 57885 9 0
0 57885 10 0
0 57885 11 0
0 57885 12 0
0 57885 13 0
0 57885 14 0
0 65016 15 0
0 65016 0 0
0 65016 1 0
0 65016 2 0
0 65016 3 0
0 65016 4 0
0 46624 5 0
0 46624 6 0
0 46624 7 0
0 46624 8 0
0 46624 9 0
0 46624 10 0
0 62477 11 0
0 62477 12 0
0 62477 13 0
0 62477 14 0
0 62477 15 0
0 62477 0 0
0 32013 1 0
0 32013 2 0
0 32013 3 0
0 32013 4 0
0 32013 5 0
0 32013 6 0
0 3539 7 0
0 3539 8 0
0 3539 9 0
0 3539 10 0
0 3539 11 0
0 3539 12 0
0 47530 13 0
0 47530 14 0
0 47530 15 0
0 47530 0 0
0 47530 1 0
0 47530 2 0
0 30116 3 0
0 30116 4 0
0 30116 5 0
0 30116 6 0
0 30116 7 0
0 30116 8 0
0 32477 9 0
0 32477 10 0
0 32477 11 0
0 32477 12 0
0 32477 13 0
0 32477 14 0
0 40350 15 0
0 40350 0 0
0 40350 1 0
0 40350 2 0
0 40350 3 0
0 40350 4 0
0 33236 5 0
0 33236 6 0
0 33236 7 0
0 33236 8 0
0 33236 9 0
0 33236 10 0
0 56474 11 0
0 56474 12 0
0 56474 13 0
0 56474 14 0
0 56474 15 0
0 56474 0 0
0 57292 1 0
0 57292 2 0
0 57292 3 0
0 57292 4 0
0 57292 5 0
0 57292 6 0
0 36410 7 0
0 36410 8 0
0 36410 9 0
0 36410 10 0
0 36410 11 0
0 36410 12 0
0 36941 13 0
0 36941 14 0
0 36941 15 0
0 36941 0 0
0 36941 1 0
0 36941 2 0
0 16605 3 0
0 16605 4 0
0 16605 5 0
0 16605 6 0
0 16605 7 0
0 16605 8 0
0 3224 9 0
0 3224 10 0
0 3224 11 0
0 3224 12 0
0 3224 13 0
0 3224 14 0
0 31724 15 0
0 31724 0 0
0 31724 1 0
0 31724 2 0
0 31724 3 0
0 31724 4 0
0 17729 5 0
0 17729 6 0
0 17729 7 0
0 17729 8 0
0 17729 9 0
0 17729 10 0
0 65201 11 0
0 65201 12 0
0 65201 13 0
0 65201 14 0
0 65201 15 0
0 65201 0 0
0 26800 1 0
0 26800 2 0
0 26800 3 0
0 26800 4 0
0 26800 5 0
0 26800 6 0
0 64880 7 0
0 64880 8 0
0 64880 9 0
0 64880 10 0
0 64880 11 0
0 64880 12 0
0 65533 13 0
0 65533 14 0
0 65533 15 0
0 65533 0 0
0 65533 1 0
0 65533 2 0
0 7171 3 0
0 7171 4 0
0 7171 5 0
0 7171 6 0
0 7171 7 0
0 7171 8 0
0 61825 9 0
0 61825 10 0
0 61825 11 0
0 61825 12 0
0 61825 13 0
0 61825 14 0
0 5815 15 0
0 5815 0 0
0 5815 1 0
0 5815 2 0
0 5815 3 0
0 5815 4 0
0 2309 5 0
0 2309 6 0
0 2309 7 0
0 2309 8 0
0 2309 9 0
0 2309 10 0
0 13188 11 0
0 13188 12 0
0 13188 13 0
0 13188 14 0
0 13188 15 0
0 13188 0 0
0 29906 1 0
0 29906 2 0
0 29906 3 0
0 29906 4 0
0 29906 5 0
0 29906 6 0
0 10116 7 0
0 10116 8 0
0 10116 9 0
0 10116 10 0
0 10116 11 0
0 10116 12 0
0 31652 13 0
0 31652 14 0
0 31652 15 0
0 31652 0 0
0 31652 1 0
0 31652 2 0
0 19845 3 0
0 19845 4 0
0 19845 5 0
0 19845 6 0
0 19845 7 0
0 19845 8 0
0 55586 9 0
0 55586 10 0
0 55586 11 0
0 55586 12 0
0 55586 13 0
0 55586 14 0
0 39877 15 0
0 39877 0 0
0 39877 1 0
0 39877 2 0
0 39877 3 0
0 39877 4 0
0 18577 5 0
0 18577 6 0
0 18577 7 0
0 18577 8 0
0 18577 9 0
0 18577 10 0
0 28050 11 0
0 28050 12 0
0 28050 13 0
0 28050 14 0
0 28050 15 0
0 28050 0 0
0 34014 1 0
0 34014 2 0
0 34014 3 0
0 34014 4 0
0 34014 5 0
0 34014 6 0
0 60194 7 0
0 60194 8 0
0 60194 9 0
0 60194 10 0
0 60194 11 0
0 60194 12 0
0 38474 13 0
0 38474 14 0
0 38474 15 0
0 38474 0 0
0 38474 1 0
0 38474 2 0
0 36764 3 0
0 36764 4 0
0 36764 5 0
0 36764 6 0
0 36764 7 0
0 36764 8 0
0 19309 9 0
0 19309 10 0
0 19309 11 0
0 19309 12 0
0 19309 13 0
0 19309 14 0
0 33432 15 0
0 33432 0 0
0 33432 1 0
0 33432 2 0
0 33432 3 0
0 33432 4 0
0 29683 5 0
0 29683 6 0
0 29683 7 0
0 29683 8 0
0 29683 9 0
0 29683 10 0
0 54636 11 0
0 54636 12 0
0 54636 13 0
0 54636 14 0
0 54636 15 0
0 54636 0 0
0 27055 1 0
0 27055 2 0
0 27055 3 0
0 27055 4 0
0 27055 5 0
0 27055 6 0
0 32160 7 0
0 32160 8 0
0 32160 9 0
0 32160 10 0
0 32160 11 0
0 32160 12 0
0 5219 13 0
0 5219 14 0
0 5219 15 0
0 5219 0 0
0 5219 1 0
0 5219 2 0
0 17814 3 0
0 17814 4 0
0 17814 5 0
0 17814 6 0
0 17814 7 0
0 17814 8 0
0 36043 9 0
0 36043 10 0
0 36043 11 0
0 36043 12 0
0 36043 13 0
0 36043 14 0
0 47191 15 0
0 47191 0 0
0 47191 1 0
0 47191 2 0
0 47191 3 0
0 47191 4 0
0 29159 5 0
0 29159 6 0
0 29159 7 0
0 29159 8 0
0 29159 9 0
0 29159 10 0
0 34619 11 0
0 34619 12 0
0 34619 13 0
0 34619 14 0
0 34619 15 0
0 34619 0 0
0 28698 1 0
0 28698 2 0
0 28698 3 0
0 28698 4 0
0 28698 5 0
0 28698 6 0
0 2389 7 0
0 2389 8 0
0 2389 9 0
0 2389 10 0
0 2389 11 0
0 2389 12 0
0 9851 13 0
0 9851 14 0
0 9851 15 0
0 9851 0 0
0 9851 1 0
0 9851 2 0
0 64629 3 0
0 64629 4 0
0 64629 5 0
0 64629 6 0
0 64629 7 0
0 64629 8 0
0 35285 9 0
0 35285 10 0
0 35285 11 0
0 35285 12 0
0 35285 13 0
0 35285 14 0
0 28427 15 0
0 28427 0 0
0 28427 1 0
0 28427 2 0
0 28427 3 0
0 28427 4 0
0 3981 5 0
0 3981 6 0
0 3981 7 0
0 3981 8 0
0 3981 9 0
0 3981 10 0
0 46777 11 0
0 46777 12 0
0 46777 13 0
0 46777 14 0
0 46777 15 0
0 46777 0 0
0 49654 1 0
0 49654 2 0
0 49654 3 0
0 49654 4 0
0 49654 5 0
0 49654 6 0
0 55021 7 0
0 55021 8 0
0 55021 9 0
0 55021 10 0
0 55021 11 0
0 55021 12 0
0 57705 13 0
0 57705 14 0
0 57705 15 0
0 57705 0 0
0 57705 1 0
0 57705 2 0
0 49109 3 0
0 49109 4 0
0 49109 5 0
0 49109 6 0
0 49109 7 0
0 49109 8 0
0 56069 9 0
0 56069 10 0
0 56069 11 0
0 56069 12 0
0 56069 13 0
0 56069 14 0
0 34137 15 0
0 34137 0 0
0 34137 1 0
0 34137 2 0
0 34137 3 0
0 34137 4 0
0 36655 5 0
0 36655 6 0
0 36655 7 0
0 36655 8 0
0 36655 9 0
0 36655 10 0
0 38096 11 0
0 38096 12 0
0 38096 13 0
0 38096 14 0
0 38096 15 0
0 38096 0 0
0 44458 1 0
0 44458 2 0
0 44458 3 0
0 44458 4 0
0 44458 5 0
0 44458 6 0
0 38080 7 0
0 38080 8 0
0 38080 9 0
0 38080 10 0
0 38080 11 0
0 38080 12 0
0 482 13 0
0 482 14 0
0 482 15 0
0 482 0 0
0 482 1 0
0 482 2 0
0 434 3 0
0 434 4 0
0 434 5 0
0 434 6 0
0 434 7 0
0 434 8 0
0 47890 9 0
0 47890 10 0
0 47890 11 0
0 47890 12 0
0 47890 13 0
0 47890 14 0
0 16311 15 0
0 16311 0 0
0 16311 1 0
0 16311 2 0
0 16311 3 0
0 16311 4 0
0 49227 5 0
0 49227 6 0
0 49227 7 0
0 49227 8 0
0 49227 9 0
0 49227 10 0
0 46418 11 0
0 46418 12 0
0 46418 13 0
0 46418 14 0
0 46418 15 0
0 46418 0 0
0 65332 1 0
0 65332 2 0
0 65332 3 0
0 65332 4 0
0 65332 5 0
0 65332 6 0
0 62889 7 0
0 62889 8 0
0 62889 9 0
0 62889 10 0
0 62889 11 0
0 62889 12 0
0 47979 13 0
0 47979 14 0
0 47979 15 0
0 47979 0 0
0 47979 1 0
0 47979 2 0
0 20452 3 0
0 20452 4 0
0 20452 5 0
0 20452 6 0
0 20452 7 0
0 20452 8 0
0 20707 9 0
0 20707 10 0
0 20707 11 0
0 20707 12 0
0 20707 13 0
0 20707 14 0
0 2375 15 0
0 2375 0 0
0 2375 1 0
0 2375 2 0
0 2375 3 0
0 2375 4 0
0 51758 5 0
0 51758 6 0
0 51758 7 0
0 51758 8 0
0 51758 9 0
0 51758 10 0
0 32119 11 0
0 32119 12 0
0 32119 13 0
0 32119 14 0
0 32119 15 0
0 32119 0 0
0 13897 1 0
0 13897 2 0
0 13897 3 0
0 13897 4 0
0 13897 5 0
0 13897 6 0
0 18356 7 0
0 18356 8 0
0 18356 9 0
0 18356 10 0
0 18356 11 0
0 18356 12 0
0 26319 13 0
0 26319 14 0
0 26319 15 0
0 26319 0 0
0 26319 1 0
0 26319 2 0
0 39635 3 0
0 39635 4 0
0 39635 5 0
0 39635 6 0
0 39635 7 0
0 39635 8 0
0 36072 9 0
0 36072 10 0
0 36072 11 0
0 36072 12 0
0 36072 13 0
0 36072 14 0
0 60951 15 0
0 60951 0 0
0 60951 1 0
0 60951 2 0
0 60951 3 0
0 60951 4 0
0 33841 5 0
0 33841 6 0
0 33841 7 0
0 33841 8 0
0 33841 9 0
0 33841 10 0
0 29656 11 0
0 29656 12 0
0 29656 13 0
0 29656 14 0
0 29656 15 0
0 29656 0 0
0 39655 1 0
0 39655 2 0
0 39655 3 0
0 39655 4 0
0 39655 5 0
0 39655 6 0
0 8061 7 0
0 8061 8 0
0 8061 9 0
0 8061 10 0
0 8061 11 0
0 8061 12 0
0 18942 13 0
0 18942 14 0
0 18942 15 0
0 18942 0 0
0 18942 1 0
0 18942 2 0
0 29978 3 0
0 29978 4 0
0 29978 5 0
0 29978 6 0
0 29978 7 0
0 29978 8 0
0 46189 9 0
0 46189 10 0
0 46189 11 0
0 46189 12 0
0 46189 13 0
0 46189 14 0
0 43853 15 0
0 43853 0 0
0 43853 1 0
0 43853 2 0
0 43853 3 0
0 43853 4 0
0 26284 5 0
0 26284 6 0
0 26284 7 0
0 26284 8 0
0 26284 9 0
0 26284 10 0
0 63349 11 0
0 63349 12 0
0 63349 13 0
0 63349 14 0
0 63349 15 0
0 63349 0 0
0 15282 1 0
0 15282 2 0
0 15282 3 0
0 15282 4 0
0 15282 5 0
0 15282 6 0
0 65255 7 0
0 65255 8 0
0 65255 9 0
0 65255 10 0
0 65255 11 0
0 65255 12 0
0 33135 13 0
0 33135 14 0
0 33135 15 0
0 33135 0 0
0 33135 1 0
0 33135 2 0
0 26554 3 0
0 26554 4 0
0 26554 5 0
0 26554 6 0
0 26554 7 0
0 26554 8 0
0 51686 9 0
0 51686 10 0
0 51686 11 0
0 51686 12 0
0 51686 13 0
0 51686 14 0
0 53658 15 0
0 53658 0 0
0 53658 1 0
0 53658 2 0
0 53658 3 0
0 53658 4 0
0 5633 5 0
0 5633 6 0
0 5633 7 0
0 5633 8 0
0 5633 9 0
0 5633 10 0
0 56958 11 0
0 56958 12 0
0 56958 13 0
0 56958 14 0
0 56958 15 0
0 56958 0 0
0 8015 1 0
0 8015 2 0
0 8015 3 0
0 8015 4 0
0 8015 5 0
0 8015 6 0
0 49836 7 0
0 49836 8 0
0 49836 9 0
0 49836 10 0
0 49836 11 0
0 49836 12 0
0 9264 13 0
0 9264 14 0
0 9264 15 0
0 9264 0 0
0 9264 1 0
0 9264 2 0
0 60777 3 0
0 60777 4 0
0 60777 5 0
0 60777 6 0
0 60777 7 0
0 60777 8 0
0 27156 9 0
0 27156 10 0
0 27156 11 0
0 27156 12 0
0 27156 13 0
0 27156 14 0
0 42865 15 0
0 42865 0 0
0 42865 1 0
0 42865 2 0
0 42865 3 0
0 42865 4 0
0 2833 5 0
0 2833 6 0
0 2833 7 0
0 2833 8 0
0 2833 9 0
0 2833 10 0
0 18659 11 0
0 18659 12 0
0 18659 13 0
0 18659 14 0
0 18659 15 0
0 18659 0 0
0 58008 1 0
0 58008 2 0
0 58008 3 0
0 58008 4 0
0 58008 5 0
0 58008 6 0
0 60207 7 0
0 60207 8 0
0 60207 9 0
0 60207 10 0
0 60207 11 0
0 60207 12 0
0 55097 13 0
0 55097 14 0
0 55097 15 0
0 55097 0 0
0 55097 1 0
0 55097 2 0
0 4692 3 0
0 4692 4 0
0 4692 5 0
0 4692 6 0
0 4692 7 0
0 4692 8 0
0 17113 9 0
0 17113 10 0
0 17113 11 0
0 17113 12 0
0 17113 13 0
0 17113 14 0
0 19595 15 0
0 19595 0 0
0 19595 1 0
0 19595 2 0
0 19595 3 0
0 19595 4 0
0 28941 5 0
0 28941 6 0
0 28941 7 0
0 28941 8 0
0 28941 9 0
0 28941 10 0
0 64312 11 0
0 64312 12 0
0 64312 13 0
0 64312 14 0
0 64312 15 0
0 64312 0 0
0 9628 1 0
0 9628 2 0
0 9628 3 0
0 9628 4 0
0 9628 5 0
0 9628 6 0
0 5993 7 0
0 5993 8 0
0 5993 9 0
0 5993 10 0
0 5993 11 0
0 5993 12 0
0 8973 13 0
0 8973 14 0
0 8973 15 0
0 8973 0 0
0 8973 1 0
0 8973 2 0
0 3739 3 0
0 3739 4 0
0 3739 5 0
0 3739 6 0
0 3739 7 0
0 3739 8 0
0 337 9 0
0 337 10 0
0 337 11 0
0 337 12 0
0 337 13 0
0 337 14 0
0 42564 15 0
0 42564 0 0
0 42564 1 0
0 42564 2 0
0 42564 3 0
0 42564 4 0
0 8581 5 0
0 8581 6 0
0 8581 7 0
0 8581 8 0
0 8581 9 0
0 8581 10 0
0 47434 11 0
0 47434 12 0
0 47434 13 0
0 47434 14 0
0 47434 15 0
0 47434 0 0
0 5934 1 0
0 5934 2 0
0 5934 3 0
0 5934 4 0
0 5934 5 0
0 5934 6 0
0 28365 7 0
0 28365 8 0
0 28365 9 0
0 28365 10 0
0 28365 11 0
0 28365 12 0
0 61630 13 0
0 61630 14 0
0 61630 15 0
0 61630 0 0
0 61630 1 0
0 61630 2 0
0 9264 3 0
0 9264 4 0
0 9264 5 0
0 9264 6 0
0 9264 7 0
0 9264 8 0
0 26190 9 0
0 26190 10 0
0 26190 11 0
0 26190 12 0
0 26190 13 0
0 26190 14 0
0 40523 15 0
0 40523 0 0
0 40523 1 0
0 40523 2 0
0 40523 3 0
0 40523 4 0
0 40410 5 0
0 40410 6 0
0 40410 7 0
0 40410 8 0
0 40410 9 0
0 40410 10 0
0 3850 11 0
0 3850 12 0
0 3850 13 0
0 3850 14 0
0 3850 15 0
0 3850 0 0
0 29116 1 0
0 29116 2 0
0 29116 3 0
0 29116 4 0
0 29116 5 0
0 29116 6 0
0 63564 7 0
0 63564 8 0
0 63564 9 0
0 63564 10 0
0 63564 11 0
0 63564 12 0
0 23405 13 0
0 23405 14 0
0 23405 15 0
0 23405 0 0
0 23405 1 0
0 23405 2 0
0 31138 3 0
0 31138 4 0
0 31138 5 0
0 31138 6 0
0 31138 7 0
0 31138 8 0
0 45059 9 0
0 45059 10 0
0 45059 11 0
0 45059 12 0
0 45059 13 0
0 45059 14 0
0 7030 15 0
0 7030 0 0
0 7030 1 0
0 7030 2 0
0 7030 3 0
0 7030 4 0
0 8079 5 0
0 8079 6 0
0 8079 7 0
0 8079 8 0
0 8079 9 0
0 8079 10 0
0 59259 11 0
0 59259 12 0
0 59259 13 0
0 59259 14 0
0 59259 15 0
0 59259 0 0
0 41529 1 0
0 41529 2 0
0 41529 3 0
0 41529 4 0
0 41529 5 0
0 41529 6 0
0 49365 7 0
0 49365 8 0
0 49365 9 0
0 49365 10 0
0 49365 11 0
0 49365 12 0
0 6083 13 0
0 6083 14 0
0 6083 15 0
0 6083 0 0
0 6083 1 0
0 6083 2 0
0 5660 3 0
0 5660 4 0
0 5660 5 0
0 5660 6 0
0 5660 7 0
0 5660 8 0
0 2067 9 0
0 2067 10 0
0 2067 11 0
0 2067 12 0
0 2067 13 0
0 2067 14 0
0 24244 15 0
0 24244 0 0
0 24244 1 0
0 24244 2 0
0 24244 3 0
0 24244 4 0
0 9374 5 0
0 9374 6 0
0 9374 7 0
0 9374 8 0
0 9374 9 0
0 9374 10 0
0 31617 11 0
0 31617 12 0
0 31617 13 0
0 31617 14 0
0 31617 15 0
0 31617 0 0
0 63992 1 0
0 63992 2 0
0 63992 3 0
0 63992 4 0
0 63992 5 0
0 63992 6 0
0 31320 7 0
0 31320 8 0
0 31320 9 0
0 31320 10 0
0 31320 11 0
0 31320 12 0
0 7696 13 0
0 7696 14 0
0 7696 15 0
0 7696 0 0
0 7696 1 0
0 7696 2 0
0 28896 3 0
0 28896 4 0
0 28896 5 0
0 28896 6 0
0 28896 7 0
0 28896 8 0
0 57991 9 0
0 57991 10 0
0 57991 11 0
0 57991 12 0
0 57991 13 0
0 57991 14 0
0 1430 15 0
0 1430 0 0
0 1430 1 0
0 1430 2 0
0 1430 3 0
0 1430 4 0
0 16436 5 0
0 16436 6 0
0 16436 7 0
0 16436 8 0
0 16436 9 0
0 16436 10 0
0 5735 11 0
0 5735 12 0
0 5735 13 0
0 5735 14 0
0 5735 15 0
0 5735 0 0
0 22097 1 0
0 22097 2 0
0 22097 3 0
0 22097 4 0
0 22097 5 0
0 22097 6 0
0 59351 7 0
0 59351 8 0
0 59351 9 0
0 59351 10 0
0 59351 11 0
0 59351 12 0
0 31002 13 0
0 31002 14 0
0 31002 15 0
0 31002 0 0
0 31002 1 0
0 31002 2 0
0 61972 3 0
0 61972 4 0
0 61972 5 0
0 61972 6 0
0 61972 7 0
0 61972 8 0
0 12539 9 0
0 12539 10 0
0 12539 11 0
0 12539 12 0
0 12539 13 0
0 12539 14 0
0 41897 15 0
0 41897 0 0
0 41897 1 0
0 41897 2 0
0 41897 3 0
0 41897 4 0
0 56322 5 0
0 56322 6 0
0 56322 7 0
0 56322 8 0
0 56322 9 0
0 56322 10 0
0 58136 11 0
0 58136 12 0
0 58136 13 0
0 58136 14 0
0 58136 15 0
0 58136 0 0
0 31457 1 0
0 31457 2 0
0 31457 3 0
0 31457 4 0
0 31457 5 0
0 31457 6 0
0 32415 7 0
0 32415 8 0
0 32415 9 0
0 32415 10 0
0 32415 11 0
0 32415 12 0
0 8777 13 0
0 8777 14 0
0 8777 15 0
0 8777 0 0
0 8777 1 0
0 8777 2 0
0 35060 3 0
0 35060 4 0
0 35060 5 0
0 35060 6 0
0 35060 7 0
0 35060 8 0
0 49246 9 0
0 49246 10 0
0 49246 11 0
0 49246 12 0
0 49246 13 0
0 49246 14 0
0 63373 15 0
0 63373 0 0
0 63373 1 0
0 63373 2 0
0 63373 3 0
0 63373 4 0
0 51384 5 0
0 51384 6 0
0 51384 7 0
0 51384 8 0
0 51384 9 0
0 51384 10 0
0 23632 11 0
0 23632 12 0
0 23632 13 0
0 23632 14 0
0 23632 15 0
0 23632 0 0
0 37810 1 0
0 37810 2 0
0 37810 3 0
0 37810 4 0
0 37810 5 0
0 37810 6 0
0 38366 7 0
0 38366 8 0
0 38366 9 0
0 38366 10 0
0 38366 11 0
0 38366 12 0
0 34320 13 0
0 34320 14 0
0 34320 15 0
0 34320 0 0
0 34320 1 0
0 34320 2 0
0 709 3 0
0 709 4 0
0 709 5 0
0 709 6 0
0 709 7 0
0 709 8 0
0 27811 9 0
0 27811 10 0
0 27811 11 0
0 27811 12 0
0 27811 13 0
0 27811 14 0
0 29460 15 0
0 29460 0 0
0 29460 1 0
0 29460 2 0
0 29460 3 0
0 29460 4 0
0 30258 5 0
0 30258 6 0
0 30258 7 0
0 30258 8 0
0 30258 9 0
0 30258 10 0
0 61217 11 0
0 61217 12 0
0 61217 13 0
0 61217 14 0
0 61217 15 0
0 61217 0 0
0 903 1 0
0 903 2 0
0 903 3 0
0 903 4 0
0 903 5 0
0 903 6 0
0 11699 7 0
0 11699 8 0
0 11699 9 0
0 11699 10 0
0 11699 11 0
0 11699 12 0
0 51995 13 0
0 51995 14 0
0 51995 15 0
0 51995 0 0
0 51995 1 0
0 51995 2 0
0 42252 3 0
0 42252 4 0
0 42252 5 0
0 42252 6 0
0 42252 7 0
0 42252 8 0
0 8922 9 0
0 8922 10 0
0 8922 11 0
0 8922 12 0
0 8922 13 0
0 8922 14 0
0 65120 15 0
0 65120 0 0
0 65120 1 0
0 65120 2 0
0 65120 3 0
0 65120 4 0
0 1307 5 0
0 1307 6 0
0 1307 7 0
0 1307 8 0
0 1307 9 0
0 1307 10 0
0 47986 11 0
0 47986 12 0
0 47986 13 0
0 47986 14 0
0 47986 15 0
0 47986 0 0
0 59123 1 0
0 59123 2 0
0 59123 3 0
0 59123 4 0
0 59123 5 0
0 59123 6 0
0 64914 7 0
0 64914 8 0
0 64914 9 0
0 64914 10 0
0 64914 11 0
0 64914 12 0
0 6500 13 0
0 6500 14 0
0 6500 15 0
0 6500 0 0
0 6500 1 0
0 6500 2 0
0 36026 3 0
0 36026 4 0
0 36026 5 0
0 36026 6 0
0 36026 7 0
0 36026 8 0
0 35598 9 0
0 35598 10 0
0 35598 11 0
0 35598 12 0
0 35598 13 0
0 35598 14 0
0 26518 15 0
0 26518 0 0
0 26518 1 0
0 26518 2 0
0 26518 3 0
0 26518 4 0
0 22666 5 0
0 22666 6 0
0 22666 7 0
0 22666 8 0
0 22666 9 0
0 22666 10 0
0 33210 11 0
0 33210 12 0
0 33210 13 0
0 33210 14 0
0 33210 15 0
0 33210 0 0
0 33074 1 0
0 33074 2 0
0 33074 3 0
0 33074 4 0
0 33074 5 0
0 33074 6 0
0 11590 7 0
0 11590 8 0
0 11590 9 0
0 11590 10 0
0 11590 11 0
0 11590 12 0
0 13832 13 0
0 13832 14 0
0 13832 15 0
0 13832 0 0
0 13832 1 0
0 13832 2 0
0 53475 3 0
0 53475 4 0
0 53475 5 0
0 53475 6 0
0 53475 7 0
0 53475 8 0
0 49429 9 0
0 49429 10 0
0 49429 11 0
0 49429 12 0
0 49429 13 0
0 49429 14 0
0 8293 15 0
0 8293 0 0
0 8293 1 0
0 8293 2 0
0 8293 3 0
0 8293 4 0
0 45593 5 0
0 45593 6 0
0 45593 7 0
0 45593 8 0
0 45593 9 0
0 45593 10 0
0 34765 11 0
0 34765 12 0
0 34765 13 0
0 34765 14 0
0 34765 15 0
0 34765 0 0
0 34686 1 0
0 34686 2 0
0 34686 3 0
0 34686 4 0
0 34686 5 0
0 34686 6 0
0 56317 7 0
0 56317 8 0
0 56317 9 0
0 56317 10 0
0 56317 11 0
0 56317 12 0
0 58443 13 0
0 58443 14 0
0 58443 15 0
0 58443 0 0
0 58443 1 0
0 58443 2 0
0 58768 3 0
0 58768 4 0
0 58768 5 0
0 58768 6 0
0 58768 7 0
0 58768 8 0
0 53569 9 0
0 53569 10 0
0 53569 11 0
0 53569 12 0
0 53569 13 0
0 53569 14 0
0 53592 15 0
0 53592 0 0
0 53592 1 0
0 53592 2 0
0 53592 3 0
0 53592 4 0
0 54774 5 0
0 54774 6 0
0 54774 7 0
0 54774 8 0
0 54774 9 0
0 54774 10 0
0 33253 11 0
0 33253 12 0
0 33253 13 0
0 33253 14 0
0 33253 15 0
0 33253 0 0
0 13416 1 0
0 13416 2 0
0 13416 3 0
0 13416 4 0
0 13416 5 0
0 13416 6 0
0 19535 7 0
0 19535 8 0
0 19535 9 0
0 19535 10 0
0 19535 11 0
0 19535 12 0
0 54917 13 0
0 54917 14 0
0 54917 15 0
0 54917 0 0
0 54917 1 0
0 54917 2 0
0 2438 3 0
0 2438 4 0
0 2438 5 0
0 2438 6 0
0 2438 7 0
0 2438 8 0
0 41655 9 0
0 41655 10 0
0 41655 11 0
0 41655 12 0
0 41655 13 0
0 41655 14 0
0 24036 15 0
0 24036 0 0
0 24036 1 0
0 24036 2 0
0 24036 3 0
0 24036 4 0
0 52426 5 0
0 52426 6 0
0 52426 7 0
0 52426 8 0
0 52426 9 0
0 52426 10 0
0 39356 11 0
0 39356 12 0
0 39356 13 0
0 39356 14 0
0 39356 15 0
0 39356 0 0
0 4627 1 0
0 4627 2 0
0 4627 3 0
0 4627 4 0
0 4627 5 0
0 4627 6 0
0 42408 7 0
0 42408 8 0
0 42408 9 0
0 42408 10 0
0 42408 11 0
0 42408 12 0
0 1633 13 0
0 1633 14 0
0 1633 15 0
0 1633 0 0
0 1633 1 0
0 1633 2 0
0 3942 3 0
0 3942 4 0
0 3942 5 0
0 3942 6 0
0 3942 7 0
0 3942 8 0
0 1703 9 0
0 1703 10 0
0 1703 11 0
0 1703 12 0
0 1703 13 0
0 1703 14 0
0 32506 15 0
0 32506 0 0
0 32506 1 0
0 32506 2 0
0 32506 3 0
0 32506 4 0
0 48027 5 0
0 48027 6 0
0 48027 7 0
0 48027 8 0
0 48027 9 0
0 48027 10 0
0 26478 11 0
0 26478 12 0
0 26478 13 0
0 26478 14 0
0 26478 15 0
0 26478 0 0
0 9755 1 0
0 9755 2 0
0 9755 3 0
0 9755 4 0
0 9755 5 0
0 9755 6 0
0 27111 7 0
0 27111 8 0
0 27111 9 0
0 27111 10 0
0 27111 11 0
0 27111 12 0
0 5523 13 0
0 5523 14 0
0 5523 15 0
0 5523 0 0
0 5523 1 0
0 5523 2 0
0 28316 3 0
0 28316 4 0
0 28316 5 0
0 28316 6 0
0 28316 7 0
0 28316 8 0
0 24344 9 0
0 24344 10 0
0 24344 11 0
0 24344 12 0
0 24344 13 0
0 24344 14 0
0 45432 15 0
0 45432 0 0
0 45432 1 0
0 45432 2 0
0 45432 3 0
0 45432 4 0
0 36584 5 0
0 36584 6 0
0 36584 7 0
0 36584 8 0
0 36584 9 0
0 36584 10 0
0 54904 11 0
0 54904 12 0
0 54904 13 0
0 54904 14 0
0 54904 15 0
0 54904 0 0
0 13553 1 0
0 13553 2 0
0 13553 3 0
0 13553 4 0
0 13553 5 0
0 13553 6 0
0 64657 7 0
0 64657 8 0
0 64657 9 0
0 64657 10 0
0 64657 11 0
0 64657 12 0
0 19831 13 0
0 19831 14 0
0 19831 15 0
0 19831 0 0
0 19831 1 0
0 19831 2 0
0 55792 3 0
0 55792 4 0
0 55792 5 0
0 55792 6 0
0 55792 7 0
0 55792 8 0
0 957 9 0
0 957 10 0
0 957 11 0
0 957 12 0
0 957 13 0
0 957 14 0
0 47079 15 0
0 47079 0 0
0 47079 1 0
0 47079 2 0
0 47079 3 0
0 47079 4 0
0 23085 5 0
0 23085 6 0
0 23085 7 0
0 23085 8 0
0 23085 9 0
0 23085 10 0
0 62706 11 0
0 62706 12 0
0 62706 13 0
0 62706 14 0
0 62706 15 0
0 62706 0 0
0 43704 1 0
0 43704 2 0
0 43704 3 0
0 43704 4 0
0 43704 5 0
0 43704 6 0
0 1006 7 0
0 1006 8 0
0 1006 9 0
0 1006 10 0
0 1006 11 0
0 1006 12 0
0 97 13 0
0 97 14 0
0 97 15 0
0 97 0 0
0 97 1 0
0 97 2 0
0 34880 3 0
0 34880 4 0
0 34880 5 0
0 34880 6 0
0 34880 7 0
0 34880 8 0
0 27616 9 0
0 27616 10 0
0 27616 11 0
0 27616 12 0
0 27616 13 0
0 27616 14 0
0 23149 15 0
0 23149 0 0
0 23149 1 0
0 23149 2 0
0 23149 3 0
0 23149 4 0
0 51467 5 0
0 51467 6 0
0 51467 7 0
0 51467 8 0
0 51467 9 0
0 51467 10 0
0 62189 11 0
0 62189 12 0
0 62189 13 0
0 62189 14 0
0 62189 15 0
0 62189 0 0
0 64342 1 0
0 64342 2 0
0 64342 3 0
0 64342 4 0
0 64342 5 0
0 64342 6 0
0 26618 7 0
0 26618 8 0
0 26618 9 0
0 26618 10 0
0 26618 11 0
0 26618 12 0
0 29219 13 0
0 29219 14 0
0 29219 15 0
0 29219 0 0
0 29219 1 0
0 29219 2 0
0 48175 3 0
0 48175 4 0
0 48175 5 0
0 48175 6 0
0 48175 7 0
0 48175 8 0
0 63348 9 0
0 63348 10 0
0 63348 11 0
0 63348 12 0
0 63348 13 0
0 63348 14 0
0 47515 15 0
0 47515 0 0
0 47515 1 0
0 47515 2 0
0 47515 3 0
0 47515 4 0
0 56465 5 0
0 56465 6 0
0 56465 7 0
0 56465 8 0
0 56465 9 0
0 56465 10 0
0 38681 11 0
0 38681 12 0
0 38681 13 0
0 38681 14 0
0 38681 15 0
0 38681 0 0
0 57144 1 0
0 57144 2 0
0 57144 3 0
0 57144 4 0
0 57144 5 0
0 57144 6 0
0 32939 7 0
0 32939 8 0
0 32939 9 0
0 32939 10 0
0 32939 11 0
0 32939 12 0
0 37199 13 0
0 37199 14 0
0 37199 15 0
