0 0 0 0
0 0 1 0
0 0 2 0
0 0 3 0
0 0 4 0
0 42245 5 0
0 42245 6 0
0 42245 7 0
0 42245 8 0
0 42245 9 0
0 42245 10 0
0 27542 11 0
0 27542 12 0
0 27542 13 0
0 27542 14 0
0 27542 15 0
0 27542 0 0
0 62732 1 0
0 62732 2 0
0 62732 3 0
0 62732 4 0
0 62732 5 0
0 62732 6 0
0 42170 7 0
0 42170 8 0
0 42170 9 0
0 42170 10 0
0 42170 11 0
0 42170 12 0
0 63316 13 0
0 63316 14 0
0 63316 15 0
0 63316 0 0
0 63316 1 0
0 63316 2 0
0 5430 3 0
0 5430 4 0
0 5430 5 0
0 5430 6 0
0 5430 7 0
0 5430 8 0
0 44881 9 0
0 44881 10 0
0 44881 11 0
0 44881 12 0
0 44881 13 0
0 44881 14 0
0 64365 15 0
0 64365 0 0
0 64365 1 0
0 64365 2 0
0 64365 3 0
0 64365 4 0
0 46253 5 0
0 46253 6 0
0 46253 7 0
0 46253 8 0
0 46253 9 0
0 46253 10 0
0 32813 11 0
0 32813 12 0
0 32813 13 0
0 32813 14 0
0 32813 15 0
0 32813 0 0
0 39586 1 0
0 39586 2 0
0 39586 3 0
0 39586 4 0
0 39586 5 0
0 39586 6 0
0 58267 7 0
0 58267 8 0
0 58267 9 0
0 58267 10 0
0 58267 11 0
0 58267 12 0
0 42479 13 0
0 42479 14 0
0 42479 15 0
0 42479 0 0
0 42479 1 0
0 42479 2 0
0 13686 3 0
0 13686 4 0
0 13686 5 0
0 13686 6 0
0 13686 7 0
0 13686 8 0
0 12150 9 0
0 12150 10 0
0 12150 11 0
0 12150 12 0
0 12150 13 0
0 12150 14 0
0 17838 15 0
0 17838 0 0
0 17838 1 0
0 17838 2 0
0 17838 3 0
0 17838 4 0
0 33150 5 0
0 33150 6 0
0 33150 7 0
0 33150 8 0
0 33150 9 0
0 33150 10 0
0 61887 11 0
0 61887 12 0
0 61887 13 0
0 61887 14 0
0 61887 15 0
0 61887 0 0
0 35750 1 0
0 35750 2 0
0 35750 3 0
0 35750 4 0
0 35750 5 0
0 35750 6 0
0 11544 7 0
0 11544 8 0
0 11544 9 0
0 11544 10 0
0 11544 11 0
0 11544 12 0
0 9830 13 0
0 9830 14 0
0 9830 15 0
0 9830 0 0
0 9830 1 0
0 9830 2 0
0 23609 3 0
0 23609 4 0
0 23609 5 0
0 23609 6 0
0 23609 7 0
0 23609 8 0
0 26015 9 0
0 26015 10 0
0 26015 11 0
0 26015 12 0
0 26015 13 0
0 26015 14 0
0 43374 15 0
0 43374 0 0
0 43374 1 0
0 43374 2 0
0 43374 3 0
0 43374 4 0
0 23473 5 0
0 23473 6 0
0 23473 7 0
0 23473 8 0
0 23473 9 0
0 23473 10 0
0 28414 11 0
0 28414 12 0
0 28414 13 0
0 28414 14 0
0 28414 15 0
0 28414 0 0
0 33589 1 0
0 33589 2 0
0 33589 3 0
0 33589 4 0
0 33589 5 0
0 33589 6 0
0 50048 7 0
0 50048 8 0
0 50048 9 0
0 50048 10 0
0 50048 11 0
0 50048 12 0
0 25326 13 0
0 25326 14 0
0 25326 15 0
0 25326 0 0
0 25326 1 0
0 25326 2 0
0 12171 3 0
0 12171 4 0
0 12171 5 0
0 12171 6 0
0 12171 7 0
0 12171 8 0
0 34038 9 0
0 34038 10 0
0 34038 11 0
0 34038 12 0
0 34038 13 0
0 34038 14 0
0 61269 15 0
0 61269 0 0
0 61269 1 0
0 61269 2 0
0 61269 3 0
0 61269 4 0
0 4402 5 0
0 4402 6 0
0 4402 7 0
0 4402 8 0
0 4402 9 0
0 4402 10 0
0 42396 11 0
0 42396 12 0
0 42396 13 0
0 42396 14 0
0 42396 15 0
0 42396 0 0
0 22642 1 0
0 22642 2 0
0 22642 3 0
0 22642 4 0
0 22642 5 0
0 22642 6 0
0 18515 7 0
0 18515 8 0
0 18515 9 0
0 18515 10 0
0 18515 11 0
0 18515 12 0
0 59724 13 0
0 59724 14 0
0 59724 15 0
0 59724 0 0
0 59724 1 0
0 59724 2 0
0 26462 3 0
0 26462 4 0
0 26462 5 0
0 26462 6 0
0 26462 7 0
0 26462 8 0
0 32313 9 0
0 32313 10 0
0 32313 11 0
0 32313 12 0
0 32313 13 0
0 32313 14 0
0 54203 15 0
0 54203 0 0
0 54203 1 0
0 54203 2 0
0 54203 3 0
0 54203 4 0
0 2896 5 0
0 2896 6 0
0 2896 7 0
0 2896 8 0
0 2896 9 0
0 2896 10 0
0 24012 11 0
0 24012 12 0
0 24012 13 0
0 24012 14 0
0 24012 15 0
0 24012 0 0
0 20818 1 0
0 20818 2 0
0 20818 3 0
0 20818 4 0
0 20818 5 0
0 20818 6 0
0 32982 7 0
0 32982 8 0
0 32982 9 0
0 32982 10 0
0 32982 11 0
0 32982 12 0
0 14827 13 0
0 14827 14 0
0 14827 15 0
0 14827 0 0
0 14827 1 0
0 14827 2 0
0 2274 3 0
0 2274 4 0
0 2274 5 0
0 2274 6 0
0 2274 7 0
0 2274 8 0
0 36582 9 0
0 36582 10 0
0 36582 11 0
0 36582 12 0
0 36582 13 0
0 36582 14 0
0 49459 15 0
0 49459 0 0
0 49459 1 0
0 49459 2 0
0 49459 3 0
0 49459 4 0
0 3543 5 0
0 3543 6 0
0 3543 7 0
0 3543 8 0
0 3543 9 0
0 3543 10 0
0 1119 11 0
0 1119 12 0
0 1119 13 0
0 1119 14 0
0 1119 15 0
0 1119 0 0
0 4541 1 0
0 4541 2 0
0 4541 3 0
0 4541 4 0
0 4541 5 0
0 4541 6 0
0 24483 7 0
0 24483 8 0
0 24483 9 0
0 24483 10 0
0 24483 11 0
0 24483 12 0
0 29267 13 0
0 29267 14 0
0 29267 15 0
0 29267 0 0
0 29267 1 0
0 29267 2 0
0 25602 3 0
0 25602 4 0
0 25602 5 0
0 25602 6 0
0 25602 7 0
0 25602 8 0
0 8083 9 0
0 8083 10 0
0 8083 11 0
0 8083 12 0
0 8083 13 0
0 8083 14 0
0 33765 15 0
0 33765 0 0
0 33765 1 0
0 33765 2 0
0 33765 3 0
0 33765 4 0
0 63531 5 0
0 63531 6 0
0 63531 7 0
0 63531 8 0
0 63531 9 0
0 63531 10 0
0 54089 11 0
0 54089 12 0
0 54089 13 0
0 54089 14 0
0 54089 15 0
0 54089 0 0
0 2531 1 0
0 2531 2 0
0 2531 3 0
0 2531 4 0
0 2531 5 0
0 2531 6 0
0 14401 7 0
0 14401 8 0
0 14401 9 0
0 14401 10 0
0 14401 11 0
0 14401 12 0
0 46803 13 0
0 46803 14 0
0 46803 15 0
0 46803 0 0
0 46803 1 0
0 46803 2 0
0 32716 3 0
0 32716 4 0
0 32716 5 0
0 32716 6 0
0 32716 7 0
0 32716 8 0
0 20485 9 0
0 20485 10 0
0 20485 11 0
0 20485 12 0
0 20485 13 0
0 20485 14 0
0 30747 15 0
0 30747 0 0
0 30747 1 0
0 30747 2 0
0 30747 3 0
0 30747 4 0
0 10210 5 0
0 10210 6 0
0 10210 7 0
0 10210 8 0
0 10210 9 0
0 10210 10 0
0 8225 11 0
0 8225 12 0
0 8225 13 0
0 8225 14 0
0 8225 15 0
0 8225 0 0
0 58707 1 0
0 58707 2 0
0 58707 3 0
0 58707 4 0
0 58707 5 0
0 58707 6 0
0 48581 7 0
0 48581 8 0
0 48581 9 0
0 48581 10 0
0 48581 11 0
0 48581 12 0
0 5712 13 0
0 5712 14 0
0 5712 15 0
0 5712 0 0
0 5712 1 0
0 5712 2 0
0 49120 3 0
0 49120 4 0
0 49120 5 0
0 49120 6 0
0 49120 7 0
0 49120 8 0
0 20763 9 0
0 20763 10 0
0 20763 11 0
0 20763 12 0
0 20763 13 0
0 20763 14 0
0 55432 15 0
0 55432 0 0
0 55432 1 0
0 55432 2 0
0 55432 3 0
0 55432 4 0
0 20349 5 0
0 20349 6 0
0 20349 7 0
0 20349 8 0
0 20349 9 0
0 20349 10 0
0 26582 11 0
0 26582 12 0
0 26582 13 0
0 26582 14 0
0 26582 15 0
0 26582 0 0
0 24620 1 0
0 24620 2 0
0 24620 3 0
0 24620 4 0
0 24620 5 0
0 24620 6 0
0 63046 7 0
0 63046 8 0
0 63046 9 0
0 63046 10 0
0 63046 11 0
0 63046 12 0
0 40453 13 0
0 40453 14 0
0 40453 15 0
0 40453 0 0
0 40453 1 0
0 40453 2 0
0 65409 3 0
0 65409 4 0
0 65409 5 0
0 65409 6 0
0 65409 7 0
0 65409 8 0
0 2235 9 0
0 2235 10 0
0 2235 11 0
0 2235 12 0
0 2235 13 0
0 2235 14 0
0 65106 15 0
0 65106 0 0
0 65106 1 0
0 65106 2 0
0 65106 3 0
0 65106 4 0
0 50933 5 0
0 50933 6 0
0 50933 7 0
0 50933 8 0
0 50933 9 0
0 50933 10 0
0 38544 11 0
0 38544 12 0
0 38544 13 0
0 38544 14 0
0 38544 15 0
0 38544 0 0
0 54859 1 0
0 54859 2 0
0 54859 3 0
0 54859 4 0
0 54859 5 0
0 54859 6 0
0 25802 7 0
0 25802 8 0
0 25802 9 0
0 25802 10 0
0 25802 11 0
0 25802 12 0
0 37983 13 0
0 37983 14 0
0 37983 15 0
0 37983 0 0
0 37983 1 0
0 37983 2 0
0 10347 3 0
0 10347 4 0
0 10347 5 0
0 10347 6 0
0 10347 7 0
0 10347 8 0
0 50930 9 0
0 50930 10 0
0 50930 11 0
0 50930 12 0
0 50930 13 0
0 50930 14 0
0 39615 15 0
0 39615 0 0
0 39615 1 0
0 39615 2 0
0 39615 3 0
0 39615 4 0
0 2434 5 0
0 2434 6 0
0 2434 7 0
0 2434 8 0
0 2434 9 0
0 2434 10 0
0 6688 11 0
0 6688 12 0
0 6688 13 0
0 6688 14 0
0 6688 15 0
0 6688 0 0
0 13533 1 0
0 13533 2 0
0 13533 3 0
0 13533 4 0
0 13533 5 0
0 13533 6 0
0 2164 7 0
0 2164 8 0
0 2164 9 0
0 2164 10 0
0 2164 11 0
0 2164 12 0
0 12625 13 0
0 12625 14 0
0 12625 15 0
0 12625 0 0
0 12625 1 0
0 12625 2 0
0 19242 3 0
0 19242 4 0
0 19242 5 0
0 19242 6 0
0 19242 7 0
0 19242 8 0
0 3030 9 0
0 3030 10 0
0 3030 11 0
0 3030 12 0
0 3030 13 0
0 3030 14 0
0 38786 15 0
0 38786 0 0
0 38786 1 0
0 38786 2 0
0 38786 3 0
0 38786 4 0
0 23043 5 0
0 23043 6 0
0 23043 7 0
0 23043 8 0
0 23043 9 0
0 23043 10 0
0 6294 11 0
0 6294 12 0
0 6294 13 0
0 6294 14 0
0 6294 15 0
0 6294 0 0
0 29195 1 0
0 29195 2 0
0 29195 3 0
0 29195 4 0
0 29195 5 0
0 29195 6 0
0 18892 7 0
0 18892 8 0
0 18892 9 0
0 18892 10 0
0 18892 11 0
0 18892 12 0
0 59840 13 0
0 59840 14 0
0 59840 15 0
0 59840 0 0
0 59840 1 0
0 59840 2 0
0 7586 3 0
0 7586 4 0
0 7586 5 0
0 7586 6 0
0 7586 7 0
0 7586 8 0
0 47986 9 0
0 47986 10 0
0 47986 11 0
0 47986 12 0
0 47986 13 0
0 47986 14 0
0 39942 15 0
0 39942 0 0
0 39942 1 0
0 39942 2 0
0 39942 3 0
0 39942 4 0
0 60684 5 0
0 60684 6 0
0 60684 7 0
0 60684 8 0
0 60684 9 0
0 60684 10 0
0 32479 11 0
0 32479 12 0
0 32479 13 0
0 32479 14 0
0 32479 15 0
0 32479 0 0
0 46375 1 0
0 46375 2 0
0 46375 3 0
0 46375 4 0
0 46375 5 0
0 46375 6 0
0 50646 7 0
0 50646 8 0
0 50646 9 0
0 50646 10 0
0 50646 11 0
0 50646 12 0
0 42793 13 0
0 42793 14 0
0 42793 15 0
0 42793 0 0
0 42793 1 0
0 42793 2 0
0 62668 3 0
0 62668 4 0
0 62668 5 0
0 62668 6 0
0 62668 7 0
0 62668 8 0
0 9721 9 0
0 9721 10 0
0 9721 11 0
0 9721 12 0
0 9721 13 0
0 9721 14 0
0 31293 15 0
0 31293 0 0
0 31293 1 0
0 31293 2 0
0 31293 3 0
0 31293 4 0
0 9903 5 0
0 9903 6 0
0 9903 7 0
0 9903 8 0
0 9903 9 0
0 9903 10 0
0 59873 11 0
0 59873 12 0
0 59873 13 0
0 59873 14 0
0 59873 15 0
0 59873 0 0
0 5381 1 0
0 5381 2 0
0 5381 3 0
0 5381 4 0
0 5381 5 0
0 5381 6 0
0 25052 7 0
0 25052 8 0
0 25052 9 0
0 25052 10 0
0 25052 11 0
0 25052 12 0
0 34090 13 0
0 34090 14 0
0 34090 15 0
0 34090 0 0
0 34090 1 0
0 34090 2 0
0 12874 3 0
0 12874 4 0
0 12874 5 0
0 12874 6 0
0 12874 7 0
0 12874 8 0
0 51515 9 0
0 51515 10 0
0 51515 11 0
0 51515 12 0
0 51515 13 0
0 51515 14 0
0 46056 15 0
0 46056 0 0
0 46056 1 0
0 46056 2 0
0 46056 3 0
0 46056 4 0
0 53059 5 0
0 53059 6 0
0 53059 7 0
0 53059 8 0
0 53059 9 0
0 53059 10 0
0 38176 11 0
0 38176 12 0
0 38176 13 0
0 38176 14 0
0 38176 15 0
0 38176 0 0
0 49137 1 0
0 49137 2 0
0 49137 3 0
0 49137 4 0
0 49137 5 0
0 49137 6 0
0 13745 7 0
0 13745 8 0
0 13745 9 0
0 13745 10 0
0 13745 11 0
0 13745 12 0
0 4203 13 0
0 4203 14 0
0 4203 15 0
0 4203 0 0
0 4203 1 0
0 4203 2 0
0 11698 3 0
0 11698 4 0
0 11698 5 0
0 11698 6 0
0 11698 7 0
0 11698 8 0
0 28979 9 0
0 28979 10 0
0 28979 11 0
0 28979 12 0
0 28979 13 0
0 28979 14 0
0 65235 15 0
0 65235 0 0
0 65235 1 0
0 65235 2 0
0 65235 3 0
0 65235 4 0
0 887 5 0
0 887 6 0
0 887 7 0
0 887 8 0
0 887 9 0
0 887 10 0
0 54967 11 0
0 54967 12 0
0 54967 13 0
0 54967 14 0
0 54967 15 0
0 54967 0 0
0 26977 1 0
0 26977 2 0
0 26977 3 0
0 26977 4 0
0 26977 5 0
0 26977 6 0
0 30204 7 0
0 30204 8 0
0 30204 9 0
0 30204 10 0
0 30204 11 0
0 30204 12 0
0 36224 13 0
0 36224 14 0
0 36224 15 0
0 36224 0 0
0 36224 1 0
0 36224 2 0
0 46900 3 0
0 46900 4 0
0 46900 5 0
0 46900 6 0
0 46900 7 0
0 46900 8 0
0 5858 9 0
0 5858 10 0
0 5858 11 0
0 5858 12 0
0 5858 13 0
0 5858 14 0
0 42819 15 0
0 42819 0 0
0 42819 1 0
0 42819 2 0
0 42819 3 0
0 42819 4 0
0 15782 5 0
0 15782 6 0
0 15782 7 0
0 15782 8 0
0 15782 9 0
0 15782 10 0
0 3752 11 0
0 3752 12 0
0 3752 13 0
0 3752 14 0
0 3752 15 0
0 3752 0 0
0 47014 1 0
0 47014 2 0
0 47014 3 0
0 47014 4 0
0 47014 5 0
0 47014 6 0
0 21833 7 0
0 21833 8 0
0 21833 9 0
0 21833 10 0
0 21833 11 0
0 21833 12 0
0 28046 13 0
0 28046 14 0
0 28046 15 0
0 28046 0 0
0 28046 1 0
0 28046 2 0
0 42840 3 0
0 42840 4 0
0 42840 5 0
0 42840 6 0
0 42840 7 0
0 42840 8 0
0 40769 9 0
0 40769 10 0
0 40769 11 0
0 40769 12 0
0 40769 13 0
0 40769 14 0
0 4188 15 0
0 4188 0 0
0 4188 1 0
0 4188 2 0
0 4188 3 0
0 4188 4 0
0 32364 5 0
0 32364 6 0
0 32364 7 0
0 32364 8 0
0 32364 9 0
0 32364 10 0
0 32275 11 0
0 32275 12 0
0 32275 13 0
0 32275 14 0
0 32275 15 0
0 32275 0 0
0 65336 1 0
0 65336 2 0
0 65336 3 0
0 65336 4 0
0 65336 5 0
0 65336 6 0
0 14768 7 0
0 14768 8 0
0 14768 9 0
0 14768 10 0
0 14768 11 0
0 14768 12 0
0 60978 13 0
0 60978 14 0
0 60978 15 0
0 60978 0 0
0 60978 1 0
0 60978 2 0
0 36398 3 0
0 36398 4 0
0 36398 5 0
0 36398 6 0
0 36398 7 0
0 36398 8 0
0 42845 9 0
0 42845 10 0
0 42845 11 0
0 42845 12 0
0 42845 13 0
0 42845 14 0
0 33066 15 0
0 33066 0 0
0 33066 1 0
0 33066 2 0
0 33066 3 0
0 33066 4 0
0 32074 5 0
0 32074 6 0
0 32074 7 0
0 32074 8 0
0 32074 9 0
0 32074 10 0
0 4545 11 0
0 4545 12 0
0 4545 13 0
0 4545 14 0
0 4545 15 0
0 4545 0 0
0 60116 1 0
0 60116 2 0
0 60116 3 0
0 60116 4 0
0 60116 5 0
0 60116 6 0
0 43421 7 0
0 43421 8 0
0 43421 9 0
0 43421 10 0
0 43421 11 0
0 43421 12 0
0 54903 13 0
0 54903 14 0
0 54903 15 0
0 54903 0 0
0 54903 1 0
0 54903 2 0
0 60824 3 0
0 60824 4 0
0 60824 5 0
0 60824 6 0
0 60824 7 0
0 60824 8 0
0 21721 9 0
0 21721 10 0
0 21721 11 0
0 21721 12 0
0 21721 13 0
0 21721 14 0
0 63526 15 0
0 63526 0 0
0 63526 1 0
0 63526 2 0
0 63526 3 0
0 63526 4 0
0 13725 5 0
0 13725 6 0
0 13725 7 0
0 13725 8 0
0 13725 9 0
0 13725 10 0
0 31459 11 0
0 31459 12 0
0 31459 13 0
0 31459 14 0
0 31459 15 0
0 31459 0 0
0 43977 1 0
0 43977 2 0
0 43977 3 0
0 43977 4 0
0 43977 5 0
0 43977 6 0
0 43691 7 0
0 43691 8 0
0 43691 9 0
0 43691 10 0
0 43691 11 0
0 43691 12 0
0 48872 13 0
0 48872 14 0
0 48872 15 0
0 48872 0 0
0 48872 1 0
0 48872 2 0
0 55264 3 0
0 55264 4 0
0 55264 5 0
0 55264 6 0
0 55264 7 0
0 55264 8 0
0 44330 9 0
0 44330 10 0
0 44330 11 0
0 44330 12 0
0 44330 13 0
0 44330 14 0
0 8834 15 0
0 8834 0 0
0 8834 1 0
0 8834 2 0
0 8834 3 0
0 8834 4 0
0 39273 5 0
0 39273 6 0
0 39273 7 0
0 39273 8 0
0 39273 9 0
0 39273 10 0
0 17990 11 0
0 17990 12 0
0 17990 13 0
0 17990 14 0
0 17990 15 0
0 17990 0 0
0 48008 1 0
0 48008 2 0
0 48008 3 0
0 48008 4 0
0 48008 5 0
0 48008 6 0
0 30780 7 0
0 30780 8 0
0 30780 9 0
0 30780 10 0
0 30780 11 0
0 30780 12 0
0 64914 13 0
0 64914 14 0
0 64914 15 0
0 64914 0 0
0 64914 1 0
0 64914 2 0
0 18176 3 0
0 18176 4 0
0 18176 5 0
0 18176 6 0
0 18176 7 0
0 18176 8 0
0 36696 9 0
0 36696 10 0
0 36696 11 0
0 36696 12 0
0 36696 13 0
0 36696 14 0
0 10983 15 0
0 10983 0 0
0 10983 1 0
0 10983 2 0
0 10983 3 0
0 10983 4 0
0 18969 5 0
0 18969 6 0
0 18969 7 0
0 18969 8 0
0 18969 9 0
0 18969 10 0
0 42698 11 0
0 42698 12 0
0 42698 13 0
0 42698 14 0
0 42698 15 0
0 42698 0 0
0 12175 1 0
0 12175 2 0
0 12175 3 0
0 12175 4 0
0 12175 5 0
0 12175 6 0
0 36216 7 0
0 36216 8 0
0 36216 9 0
0 36216 10 0
0 36216 11 0
0 36216 12 0
0 5516 13 0
0 5516 14 0
0 5516 15 0
0 5516 0 0
0 5516 1 0
0 5516 2 0
0 2018 3 0
0 2018 4 0
0 2018 5 0
0 2018 6 0
0 2018 7 0
0 2018 8 0
0 60837 9 0
0 60837 10 0
0 60837 11 0
0 60837 12 0
0 60837 13 0
0 60837 14 0
0 9843 15 0
0 9843 0 0
0 9843 1 0
0 9843 2 0
0 9843 3 0
0 9843 4 0
0 7450 5 0
0 7450 6 0
0 7450 7 0
0 7450 8 0
0 7450 9 0
0 7450 10 0
0 46070 11 0
0 46070 12 0
0 46070 13 0
0 46070 14 0
0 46070 15 0
0 46070 0 0
0 4791 1 0
0 4791 2 0
0 4791 3 0
0 4791 4 0
0 4791 5 0
0 4791 6 0
0 54080 7 0
0 54080 8 0
0 54080 9 0
0 54080 10 0
0 54080 11 0
0 54080 12 0
0 34997 13 0
0 34997 14 0
0 34997 15 0
0 34997 0 0
0 34997 1 0
0 34997 2 0
0 4014 3 0
0 4014 4 0
0 4014 5 0
0 4014 6 0
0 4014 7 0
0 4014 8 0
0 61770 9 0
0 61770 10 0
0 61770 11 0
0 61770 12 0
0 61770 13 0
0 61770 14 0
0 30076 15 0
0 30076 0 0
0 30076 1 0
0 30076 2 0
0 30076 3 0
0 30076 4 0
0 10959 5 0
0 10959 6 0
0 10959 7 0
0 10959 8 0
0 10959 9 0
0 10959 10 0
0 2036 11 0
0 2036 12 0
0 2036 13 0
0 2036 14 0
0 2036 15 0
0 2036 0 0
0 25274 1 0
0 25274 2 0
0 25274 3 0
0 25274 4 0
0 25274 5 0
0 25274 6 0
0 44093 7 0
0 44093 8 0
0 44093 9 0
0 44093 10 0
0 44093 11 0
0 44093 12 0
0 48957 13 0
0 48957 14 0
0 48957 15 0
0 48957 0 0
0 48957 1 0
0 48957 2 0
0 21118 3 0
0 21118 4 0
0 21118 5 0
0 21118 6 0
0 21118 7 0
0 21118 8 0
0 19004 9 0
0 19004 10 0
0 19004 11 0
0 19004 12 0
0 19004 13 0
0 19004 14 0
0 50096 15 0
0 50096 0 0
0 50096 1 0
0 50096 2 0
0 50096 3 0
0 50096 4 0
0 4699 5 0
0 4699 6 0
0 4699 7 0
0 4699 8 0
0 4699 9 0
0 4699 10 0
0 58837 11 0
0 58837 12 0
0 58837 13 0
0 58837 14 0
0 58837 15 0
0 58837 0 0
0 15366 1 0
0 15366 2 0
0 15366 3 0
0 15366 4 0
0 15366 5 0
0 15366 6 0
0 59989 7 0
0 59989 8 0
0 59989 9 0
0 59989 10 0
0 59989 11 0
0 59989 12 0
0 42590 13 0
0 42590 14 0
0 42590 15 0
0 42590 0 0
0 42590 1 0
0 42590 2 0
0 7853 3 0
0 7853 4 0
0 7853 5 0
0 7853 6 0
0 7853 7 0
0 7853 8 0
0 22380 9 0
0 22380 10 0
0 22380 11 0
0 22380 12 0
0 22380 13 0
0 22380 14 0
0 37020 15 0
0 37020 0 0
0 37020 1 0
0 37020 2 0
0 37020 3 0
0 37020 4 0
0 22241 5 0
0 22241 6 0
0 22241 7 0
0 22241 8 0
0 22241 9 0
0 22241 10 0
0 24759 11 0
0 24759 12 0
0 24759 13 0
0 24759 14 0
0 24759 15 0
0 24759 0 0
0 32205 1 0
0 32205 2 0
0 32205 3 0
0 32205 4 0
0 32205 5 0
0 32205 6 0
0 53120 7 0
0 53120 8 0
0 53120 9 0
0 53120 10 0
0 53120 11 0
0 53120 12 0
0 19200 13 0
0 19200 14 0
0 19200 15 0
0 19200 0 0
0 19200 1 0
0 19200 2 0
0 26002 3 0
0 26002 4 0
0 26002 5 0
0 26002 6 0
0 26002 7 0
0 26002 8 0
0 45054 9 0
0 45054 10 0
0 45054 11 0
0 45054 12 0
0 45054 13 0
0 45054 14 0
0 60996 15 0
0 60996 0 0
0 60996 1 0
0 60996 2 0
0 60996 3 0
0 60996 4 0
0 5933 5 0
0 5933 6 0
0 5933 7 0
0 5933 8 0
0 5933 9 0
0 5933 10 0
0 22056 11 0
0 22056 12 0
0 22056 13 0
0 22056 14 0
0 22056 15 0
0 22056 0 0
0 48851 1 0
0 48851 2 0
0 48851 3 0
0 48851 4 0
0 48851 5 0
0 48851 6 0
0 53974 7 0
0 53974 8 0
0 53974 9 0
0 53974 10 0
0 53974 11 0
0 53974 12 0
0 14515 13 0
0 14515 14 0
0 14515 15 0
0 14515 0 0
0 14515 1 0
0 14515 2 0
0 16328 3 0
0 16328 4 0
0 16328 5 0
0 16328 6 0
0 16328 7 0
0 16328 8 0
0 54977 9 0
0 54977 10 0
0 54977 11 0
0 54977 12 0
0 54977 13 0
0 54977 14 0
0 48302 15 0
0 48302 0 0
0 48302 1 0
0 48302 2 0
0 48302 3 0
0 48302 4 0
0 61388 5 0
0 61388 6 0
0 61388 7 0
0 61388 8 0
0 61388 9 0
0 61388 10 0
0 42826 11 0
0 42826 12 0
0 42826 13 0
0 42826 14 0
0 42826 15 0
0 42826 0 0
0 13010 1 0
0 13010 2 0
0 13010 3 0
0 13010 4 0
0 13010 5 0
0 13010 6 0
0 46889 7 0
0 46889 8 0
0 46889 9 0
0 46889 10 0
0 46889 11 0
0 46889 12 0
0 4130 13 0
0 4130 14 0
0 4130 15 0
0 4130 0 0
0 4130 1 0
0 4130 2 0
0 59806 3 0
0 59806 4 0
0 59806 5 0
0 59806 6 0
0 59806 7 0
0 59806 8 0
0 48394 9 0
0 48394 10 0
0 48394 11 0
0 48394 12 0
0 48394 13 0
0 48394 14 0
0 38809 15 0
0 38809 0 0
0 38809 1 0
0 38809 2 0
0 38809 3 0
0 38809 4 0
0 17838 5 0
0 17838 6 0
0 17838 7 0
0 17838 8 0
0 17838 9 0
0 17838 10 0
0 37458 11 0
0 37458 12 0
0 37458 13 0
0 37458 14 0
0 37458 15 0
0 37458 0 0
0 15530 1 0
0 15530 2 0
0 15530 3 0
0 15530 4 0
0 15530 5 0
0 15530 6 0
0 54108 7 0
0 54108 8 0
0 54108 9 0
0 54108 10 0
0 54108 11 0
0 54108 12 0
0 13717 13 0
0 13717 14 0
0 13717 15 0
0 13717 0 0
0 13717 1 0
0 13717 2 0
0 11845 3 0
0 11845 4 0
0 11845 5 0
0 11845 6 0
0 11845 7 0
0 11845 8 0
0 22983 9 0
0 22983 10 0
0 22983 11 0
0 22983 12 0
0 22983 13 0
0 22983 14 0
0 14194 15 0
0 14194 0 0
0 14194 1 0
0 14194 2 0
0 14194 3 0
0 14194 4 0
0 25914 5 0
0 25914 6 0
0 25914 7 0
0 25914 8 0
0 25914 9 0
0 25914 10 0
0 23709 11 0
0 23709 12 0
0 23709 13 0
0 23709 14 0
0 23709 15 0
0 23709 0 0
0 32737 1 0
0 32737 2 0
0 32737 3 0
0 32737 4 0
0 32737 5 0
0 32737 6 0
0 53365 7 0
0 53365 8 0
0 53365 9 0
0 53365 10 0
0 53365 11 0
0 53365 12 0
0 39341 13 0
0 39341 14 0
0 39341 15 0
0 39341 0 0
0 39341 1 0
0 39341 2 0
0 40188 3 0
0 40188 4 0
0 40188 5 0
0 40188 6 0
0 40188 7 0
0 40188 8 0
0 419 9 0
0 419 10 0
0 419 11 0
0 419 12 0
0 419 13 0
0 419 14 0
0 59734 15 0
0 59734 0 0
0 59734 1 0
0 59734 2 0
0 59734 3 0
0 59734 4 0
0 8074 5 0
0 8074 6 0
0 8074 7 0
0 8074 8 0
0 8074 9 0
0 8074 10 0
0 25945 11 0
0 25945 12 0
0 25945 13 0
0 25945 14 0
0 25945 15 0
0 25945 0 0
0 59818 1 0
0 59818 2 0
0 59818 3 0
0 59818 4 0
0 59818 5 0
0 59818 6 0
0 60666 7 0
0 60666 8 0
0 60666 9 0
0 60666 10 0
0 60666 11 0
0 60666 12 0
0 4024 13 0
0 4024 14 0
0 4024 15 0
0 4024 0 0
0 4024 1 0
0 4024 2 0
0 11663 3 0
0 11663 4 0
0 11663 5 0
0 11663 6 0
0 11663 7 0
0 11663 8 0
0 17926 9 0
0 17926 10 0
0 17926 11 0
0 17926 12 0
0 17926 13 0
0 17926 14 0
0 48329 15 0
0 48329 0 0
0 48329 1 0
0 48329 2 0
0 48329 3 0
0 48329 4 0
0 54425 5 0
0 54425 6 0
0 54425 7 0
0 54425 8 0
0 54425 9 0
0 54425 10 0
0 36851 11 0
0 36851 12 0
0 36851 13 0
0 36851 14 0
0 36851 15 0
0 36851 0 0
0 20899 1 0
0 20899 2 0
0 20899 3 0
0 20899 4 0
0 20899 5 0
0 20899 6 0
0 7219 7 0
0 7219 8 0
0 7219 9 0
0 7219 10 0
0 7219 11 0
0 7219 12 0
0 41191 13 0
0 41191 14 0
0 41191 15 0
0 41191 0 0
0 41191 1 0
0 41191 2 0
0 42121 3 0
0 42121 4 0
0 42121 5 0
0 42121 6 0
0 42121 7 0
0 42121 8 0
0 39877 9 0
0 39877 10 0
0 39877 11 0
0 39877 12 0
0 39877 13 0
0 39877 14 0
0 20266 15 0
0 20266 0 0
0 20266 1 0
0 20266 2 0
0 20266 3 0
0 20266 4 0
0 38294 5 0
0 38294 6 0
0 38294 7 0
0 38294 8 0
0 38294 9 0
0 38294 10 0
0 21617 11 0
0 21617 12 0
0 21617 13 0
0 21617 14 0
0 21617 15 0
0 21617 0 0
0 45257 1 0
0 45257 2 0
0 45257 3 0
0 45257 4 0
0 45257 5 0
0 45257 6 0
0 20548 7 0
0 20548 8 0
0 20548 9 0
0 20548 10 0
0 20548 11 0
0 20548 12 0
0 29827 13 0
0 29827 14 0
0 29827 15 0
0 29827 0 0
0 29827 1 0
0 29827 2 0
0 64232 3 0
0 64232 4 0
0 64232 5 0
0 64232 6 0
0 64232 7 0
0 64232 8 0
0 3964 9 0
0 3964 10 0
0 3964 11 0
0 3964 12 0
0 3964 13 0
0 3964 14 0
0 58960 15 0
0 58960 0 0
0 58960 1 0
0 58960 2 0
0 58960 3 0
0 58960 4 0
0 22014 5 0
0 22014 6 0
0 22014 7 0
0 22014 8 0
0 22014 9 0
0 22014 10 0
0 33093 11 0
0 33093 12 0
0 33093 13 0
0 33093 14 0
0 33093 15 0
0 33093 0 0
0 52767 1 0
0 52767 2 0
0 52767 3 0
0 52767 4 0
0 52767 5 0
0 52767 6 0
0 3933 7 0
0 3933 8 0
0 3933 9 0
0 3933 10 0
0 3933 11 0
0 3933 12 0
0 53531 13 0
0 53531 14 0
0 53531 15 0
0 53531 0 0
0 53531 1 0
0 53531 2 0
0 9714 3 0
0 9714 4 0
0 9714 5 0
0 9714 6 0
0 9714 7 0
0 9714 8 0
0 22231 9 0
0 22231 10 0
0 22231 11 0
0 22231 12 0
0 22231 13 0
0 22231 14 0
0 51346 15 0
0 51346 0 0
0 51346 1 0
0 51346 2 0
0 51346 3 0
0 51346 4 0
0 12085 5 0
0 12085 6 0
0 12085 7 0
0 12085 8 0
0 12085 9 0
0 12085 10 0
0 14911 11 0
0 14911 12 0
0 14911 13 0
0 14911 14 0
0 14911 15 0
0 14911 0 0
0 25923 1 0
0 25923 2 0
0 25923 3 0
0 25923 4 0
0 25923 5 0
0 25923 6 0
0 54491 7 0
0 54491 8 0
0 54491 9 0
0 54491 10 0
0 54491 11 0
0 54491 12 0
0 34387 13 0
0 34387 14 0
0 34387 15 0
0 34387 0 0
0 34387 1 0
0 34387 2 0
0 19053 3 0
0 19053 4 0
0 19053 5 0
0 19053 6 0
0 19053 7 0
0 19053 8 0
0 36411 9 0
0 36411 10 0
0 36411 11 0
0 36411 12 0
0 36411 13 0
0 36411 14 0
0 65533 15 0
0 65533 0 0
0 65533 1 0
0 65533 2 0
0 65533 3 0
0 65533 4 0
0 23289 5 0
0 23289 6 0
0 23289 7 0
0 23289 8 0
0 23289 9 0
0 23289 10 0
0 52302 11 0
0 52302 12 0
0 52302 13 0
0 52302 14 0
0 52302 15 0
0 52302 0 0
0 26552 1 0
0 26552 2 0
0 26552 3 0
0 26552 4 0
0 26552 5 0
0 26552 6 0
0 38556 7 0
0 38556 8 0
0 38556 9 0
0 38556 10 0
0 38556 11 0
0 38556 12 0
0 52225 13 0
0 52225 14 0
0 52225 15 0
0 52225 0 0
0 52225 1 0
0 52225 2 0
0 25949 3 0
0 25949 4 0
0 25949 5 0
0 25949 6 0
0 25949 7 0
0 25949 8 0
0 3481 9 0
0 3481 10 0
0 3481 11 0
0 3481 12 0
0 3481 13 0
0 3481 14 0
0 8445 15 0
0 8445 0 0
0 8445 1 0
0 8445 2 0
0 8445 3 0
0 8445 4 0
0 60960 5 0
0 60960 6 0
0 60960 7 0
0 60960 8 0
0 60960 9 0
0 60960 10 0
0 47788 11 0
0 47788 12 0
0 47788 13 0
0 47788 14 0
0 47788 15 0
0 47788 0 0
0 27572 1 0
0 27572 2 0
0 27572 3 0
0 27572 4 0
0 27572 5 0
0 27572 6 0
0 52074 7 0
0 52074 8 0
0 52074 9 0
0 52074 10 0
0 52074 11 0
0 52074 12 0
0 57076 13 0
0 57076 14 0
0 57076 15 0
0 57076 0 0
0 57076 1 0
0 57076 2 0
0 4208 3 0
0 4208 4 0
0 4208 5 0
0 4208 6 0
0 4208 7 0
0 4208 8 0
0 12138 9 0
0 12138 10 0
0 12138 11 0
0 12138 12 0
0 12138 13 0
0 12138 14 0
0 48906 15 0
0 48906 0 0
0 48906 1 0
0 48906 2 0
0 48906 3 0
0 48906 4 0
0 26515 5 0
0 26515 6 0
0 26515 7 0
0 26515 8 0
0 26515 9 0
0 26515 10 0
0 28112 11 0
0 28112 12 0
0 28112 13 0
0 28112 14 0
0 28112 15 0
0 28112 0 0
0 48836 1 0
0 48836 2 0
0 48836 3 0
0 48836 4 0
0 48836 5 0
0 48836 6 0
0 61246 7 0
0 61246 8 0
0 61246 9 0
0 61246 10 0
0 61246 11 0
0 61246 12 0
0 29204 13 0
0 29204 14 0
0 29204 15 0
0 29204 0 0
0 29204 1 0
0 29204 2 0
0 64564 3 0
0 64564 4 0
0 64564 5 0
0 64564 6 0
0 64564 7 0
0 64564 8 0
0 9597 9 0
0 9597 10 0
0 9597 11 0
0 9597 12 0
0 9597 13 0
0 9597 14 0
0 25107 15 0
0 25107 0 0
0 25107 1 0
0 25107 2 0
0 25107 3 0
0 25107 4 0
0 48957 5 0
0 48957 6 0
0 48957 7 0
0 48957 8 0
0 48957 9 0
0 48957 10 0
0 47955 11 0
0 47955 12 0
0 47955 13 0
0 47955 14 0
0 47955 15 0
0 47955 0 0
0 50575 1 0
0 50575 2 0
0 50575 3 0
0 50575 4 0
0 50575 5 0
0 50575 6 0
0 57494 7 0
0 57494 8 0
0 57494 9 0
0 57494 10 0
0 57494 11 0
0 57494 12 0
0 31655 13 0
0 31655 14 0
0 31655 15 0
0 31655 0 0
0 31655 1 0
0 31655 2 0
0 19679 3 0
0 19679 4 0
0 19679 5 0
0 19679 6 0
0 19679 7 0
0 19679 8 0
0 12833 9 0
0 12833 10 0
0 12833 11 0
0 12833 12 0
0 12833 13 0
0 12833 14 0
0 50602 15 0
0 50602 0 0
0 50602 1 0
0 50602 2 0
0 50602 3 0
0 50602 4 0
0 56205 5 0
0 56205 6 0
0 56205 7 0
0 56205 8 0
0 56205 9 0
0 56205 10 0
0 40883 11 0
0 40883 12 0
0 40883 13 0
0 40883 14 0
0 40883 15 0
0 40883 0 0
0 46550 1 0
0 46550 2 0
0 46550 3 0
0 46550 4 0
0 46550 5 0
0 46550 6 0
0 57884 7 0
0 57884 8 0
0 57884 9 0
0 57884 10 0
0 57884 11 0
0 57884 12 0
0 30201 13 0
0 30201 14 0
0 30201 15 0
0 30201 0 0
0 30201 1 0
0 30201 2 0
0 35514 3 0
0 35514 4 0
0 35514 5 0
0 35514 6 0
0 35514 7 0
0 35514 8 0
0 47838 9 0
0 47838 10 0
0 47838 11 0
0 47838 12 0
0 47838 13 0
0 47838 14 0
0 48026 15 0
0 48026 0 0
0 48026 1 0
0 48026 2 0
0 48026 3 0
0 48026 4 0
0 27105 5 0
0 27105 6 0
0 27105 7 0
0 27105 8 0
0 27105 9 0
0 27105 10 0
0 10333 11 0
0 10333 12 0
0 10333 13 0
0 10333 14 0
0 10333 15 0
0 10333 0 0
0 46636 1 0
0 46636 2 0
0 46636 3 0
0 46636 4 0
0 46636 5 0
0 46636 6 0
0 16708 7 0
0 16708 8 0
0 16708 9 0
0 16708 10 0
0 16708 11 0
0 16708 12 0
0 9561 13 0
0 9561 14 0
0 9561 15 0
