0 0 0 0
0 0 1 0
0 0 2 0
0 0 3 0
0 0 4 0
0 27573 5 0
0 27573 6 0
0 27573 7 0
0 27573 8 0
0 27573 9 0
0 27573 10 0
0 51079 11 0
0 51079 12 0
0 51079 13 0
0 51079 14 0
0 51079 15 0
0 51079 0 0
0 56266 1 0
0 56266 2 0
0 56266 3 0
0 56266 4 0
0 56266 5 0
0 56266 6 0
0 39082 7 0
0 39082 8 0
0 39082 9 0
0 39082 10 0
0 39082 11 0
0 39082 12 0
0 32127 13 0
0 32127 14 0
0 32127 15 0
0 32127 0 0
0 32127 1 0
0 32127 2 0
0 7934 3 0
0 7934 4 0
0 7934 5 0
0 7934 6 0
0 7934 7 0
0 7934 8 0
0 63526 9 0
0 63526 10 0
0 63526 11 0
0 63526 12 0
0 63526 13 0
0 63526 14 0
0 17707 15 0
0 17707 0 0
0 17707 1 0
0 17707 2 0
0 17707 3 0
0 17707 4 0
0 45768 5 0
0 45768 6 0
0 45768 7 0
0 45768 8 0
0 45768 9 0
0 45768 10 0
0 13159 11 0
0 13159 12 0
0 13159 13 0
0 13159 14 0
0 13159 15 0
0 13159 0 0
0 55009 1 0
0 55009 2 0
0 55009 3 0
0 55009 4 0
0 55009 5 0
0 55009 6 0
0 13316 7 0
0 13316 8 0
0 13316 9 0
0 13316 10 0
0 13316 11 0
0 13316 12 0
0 9911 13 0
0 9911 14 0
0 9911 15 0
0 9911 0 0
0 9911 1 0
0 9911 2 0
0 42553 3 0
0 42553 4 0
0 42553 5 0
0 42553 6 0
0 42553 7 0
0 42553 8 0
0 32736 9 0
0 32736 10 0
0 32736 11 0
0 32736 12 0
0 32736 13 0
0 32736 14 0
0 30314 15 0
0 30314 0 0
0 30314 1 0
0 30314 2 0
0 30314 3 0
0 30314 4 0
0 12744 5 0
0 12744 6 0
0 12744 7 0
0 12744 8 0
0 12744 9 0
0 12744 10 0
0 4949 11 0
0 4949 12 0
0 4949 13 0
0 4949 14 0
0 4949 15 0
0 4949 0 0
0 4956 1 0
0 4956 2 0
0 4956 3 0
0 4956 4 0
0 4956 5 0
0 4956 6 0
0 40307 7 0
0 40307 8 0
0 40307 9 0
0 40307 10 0
0 40307 11 0
0 40307 12 0
0 53875 13 0
0 53875 14 0
0 53875 15 0
0 53875 0 0
0 53875 1 0
0 53875 2 0
0 45097 3 0
0 45097 4 0
0 45097 5 0
0 45097 6 0
0 45097 7 0
0 45097 8 0
0 12384 9 0
0 12384 10 0
0 12384 11 0
0 12384 12 0
0 12384 13 0
0 12384 14 0
0 2889 15 0
0 2889 0 0
0 2889 1 0
0 2889 2 0
0 2889 3 0
0 2889 4 0
0 3038 5 0
0 3038 6 0
0 3038 7 0
0 3038 8 0
0 3038 9 0
0 3038 10 0
0 16105 11 0
0 16105 12 0
0 16105 13 0
0 16105 14 0
0 16105 15 0
0 16105 0 0
0 6780 1 0
0 6780 2 0
0 6780 3 0
0 6780 4 0
0 6780 5 0
0 6780 6 0
0 34029 7 0
0 34029 8 0
0 34029 9 0
0 34029 10 0
0 34029 11 0
0 34029 12 0
0 45092 13 0
0 45092 14 0
0 45092 15 0
0 45092 0 0
0 45092 1 0
0 45092 2 0
0 48514 3 0
0 48514 4 0
0 48514 5 0
0 48514 6 0
0 48514 7 0
0 48514 8 0
0 33028 9 0
0 33028 10 0
0 33028 11 0
0 33028 12 0
0 33028 13 0
0 33028 14 0
0 13376 15 0
0 13376 0 0
0 13376 1 0
0 13376 2 0
0 13376 3 0
0 13376 4 0
0 9474 5 0
0 9474 6 0
0 9474 7 0
0 9474 8 0
0 9474 9 0
0 9474 10 0
0 29564 11 0
0 29564 12 0
0 29564 13 0
0 29564 14 0
0 29564 15 0
0 29564 0 0
0 39241 1 0
0 39241 2 0
0 39241 3 0
0 39241 4 0
0 39241 5 0
0 39241 6 0
0 34693 7 0
0 34693 8 0
0 34693 9 0
0 34693 10 0
0 34693 11 0
0 34693 12 0
0 6769 13 0
0 6769 14 0
0 6769 15 0
0 6769 0 0
0 6769 1 0
0 6769 2 0
0 51398 3 0
0 51398 4 0
0 51398 5 0
0 51398 6 0
0 51398 7 0
0 51398 8 0
0 17469 9 0
0 17469 10 0
0 17469 11 0
0 17469 12 0
0 17469 13 0
0 17469 14 0
0 13397 15 0
0 13397 0 0
0 13397 1 0
0 13397 2 0
0 13397 3 0
0 13397 4 0
0 40274 5 0
0 40274 6 0
0 40274 7 0
0 40274 8 0
0 40274 9 0
0 40274 10 0
0 6883 11 0
0 6883 12 0
0 6883 13 0
0 6883 14 0
0 6883 15 0
0 6883 0 0
0 15710 1 0
0 15710 2 0
0 15710 3 0
0 15710 4 0
0 15710 5 0
0 15710 6 0
0 30458 7 0
0 30458 8 0
0 30458 9 0
0 30458 10 0
0 30458 11 0
0 30458 12 0
0 17654 13 0
0 17654 14 0
0 17654 15 0
0 17654 0 0
0 17654 1 0
0 17654 2 0
0 7537 3 0
0 7537 4 0
0 7537 5 0
0 7537 6 0
0 7537 7 0
0 7537 8 0
0 57921 9 0
0 57921 10 0
0 57921 11 0
0 57921 12 0
0 57921 13 0
0 57921 14 0
0 8754 15 0
0 8754 0 0
0 8754 1 0
0 8754 2 0
0 8754 3 0
0 8754 4 0
0 44517 5 0
0 44517 6 0
0 44517 7 0
0 44517 8 0
0 44517 9 0
0 44517 10 0
0 15738 11 0
0 15738 12 0
0 15738 13 0
0 15738 14 0
0 15738 15 0
0 15738 0 0
0 45818 1 0
0 45818 2 0
0 45818 3 0
0 45818 4 0
0 45818 5 0
0 45818 6 0
0 41844 7 0
0 41844 8 0
0 41844 9 0
0 41844 10 0
0 41844 11 0
0 41844 12 0
0 7279 13 0
0 7279 14 0
0 7279 15 0
0 7279 0 0
0 7279 1 0
0 7279 2 0
0 54707 3 0
0 54707 4 0
0 54707 5 0
0 54707 6 0
0 54707 7 0
0 54707 8 0
0 10093 9 0
0 10093 10 0
0 10093 11 0
0 10093 12 0
0 10093 13 0
0 10093 14 0
0 35984 15 0
0 35984 0 0
0 35984 1 0
0 35984 2 0
0 35984 3 0
0 35984 4 0
0 50888 5 0
0 50888 6 0
0 50888 7 0
0 50888 8 0
0 50888 9 0
0 50888 10 0
0 33895 11 0
0 33895 12 0
0 33895 13 0
0 33895 14 0
0 33895 15 0
0 33895 0 0
0 57165 1 0
0 57165 2 0
0 57165 3 0
0 57165 4 0
0 57165 5 0
0 57165 6 0
0 13292 7 0
0 13292 8 0
0 13292 9 0
0 13292 10 0
0 13292 11 0
0 13292 12 0
0 48847 13 0
0 48847 14 0
0 48847 15 0
0 48847 0 0
0 48847 1 0
0 48847 2 0
0 45820 3 0
0 45820 4 0
0 45820 5 0
0 45820 6 0
0 45820 7 0
0 45820 8 0
0 43002 9 0
0 43002 10 0
0 43002 11 0
0 43002 12 0
0 43002 13 0
0 43002 14 0
0 47576 15 0
0 47576 0 0
0 47576 1 0
0 47576 2 0
0 47576 3 0
0 47576 4 0
0 50636 5 0
0 50636 6 0
0 50636 7 0
0 50636 8 0
0 50636 9 0
0 50636 10 0
0 28178 11 0
0 28178 12 0
0 28178 13 0
0 28178 14 0
0 28178 15 0
0 28178 0 0
0 18554 1 0
0 18554 2 0
0 18554 3 0
0 18554 4 0
0 18554 5 0
0 18554 6 0
0 56568 7 0
0 56568 8 0
0 56568 9 0
0 56568 10 0
0 56568 11 0
0 56568 12 0
0 59703 13 0
0 59703 14 0
0 59703 15 0
0 59703 0 0
0 59703 1 0
0 59703 2 0
0 63649 3 0
0 63649 4 0
0 63649 5 0
0 63649 6 0
0 63649 7 0
0 63649 8 0
0 61274 9 0
0 61274 10 0
0 61274 11 0
0 61274 12 0
0 61274 13 0
0 61274 14 0
0 64682 15 0
0 64682 0 0
0 64682 1 0
0 64682 2 0
0 64682 3 0
0 64682 4 0
0 43548 5 0
0 43548 6 0
0 43548 7 0
0 43548 8 0
0 43548 9 0
0 43548 10 0
0 7965 11 0
0 7965 12 0
0 7965 13 0
0 7965 14 0
0 7965 15 0
0 7965 0 0
0 24188 1 0
0 24188 2 0
0 24188 3 0
0 24188 4 0
0 24188 5 0
0 24188 6 0
0 16739 7 0
0 16739 8 0
0 16739 9 0
0 16739 10 0
0 16739 11 0
0 16739 12 0
0 18538 13 0
0 18538 14 0
0 18538 15 0
0 18538 0 0
0 18538 1 0
0 18538 2 0
0 7898 3 0
0 7898 4 0
0 7898 5 0
0 7898 6 0
0 7898 7 0
0 7898 8 0
0 57508 9 0
0 57508 10 0
0 57508 11 0
0 57508 12 0
0 57508 13 0
0 57508 14 0
0 47568 15 0
0 47568 0 0
0 47568 1 0
0 47568 2 0
0 47568 3 0
0 47568 4 0
0 54991 5 0
0 54991 6 0
0 54991 7 0
0 54991 8 0
0 54991 9 0
0 54991 10 0
0 28398 11 0
0 28398 12 0
0 28398 13 0
0 28398 14 0
0 28398 15 0
0 28398 0 0
0 31429 1 0
0 31429 2 0
0 31429 3 0
0 31429 4 0
0 31429 5 0
0 31429 6 0
0 40084 7 0
0 40084 8 0
0 40084 9 0
0 40084 10 0
0 40084 11 0
0 40084 12 0
0 41781 13 0
0 41781 14 0
0 41781 15 0
0 41781 0 0
0 41781 1 0
0 41781 2 0
0 39012 3 0
0 39012 4 0
0 39012 5 0
0 39012 6 0
0 39012 7 0
0 39012 8 0
0 19367 9 0
0 19367 10 0
0 19367 11 0
0 19367 12 0
0 19367 13 0
0 19367 14 0
0 64208 15 0
0 64208 0 0
0 64208 1 0
0 64208 2 0
0 64208 3 0
0 64208 4 0
0 36992 5 0
0 36992 6 0
0 36992 7 0
0 36992 8 0
0 36992 9 0
0 36992 10 0
0 42039 11 0
0 42039 12 0
0 42039 13 0
0 42039 14 0
0 42039 15 0
0 42039 0 0
0 22657 1 0
0 22657 2 0
0 22657 3 0
0 22657 4 0
0 22657 5 0
0 22657 6 0
0 13209 7 0
0 13209 8 0
0 13209 9 0
0 13209 10 0
0 13209 11 0
0 13209 12 0
0 34250 13 0
0 34250 14 0
0 34250 15 0
0 34250 0 0
0 34250 1 0
0 34250 2 0
0 15203 3 0
0 15203 4 0
0 15203 5 0
0 15203 6 0
0 15203 7 0
0 15203 8 0
0 4422 9 0
0 4422 10 0
0 4422 11 0
0 4422 12 0
0 4422 13 0
0 4422 14 0
0 17469 15 0
0 17469 0 0
0 17469 1 0
0 17469 2 0
0 17469 3 0
0 17469 4 0
0 33660 5 0
0 33660 6 0
0 33660 7 0
0 33660 8 0
0 33660 9 0
0 33660 10 0
0 19418 11 0
0 19418 12 0
0 19418 13 0
0 19418 14 0
0 19418 15 0
0 19418 0 0
0 7822 1 0
0 7822 2 0
0 7822 3 0
0 7822 4 0
0 7822 5 0
0 7822 6 0
0 3806 7 0
0 3806 8 0
0 3806 9 0
0 3806 10 0
0 3806 11 0
0 3806 12 0
0 23882 13 0
0 23882 14 0
0 23882 15 0
0 23882 0 0
0 23882 1 0
0 23882 2 0
0 4606 3 0
0 4606 4 0
0 4606 5 0
0 4606 6 0
0 4606 7 0
0 4606 8 0
0 14057 9 0
0 14057 10 0
0 14057 11 0
0 14057 12 0
0 14057 13 0
0 14057 14 0
0 5607 15 0
0 5607 0 0
0 5607 1 0
0 5607 2 0
0 5607 3 0
0 5607 4 0
0 57822 5 0
0 57822 6 0
0 57822 7 0
0 57822 8 0
0 57822 9 0
0 57822 10 0
0 48946 11 0
0 48946 12 0
0 48946 13 0
0 48946 14 0
0 48946 15 0
0 48946 0 0
0 5617 1 0
0 5617 2 0
0 5617 3 0
0 5617 4 0
0 5617 5 0
0 5617 6 0
0 1150 7 0
0 1150 8 0
0 1150 9 0
0 1150 10 0
0 1150 11 0
0 1150 12 0
0 36500 13 0
0 36500 14 0
0 36500 15 0
0 36500 0 0
0 36500 1 0
0 36500 2 0
0 34994 3 0
0 34994 4 0
0 34994 5 0
0 34994 6 0
0 34994 7 0
0 34994 8 0
0 50762 9 0
0 50762 10 0
0 50762 11 0
0 50762 12 0
0 50762 13 0
0 50762 14 0
0 6321 15 0
0 6321 0 0
0 6321 1 0
0 6321 2 0
0 6321 3 0
0 6321 4 0
0 21312 5 0
0 21312 6 0
0 21312 7 0
0 21312 8 0
0 21312 9 0
0 21312 10 0
0 49992 11 0
0 49992 12 0
0 49992 13 0
0 49992 14 0
0 49992 15 0
0 49992 0 0
0 36181 1 0
0 36181 2 0
0 36181 3 0
0 36181 4 0
0 36181 5 0
0 36181 6 0
0 10457 7 0
0 10457 8 0
0 10457 9 0
0 10457 10 0
0 10457 11 0
0 10457 12 0
0 34539 13 0
0 34539 14 0
0 34539 15 0
0 34539 0 0
0 34539 1 0
0 34539 2 0
0 9713 3 0
0 9713 4 0
0 9713 5 0
0 9713 6 0
0 9713 7 0
0 9713 8 0
0 61344 9 0
0 61344 10 0
0 61344 11 0
0 61344 12 0
0 61344 13 0
0 61344 14 0
0 21961 15 0
0 21961 0 0
0 21961 1 0
0 21961 2 0
0 21961 3 0
0 21961 4 0
0 31560 5 0
0 31560 6 0
0 31560 7 0
0 31560 8 0
0 31560 9 0
0 31560 10 0
0 63087 11 0
0 63087 12 0
0 63087 13 0
0 63087 14 0
0 63087 15 0
0 63087 0 0
0 34105 1 0
0 34105 2 0
0 34105 3 0
0 34105 4 0
0 34105 5 0
0 34105 6 0
0 63612 7 0
0 63612 8 0
0 63612 9 0
0 63612 10 0
0 63612 11 0
0 63612 12 0
0 60834 13 0
0 60834 14 0
0 60834 15 0
0 60834 0 0
0 60834 1 0
0 60834 2 0
0 15138 3 0
0 15138 4 0
0 15138 5 0
0 15138 6 0
0 15138 7 0
0 15138 8 0
0 53104 9 0
0 53104 10 0
0 53104 11 0
0 53104 12 0
0 53104 13 0
0 53104 14 0
0 23867 15 0
0 23867 0 0
0 23867 1 0
0 23867 2 0
0 23867 3 0
0 23867 4 0
0 42522 5 0
0 42522 6 0
0 42522 7 0
0 42522 8 0
0 42522 9 0
0 42522 10 0
0 51045 11 0
0 51045 12 0
0 51045 13 0
0 51045 14 0
0 51045 15 0
0 51045 0 0
0 26160 1 0
0 26160 2 0
0 26160 3 0
0 26160 4 0
0 26160 5 0
0 26160 6 0
0 46941 7 0
0 46941 8 0
0 46941 9 0
0 46941 10 0
0 46941 11 0
0 46941 12 0
0 48701 13 0
0 48701 14 0
0 48701 15 0
0 48701 0 0
0 48701 1 0
0 48701 2 0
0 5323 3 0
0 5323 4 0
0 5323 5 0
0 5323 6 0
0 5323 7 0
0 5323 8 0
0 61664 9 0
0 61664 10 0
0 61664 11 0
0 61664 12 0
0 61664 13 0
0 61664 14 0
0 25121 15 0
0 25121 0 0
0 25121 1 0
0 25121 2 0
0 25121 3 0
0 25121 4 0
0 35086 5 0
0 35086 6 0
0 35086 7 0
0 35086 8 0
0 35086 9 0
0 35086 10 0
0 8078 11 0
0 8078 12 0
0 8078 13 0
0 8078 14 0
0 8078 15 0
0 8078 0 0
0 12858 1 0
0 12858 2 0
0 12858 3 0
0 12858 4 0
0 12858 5 0
0 12858 6 0
0 7715 7 0
0 7715 8 0
0 7715 9 0
0 7715 10 0
0 7715 11 0
0 7715 12 0
0 34399 13 0
0 34399 14 0
0 34399 15 0
0 34399 0 0
0 34399 1 0
0 34399 2 0
0 10897 3 0
0 10897 4 0
0 10897 5 0
0 10897 6 0
0 10897 7 0
0 10897 8 0
0 37728 9 0
0 37728 10 0
0 37728 11 0
0 37728 12 0
0 37728 13 0
0 37728 14 0
0 54756 15 0
0 54756 0 0
0 54756 1 0
0 54756 2 0
0 54756 3 0
0 54756 4 0
0 51728 5 0
0 51728 6 0
0 51728 7 0
0 51728 8 0
0 51728 9 0
0 51728 10 0
0 14162 11 0
0 14162 12 0
0 14162 13 0
0 14162 14 0
0 14162 15 0
0 14162 0 0
0 999 1 0
0 999 2 0
0 999 3 0
0 999 4 0
0 999 5 0
0 999 6 0
0 2909 7 0
0 2909 8 0
0 2909 9 0
0 2909 10 0
0 2909 11 0
0 2909 12 0
0 63591 13 0
0 63591 14 0
0 63591 15 0
0 63591 0 0
0 63591 1 0
0 63591 2 0
0 4042 3 0
0 4042 4 0
0 4042 5 0
0 4042 6 0
0 4042 7 0
0 4042 8 0
0 51930 9 0
0 51930 10 0
0 51930 11 0
0 51930 12 0
0 51930 13 0
0 51930 14 0
0 20659 15 0
0 20659 0 0
0 20659 1 0
0 20659 2 0
0 20659 3 0
0 20659 4 0
0 27648 5 0
0 27648 6 0
0 27648 7 0
0 27648 8 0
0 27648 9 0
0 27648 10 0
0 5646 11 0
0 5646 12 0
0 5646 13 0
0 5646 14 0
0 5646 15 0
0 5646 0 0
0 11008 1 0
0 11008 2 0
0 11008 3 0
0 11008 4 0
0 11008 5 0
0 11008 6 0
0 61481 7 0
0 61481 8 0
0 61481 9 0
0 61481 10 0
0 61481 11 0
0 61481 12 0
0 30584 13 0
0 30584 14 0
0 30584 15 0
0 30584 0 0
0 30584 1 0
0 30584 2 0
0 51841 3 0
0 51841 4 0
0 51841 5 0
0 51841 6 0
0 51841 7 0
0 51841 8 0
0 47876 9 0
0 47876 10 0
0 47876 11 0
0 47876 12 0
0 47876 13 0
0 47876 14 0
0 36569 15 0
0 36569 0 0
0 36569 1 0
0 36569 2 0
0 36569 3 0
0 36569 4 0
0 38348 5 0
0 38348 6 0
0 38348 7 0
0 38348 8 0
0 38348 9 0
0 38348 10 0
0 4492 11 0
0 4492 12 0
0 4492 13 0
0 4492 14 0
0 4492 15 0
0 4492 0 0
0 61253 1 0
0 61253 2 0
0 61253 3 0
0 61253 4 0
0 61253 5 0
0 61253 6 0
0 23490 7 0
0 23490 8 0
0 23490 9 0
0 23490 10 0
0 23490 11 0
0 23490 12 0
0 48876 13 0
0 48876 14 0
0 48876 15 0
0 48876 0 0
0 48876 1 0
0 48876 2 0
0 12096 3 0
0 12096 4 0
0 12096 5 0
0 12096 6 0
0 12096 7 0
0 12096 8 0
0 25320 9 0
0 25320 10 0
0 25320 11 0
0 25320 12 0
0 25320 13 0
0 25320 14 0
0 20655 15 0
0 20655 0 0
0 20655 1 0
0 20655 2 0
0 20655 3 0
0 20655 4 0
0 47168 5 0
0 47168 6 0
0 47168 7 0
0 47168 8 0
0 47168 9 0
0 47168 10 0
0 15838 11 0
0 15838 12 0
0 15838 13 0
0 15838 14 0
0 15838 15 0
0 15838 0 0
0 65521 1 0
0 65521 2 0
0 65521 3 0
0 65521 4 0
0 65521 5 0
0 65521 6 0
0 64074 7 0
0 64074 8 0
0 64074 9 0
0 64074 10 0
0 64074 11 0
0 64074 12 0
0 12390 13 0
0 12390 14 0
0 12390 15 0
0 12390 0 0
0 12390 1 0
0 12390 2 0
0 8524 3 0
0 8524 4 0
0 8524 5 0
0 8524 6 0
0 8524 7 0
0 8524 8 0
0 45770 9 0
0 45770 10 0
0 45770 11 0
0 45770 12 0
0 45770 13 0
0 45770 14 0
0 34476 15 0
0 34476 0 0
0 34476 1 0
0 34476 2 0
0 34476 3 0
0 34476 4 0
0 16226 5 0
0 16226 6 0
0 16226 7 0
0 16226 8 0
0 16226 9 0
0 16226 10 0
0 20560 11 0
0 20560 12 0
0 20560 13 0
0 20560 14 0
0 20560 15 0
0 20560 0 0
0 22480 1 0
0 22480 2 0
0 22480 3 0
0 22480 4 0
0 22480 5 0
0 22480 6 0
0 38964 7 0
0 38964 8 0
0 38964 9 0
0 38964 10 0
0 38964 11 0
0 38964 12 0
0 31158 13 0
0 31158 14 0
0 31158 15 0
0 31158 0 0
0 31158 1 0
0 31158 2 0
0 5456 3 0
0 5456 4 0
0 5456 5 0
0 5456 6 0
0 5456 7 0
0 5456 8 0
0 52963 9 0
0 52963 10 0
0 52963 11 0
0 52963 12 0
0 52963 13 0
0 52963 14 0
0 16003 15 0
0 16003 0 0
0 16003 1 0
0 16003 2 0
0 16003 3 0
0 16003 4 0
0 48920 5 0
0 48920 6 0
0 48920 7 0
0 48920 8 0
0 48920 9 0
0 48920 10 0
0 18802 11 0
0 18802 12 0
0 18802 13 0
0 18802 14 0
0 18802 15 0
0 18802 0 0
0 22748 1 0
0 22748 2 0
0 22748 3 0
0 22748 4 0
0 22748 5 0
0 22748 6 0
0 45210 7 0
0 45210 8 0
0 45210 9 0
0 45210 10 0
0 45210 11 0
0 45210 12 0
0 46545 13 0
0 46545 14 0
0 46545 15 0
0 46545 0 0
0 46545 1 0
0 46545 2 0
0 55274 3 0
0 55274 4 0
0 55274 5 0
0 55274 6 0
0 55274 7 0
0 55274 8 0
0 48889 9 0
0 48889 10 0
0 48889 11 0
0 48889 12 0
0 48889 13 0
0 48889 14 0
0 363 15 0
0 363 0 0
0 363 1 0
0 363 2 0
0 363 3 0
0 363 4 0
0 21969 5 0
0 21969 6 0
0 21969 7 0
0 21969 8 0
0 21969 9 0
0 21969 10 0
0 61056 11 0
0 61056 12 0
0 61056 13 0
0 61056 14 0
0 61056 15 0
0 61056 0 0
0 24828 1 0
0 24828 2 0
0 24828 3 0
0 24828 4 0
0 24828 5 0
0 24828 6 0
0 5143 7 0
0 5143 8 0
0 5143 9 0
0 5143 10 0
0 5143 11 0
0 5143 12 0
0 40381 13 0
0 40381 14 0
0 40381 15 0
0 40381 0 0
0 40381 1 0
0 40381 2 0
0 23306 3 0
0 23306 4 0
0 23306 5 0
0 23306 6 0
0 23306 7 0
0 23306 8 0
0 22439 9 0
0 22439 10 0
0 22439 11 0
0 22439 12 0
0 22439 13 0
0 22439 14 0
0 18518 15 0
0 18518 0 0
0 18518 1 0
0 18518 2 0
0 18518 3 0
0 18518 4 0
0 1496 5 0
0 1496 6 0
0 1496 7 0
0 1496 8 0
0 1496 9 0
0 1496 10 0
0 29316 11 0
0 29316 12 0
0 29316 13 0
0 29316 14 0
0 29316 15 0
0 29316 0 0
0 27267 1 0
0 27267 2 0
0 27267 3 0
0 27267 4 0
0 27267 5 0
0 27267 6 0
0 9086 7 0
0 9086 8 0
0 9086 9 0
0 9086 10 0
0 9086 11 0
0 9086 12 0
0 10705 13 0
0 10705 14 0
0 10705 15 0
0 10705 0 0
0 10705 1 0
0 10705 2 0
0 60283 3 0
0 60283 4 0
0 60283 5 0
0 60283 6 0
0 60283 7 0
0 60283 8 0
0 62319 9 0
0 62319 10 0
0 62319 11 0
0 62319 12 0
0 62319 13 0
0 62319 14 0
0 13935 15 0
0 13935 0 0
0 13935 1 0
0 13935 2 0
0 13935 3 0
0 13935 4 0
0 10982 5 0
0 10982 6 0
0 10982 7 0
0 10982 8 0
0 10982 9 0
0 10982 10 0
0 49456 11 0
0 49456 12 0
0 49456 13 0
0 49456 14 0
0 49456 15 0
0 49456 0 0
0 56059 1 0
0 56059 2 0
0 56059 3 0
0 56059 4 0
0 56059 5 0
0 56059 6 0
0 24064 7 0
0 24064 8 0
0 24064 9 0
0 24064 10 0
0 24064 11 0
0 24064 12 0
0 19007 13 0
0 19007 14 0
0 19007 15 0
0 19007 0 0
0 19007 1 0
0 19007 2 0
0 25534 3 0
0 25534 4 0
0 25534 5 0
0 25534 6 0
0 25534 7 0
0 25534 8 0
0 50309 9 0
0 50309 10 0
0 50309 11 0
0 50309 12 0
0 50309 13 0
0 50309 14 0
0 27476 15 0
0 27476 0 0
0 27476 1 0
0 27476 2 0
0 27476 3 0
0 27476 4 0
0 1067 5 0
0 1067 6 0
0 1067 7 0
0 1067 8 0
0 1067 9 0
0 1067 10 0
0 59472 11 0
0 59472 12 0
0 59472 13 0
0 59472 14 0
0 59472 15 0
0 59472 0 0
0 59644 1 0
0 59644 2 0
0 59644 3 0
0 59644 4 0
0 59644 5 0
0 59644 6 0
0 49460 7 0
0 49460 8 0
0 49460 9 0
0 49460 10 0
0 49460 11 0
0 49460 12 0
0 46547 13 0
0 46547 14 0
0 46547 15 0
0 46547 0 0
0 46547 1 0
0 46547 2 0
0 50194 3 0
0 50194 4 0
0 50194 5 0
0 50194 6 0
0 50194 7 0
0 50194 8 0
0 11681 9 0
0 11681 10 0
0 11681 11 0
0 11681 12 0
0 11681 13 0
0 11681 14 0
0 24703 15 0
0 24703 0 0
0 24703 1 0
0 24703 2 0
0 24703 3 0
0 24703 4 0
0 8145 5 0
0 8145 6 0
0 8145 7 0
0 8145 8 0
0 8145 9 0
0 8145 10 0
0 41215 11 0
0 41215 12 0
0 41215 13 0
0 41215 14 0
0 41215 15 0
0 41215 0 0
0 11201 1 0
0 11201 2 0
0 11201 3 0
0 11201 4 0
0 11201 5 0
0 11201 6 0
0 13122 7 0
0 13122 8 0
0 13122 9 0
0 13122 10 0
0 13122 11 0
0 13122 12 0
0 42339 13 0
0 42339 14 0
0 42339 15 0
0 42339 0 0
0 42339 1 0
0 42339 2 0
0 46990 3 0
0 46990 4 0
0 46990 5 0
0 46990 6 0
0 46990 7 0
0 46990 8 0
0 33349 9 0
0 33349 10 0
0 33349 11 0
0 33349 12 0
0 33349 13 0
0 33349 14 0
0 22832 15 0
0 22832 0 0
0 22832 1 0
0 22832 2 0
0 22832 3 0
0 22832 4 0
0 8593 5 0
0 8593 6 0
0 8593 7 0
0 8593 8 0
0 8593 9 0
0 8593 10 0
0 47864 11 0
0 47864 12 0
0 47864 13 0
0 47864 14 0
0 47864 15 0
0 47864 0 0
0 4883 1 0
0 4883 2 0
0 4883 3 0
0 4883 4 0
0 4883 5 0
0 4883 6 0
0 55955 7 0
0 55955 8 0
0 55955 9 0
0 55955 10 0
0 55955 11 0
0 55955 12 0
0 31079 13 0
0 31079 14 0
0 31079 15 0
0 31079 0 0
0 31079 1 0
0 31079 2 0
0 56057 3 0
0 56057 4 0
0 56057 5 0
0 56057 6 0
0 56057 7 0
0 56057 8 0
0 23293 9 0
0 23293 10 0
0 23293 11 0
0 23293 12 0
0 23293 13 0
0 23293 14 0
0 45435 15 0
0 45435 0 0
0 45435 1 0
0 45435 2 0
0 45435 3 0
0 45435 4 0
0 33452 5 0
0 33452 6 0
0 33452 7 0
0 33452 8 0
0 33452 9 0
0 33452 10 0
0 23493 11 0
0 23493 12 0
0 23493 13 0
0 23493 14 0
0 23493 15 0
0 23493 0 0
0 21175 1 0
0 21175 2 0
0 21175 3 0
0 21175 4 0
0 21175 5 0
0 21175 6 0
0 32542 7 0
0 32542 8 0
0 32542 9 0
0 32542 10 0
0 32542 11 0
0 32542 12 0
0 3248 13 0
0 3248 14 0
0 3248 15 0
0 3248 0 0
0 3248 1 0
0 3248 2 0
0 28747 3 0
0 28747 4 0
0 28747 5 0
0 28747 6 0
0 28747 7 0
0 28747 8 0
0 30164 9 0
0 30164 10 0
0 30164 11 0
0 30164 12 0
0 30164 13 0
0 30164 14 0
0 25959 15 0
0 25959 0 0
0 25959 1 0
0 25959 2 0
0 25959 3 0
0 25959 4 0
0 57448 5 0
0 57448 6 0
0 57448 7 0
0 57448 8 0
0 57448 9 0
0 57448 10 0
0 17610 11 0
0 17610 12 0
0 17610 13 0
0 17610 14 0
0 17610 15 0
0 17610 0 0
0 45994 1 0
0 45994 2 0
0 45994 3 0
0 45994 4 0
0 45994 5 0
0 45994 6 0
0 51772 7 0
0 51772 8 0
0 51772 9 0
0 51772 10 0
0 51772 11 0
0 51772 12 0
0 53479 13 0
0 53479 14 0
0 53479 15 0
0 53479 0 0
0 53479 1 0
0 53479 2 0
0 2446 3 0
0 2446 4 0
0 2446 5 0
0 2446 6 0
0 2446 7 0
0 2446 8 0
0 14551 9 0
0 14551 10 0
0 14551 11 0
0 14551 12 0
0 14551 13 0
0 14551 14 0
0 9223 15 0
0 9223 0 0
0 9223 1 0
0 9223 2 0
0 9223 3 0
0 9223 4 0
0 33537 5 0
0 33537 6 0
0 33537 7 0
0 33537 8 0
0 33537 9 0
0 33537 10 0
0 36441 11 0
0 36441 12 0
0 36441 13 0
0 36441 14 0
0 36441 15 0
0 36441 0 0
0 3185 1 0
0 3185 2 0
0 3185 3 0
0 3185 4 0
0 3185 5 0
0 3185 6 0
0 19635 7 0
0 19635 8 0
0 19635 9 0
0 19635 10 0
0 19635 11 0
0 19635 12 0
0 61374 13 0
0 61374 14 0
0 61374 15 0
0 61374 0 0
0 61374 1 0
0 61374 2 0
0 38460 3 0
0 38460 4 0
0 38460 5 0
0 38460 6 0
0 38460 7 0
0 38460 8 0
0 58405 9 0
0 58405 10 0
0 58405 11 0
0 58405 12 0
0 58405 13 0
0 58405 14 0
0 1147 15 0
0 1147 0 0
0 1147 1 0
0 1147 2 0
0 1147 3 0
0 1147 4 0
0 12435 5 0
0 12435 6 0
0 12435 7 0
0 12435 8 0
0 12435 9 0
0 12435 10 0
0 17987 11 0
0 17987 12 0
0 17987 13 0
0 17987 14 0
0 17987 15 0
0 17987 0 0
0 9067 1 0
0 9067 2 0
0 9067 3 0
0 9067 4 0
0 9067 5 0
0 9067 6 0
0 27376 7 0
0 27376 8 0
0 27376 9 0
0 27376 10 0
0 27376 11 0
0 27376 12 0
0 10296 13 0
0 10296 14 0
0 10296 15 0
0 10296 0 0
0 10296 1 0
0 10296 2 0
0 5010 3 0
0 5010 4 0
0 5010 5 0
0 5010 6 0
0 5010 7 0
0 5010 8 0
0 7495 9 0
0 7495 10 0
0 7495 11 0
0 7495 12 0
0 7495 13 0
0 7495 14 0
0 14286 15 0
0 14286 0 0
0 14286 1 0
0 14286 2 0
0 14286 3 0
0 14286 4 0
0 5293 5 0
0 5293 6 0
0 5293 7 0
0 5293 8 0
0 5293 9 0
0 5293 10 0
0 30012 11 0
0 30012 12 0
0 30012 13 0
0 30012 14 0
0 30012 15 0
0 30012 0 0
0 5666 1 0
0 5666 2 0
0 5666 3 0
0 5666 4 0
0 5666 5 0
0 5666 6 0
0 59476 7 0
0 59476 8 0
0 59476 9 0
0 59476 10 0
0 59476 11 0
0 59476 12 0
0 9372 13 0
0 9372 14 0
0 9372 15 0
0 9372 0 0
0 9372 1 0
0 9372 2 0
0 58165 3 0
0 58165 4 0
0 58165 5 0
0 58165 6 0
0 58165 7 0
0 58165 8 0
0 33390 9 0
0 33390 10 0
0 33390 11 0
0 33390 12 0
0 33390 13 0
0 33390 14 0
0 13926 15 0
0 13926 0 0
0 13926 1 0
0 13926 2 0
0 13926 3 0
0 13926 4 0
0 36492 5 0
0 36492 6 0
0 36492 7 0
0 36492 8 0
0 36492 9 0
0 36492 10 0
0 20614 11 0
0 20614 12 0
0 20614 13 0
0 20614 14 0
0 20614 15 0
0 20614 0 0
0 17703 1 0
0 17703 2 0
0 17703 3 0
0 17703 4 0
0 17703 5 0
0 17703 6 0
0 48652 7 0
0 48652 8 0
0 48652 9 0
0 48652 10 0
0 48652 11 0
0 48652 12 0
0 50910 13 0
0 50910 14 0
0 50910 15 0
0 50910 0 0
0 50910 1 0
0 50910 2 0
0 4320 3 0
0 4320 4 0
0 4320 5 0
0 4320 6 0
0 4320 7 0
0 4320 8 0
0 689 9 0
0 689 10 0
0 689 11 0
0 689 12 0
0 689 13 0
0 689 14 0
0 47531 15 0
0 47531 0 0
0 47531 1 0
0 47531 2 0
0 47531 3 0
0 47531 4 0
0 28135 5 0
0 28135 6 0
0 28135 7 0
0 28135 8 0
0 28135 9 0
0 28135 10 0
0 63848 11 0
0 63848 12 0
0 63848 13 0
0 63848 14 0
0 63848 15 0
0 63848 0 0
0 60914 1 0
0 60914 2 0
0 60914 3 0
0 60914 4 0
0 60914 5 0
0 60914 6 0
0 36766 7 0
0 36766 8 0
0 36766 9 0
0 36766 10 0
0 36766 11 0
0 36766 12 0
0 25802 13 0
0 25802 14 0
0 25802 15 0
0 25802 0 0
0 25802 1 0
0 25802 2 0
0 13738 3 0
0 13738 4 0
0 13738 5 0
0 13738 6 0
0 13738 7 0
0 13738 8 0
0 19712 9 0
0 19712 10 0
0 19712 11 0
0 19712 12 0
0 19712 13 0
0 19712 14 0
0 11471 15 0
0 11471 0 0
0 11471 1 0
0 11471 2 0
0 11471 3 0
0 11471 4 0
0 40863 5 0
0 40863 6 0
0 40863 7 0
0 40863 8 0
0 40863 9 0
0 40863 10 0
0 39354 11 0
0 39354 12 0
0 39354 13 0
0 39354 14 0
0 39354 15 0
0 39354 0 0
0 56408 1 0
0 56408 2 0
0 56408 3 0
0 56408 4 0
0 56408 5 0
0 56408 6 0
0 60974 7 0
0 60974 8 0
0 60974 9 0
0 60974 10 0
0 60974 11 0
0 60974 12 0
0 64138 13 0
0 64138 14 0
0 64138 15 0
0 64138 0 0
0 64138 1 0
0 64138 2 0
0 25359 3 0
0 25359 4 0
0 25359 5 0
0 25359 6 0
0 25359 7 0
0 25359 8 0
0 39303 9 0
0 39303 10 0
0 39303 11 0
0 39303 12 0
0 39303 13 0
0 39303 14 0
0 50293 15 0
0 50293 0 0
0 50293 1 0
0 50293 2 0
0 50293 3 0
0 50293 4 0
0 47116 5 0
0 47116 6 0
0 47116 7 0
0 47116 8 0
0 47116 9 0
0 47116 10 0
0 15687 11 0
0 15687 12 0
0 15687 13 0
0 15687 14 0
0 15687 15 0
0 15687 0 0
0 30627 1 0
0 30627 2 0
0 30627 3 0
0 30627 4 0
0 30627 5 0
0 30627 6 0
0 60080 7 0
0 60080 8 0
0 60080 9 0
0 60080 10 0
0 60080 11 0
0 60080 12 0
0 55825 13 0
0 55825 14 0
0 55825 15 0
0 55825 0 0
0 55825 1 0
0 55825 2 0
0 54764 3 0
0 54764 4 0
0 54764 5 0
0 54764 6 0
0 54764 7 0
0 54764 8 0
0 38164 9 0
0 38164 10 0
0 38164 11 0
0 38164 12 0
0 38164 13 0
0 38164 14 0
0 35602 15 0
0 35602 0 0
0 35602 1 0
0 35602 2 0
0 35602 3 0
0 35602 4 0
0 36569 5 0
0 36569 6 0
0 36569 7 0
0 36569 8 0
0 36569 9 0
0 36569 10 0
0 30298 11 0
0 30298 12 0
0 30298 13 0
0 30298 14 0
0 30298 15 0
0 30298 0 0
0 628 1 0
0 628 2 0
0 628 3 0
0 628 4 0
0 628 5 0
0 628 6 0
0 40074 7 0
0 40074 8 0
0 40074 9 0
0 40074 10 0
0 40074 11 0
0 40074 12 0
0 25196 13 0
0 25196 14 0
0 25196 15 0
0 25196 0 0
0 25196 1 0
0 25196 2 0
0 41063 3 0
0 41063 4 0
0 41063 5 0
0 41063 6 0
0 41063 7 0
0 41063 8 0
0 44478 9 0
0 44478 10 0
0 44478 11 0
0 44478 12 0
0 44478 13 0
0 44478 14 0
0 65028 15 0
0 65028 0 0
0 65028 1 0
0 65028 2 0
0 65028 3 0
0 65028 4 0
0 32776 5 0
0 32776 6 0
0 32776 7 0
0 32776 8 0
0 32776 9 0
0 32776 10 0
0 24953 11 0
0 24953 12 0
0 24953 13 0
0 24953 14 0
0 24953 15 0
0 24953 0 0
0 29432 1 0
0 29432 2 0
0 29432 3 0
0 29432 4 0
0 29432 5 0
0 29432 6 0
0 23017 7 0
0 23017 8 0
0 23017 9 0
0 23017 10 0
0 23017 11 0
0 23017 12 0
0 54981 13 0
0 54981 14 0
0 54981 15 0
0 54981 0 0
0 54981 1 0
0 54981 2 0
0 40882 3 0
0 40882 4 0
0 40882 5 0
0 40882 6 0
0 40882 7 0
0 40882 8 0
0 5650 9 0
0 5650 10 0
0 5650 11 0
0 5650 12 0
0 5650 13 0
0 5650 14 0
0 11989 15 0
0 11989 0 0
0 11989 1 0
0 11989 2 0
0 11989 3 0
0 11989 4 0
0 2423 5 0
0 2423 6 0
0 2423 7 0
0 2423 8 0
0 2423 9 0
0 2423 10 0
0 29010 11 0
0 29010 12 0
0 29010 13 0
0 29010 14 0
0 29010 15 0
0 29010 0 0
0 47182 1 0
0 47182 2 0
0 47182 3 0
0 47182 4 0
0 47182 5 0
0 47182 6 0
0 55142 7 0
0 55142 8 0
0 55142 9 0
0 55142 10 0
0 55142 11 0
0 55142 12 0
0 25958 13 0
0 25958 14 0
0 25958 15 0
