0 0 0 0
0 0 1 0
0 0 2 0
0 0 3 0
0 0 4 0
0 14747 5 0
0 14747 6 0
0 14747 7 0
0 14747 8 0
0 14747 9 0
0 14747 10 0
0 48271 11 0
0 48271 12 0
0 48271 13 0
0 48271 14 0
0 48271 15 0
0 48271 0 0
0 45274 1 0
0 45274 2 0
0 45274 3 0
0 45274 4 0
0 45274 5 0
0 45274 6 0
0 18703 7 0
0 18703 8 0
0 18703 9 0
0 18703 10 0
0 18703 11 0
0 18703 12 0
0 46874 13 0
0 46874 14 0
0 46874 15 0
0 46874 0 0
0 46874 1 0
0 46874 2 0
0 61954 3 0
0 61954 4 0
0 61954 5 0
0 61954 6 0
0 61954 7 0
0 61954 8 0
0 7065 9 0
0 7065 10 0
0 7065 11 0
0 7065 12 0
0 7065 13 0
0 7065 14 0
0 25649 15 0
0 25649 0 0
0 25649 1 0
0 25649 2 0
0 25649 3 0
0 25649 4 0
0 33768 5 0
0 33768 6 0
0 33768 7 0
0 33768 8 0
0 33768 9 0
0 33768 10 0
0 23186 11 0
0 23186 12 0
0 23186 13 0
0 23186 14 0
0 23186 15 0
0 23186 0 0
0 42555 1 0
0 42555 2 0
0 42555 3 0
0 42555 4 0
0 42555 5 0
0 42555 6 0
0 38802 7 0
0 38802 8 0
0 38802 9 0
0 38802 10 0
0 38802 11 0
0 38802 12 0
0 49822 13 0
0 49822 14 0
0 49822 15 0
0 49822 0 0
0 49822 1 0
0 49822 2 0
0 5434 3 0
0 5434 4 0
0 5434 5 0
0 5434 6 0
0 5434 7 0
0 5434 8 0
0 38156 9 0
0 38156 10 0
0 38156 11 0
0 38156 12 0
0 38156 13 0
0 38156 14 0
0 56519 15 0
0 56519 0 0
0 56519 1 0
0 56519 2 0
0 56519 3 0
0 56519 4 0
0 4574 5 0
0 4574 6 0
0 4574 7 0
0 4574 8 0
0 4574 9 0
0 4574 10 0
0 53811 11 0
0 53811 12 0
0 53811 13 0
0 53811 14 0
0 53811 15 0
0 53811 0 0
0 35267 1 0
0 35267 2 0
0 35267 3 0
0 35267 4 0
0 35267 5 0
0 35267 6 0
0 49173 7 0
0 49173 8 0
0 49173 9 0
0 49173 10 0
0 49173 11 0
0 49173 12 0
0 27285 13 0
0 27285 14 0
0 27285 15 0
0 27285 0 0
0 27285 1 0
0 27285 2 0
0 45465 3 0
0 45465 4 0
0 45465 5 0
0 45465 6 0
0 45465 7 0
0 45465 8 0
0 17584 9 0
0 17584 10 0
0 17584 11 0
0 17584 12 0
0 17584 13 0
0 17584 14 0
0 17321 15 0
0 17321 0 0
0 17321 1 0
0 17321 2 0
0 17321 3 0
0 17321 4 0
0 14457 5 0
0 14457 6 0
0 14457 7 0
0 14457 8 0
0 14457 9 0
0 14457 10 0
0 46787 11 0
0 46787 12 0
0 46787 13 0
0 46787 14 0
0 46787 15 0
0 46787 0 0
0 21726 1 0
0 21726 2 0
0 21726 3 0
0 21726 4 0
0 21726 5 0
0 21726 6 0
0 4092 7 0
0 4092 8 0
0 4092 9 0
0 4092 10 0
0 4092 11 0
0 4092 12 0
0 56436 13 0
0 56436 14 0
0 56436 15 0
0 56436 0 0
0 56436 1 0
0 56436 2 0
0 52218 3 0
0 52218 4 0
0 52218 5 0
0 52218 6 0
0 52218 7 0
0 52218 8 0
0 60754 9 0
0 60754 10 0
0 60754 11 0
0 60754 12 0
0 60754 13 0
0 60754 14 0
0 9983 15 0
0 9983 0 0
0 9983 1 0
0 9983 2 0
0 9983 3 0
0 9983 4 0
0 10200 5 0
0 10200 6 0
0 10200 7 0
0 10200 8 0
0 10200 9 0
0 10200 10 0
0 55761 11 0
0 55761 12 0
0 55761 13 0
0 55761 14 0
0 55761 15 0
0 55761 0 0
0 18127 1 0
0 18127 2 0
0 18127 3 0
0 18127 4 0
0 18127 5 0
0 18127 6 0
0 22181 7 0
0 22181 8 0
0 22181 9 0
0 22181 10 0
0 22181 11 0
0 22181 12 0
0 20049 13 0
0 20049 14 0
0 20049 15 0
0 20049 0 0
0 20049 1 0
0 20049 2 0
0 27192 3 0
0 27192 4 0
0 27192 5 0
0 27192 6 0
0 27192 7 0
0 27192 8 0
0 21557 9 0
0 21557 10 0
0 21557 11 0
0 21557 12 0
0 21557 13 0
0 21557 14 0
0 29917 15 0
0 29917 0 0
0 29917 1 0
0 29917 2 0
0 29917 3 0
0 29917 4 0
0 3895 5 0
0 3895 6 0
0 3895 7 0
0 3895 8 0
0 3895 9 0
0 3895 10 0
0 17767 11 0
0 17767 12 0
0 17767 13 0
0 17767 14 0
0 17767 15 0
0 17767 0 0
0 64624 1 0
0 64624 2 0
0 64624 3 0
0 64624 4 0
0 64624 5 0
0 64624 6 0
0 46789 7 0
0 46789 8 0
0 46789 9 0
0 46789 10 0
0 46789 11 0
0 46789 12 0
0 37753 13 0
0 37753 14 0
0 37753 15 0
0 37753 0 0
0 37753 1 0
0 37753 2 0
0 43931 3 0
0 43931 4 0
0 43931 5 0
0 43931 6 0
0 43931 7 0
0 43931 8 0
0 15529 9 0
0 15529 10 0
0 15529 11 0
0 15529 12 0
0 15529 13 0
0 15529 14 0
0 53591 15 0
0 53591 0 0
0 53591 1 0
0 53591 2 0
0 53591 3 0
0 53591 4 0
0 34310 5 0
0 34310 6 0
0 34310 7 0
0 34310 8 0
0 34310 9 0
0 34310 10 0
0 20751 11 0
0 20751 12 0
0 20751 13 0
0 20751 14 0
0 20751 15 0
0 20751 0 0
0 44888 1 0
0 44888 2 0
0 44888 3 0
0 44888 4 0
0 44888 5 0
0 44888 6 0
0 43488 7 0
0 43488 8 0
0 43488 9 0
0 43488 10 0
0 43488 11 0
0 43488 12 0
0 18950 13 0
0 18950 14 0
0 18950 15 0
0 18950 0 0
0 18950 1 0
0 18950 2 0
0 49301 3 0
0 49301 4 0
0 49301 5 0
0 49301 6 0
0 49301 7 0
0 49301 8 0
0 40008 9 0
0 40008 10 0
0 40008 11 0
0 40008 12 0
0 40008 13 0
0 40008 14 0
0 30741 15 0
0 30741 0 0
0 30741 1 0
0 30741 2 0
0 30741 3 0
0 30741 4 0
0 49619 5 0
0 49619 6 0
0 49619 7 0
0 49619 8 0
0 49619 9 0
0 49619 10 0
0 45419 11 0
0 45419 12 0
0 45419 13 0
0 45419 14 0
0 45419 15 0
0 45419 0 0
0 51152 1 0
0 51152 2 0
0 51152 3 0
0 51152 4 0
0 51152 5 0
0 51152 6 0
0 61770 7 0
0 61770 8 0
0 61770 9 0
0 61770 10 0
0 61770 11 0
0 61770 12 0
0 40128 13 0
0 40128 14 0
0 40128 15 0
0 40128 0 0
0 40128 1 0
0 40128 2 0
0 53752 3 0
0 53752 4 0
0 53752 5 0
0 53752 6 0
0 53752 7 0
0 53752 8 0
0 53254 9 0
0 53254 10 0
0 53254 11 0
0 53254 12 0
0 53254 13 0
0 53254 14 0
0 12807 15 0
0 12807 0 0
0 12807 1 0
0 12807 2 0
0 12807 3 0
0 12807 4 0
0 20186 5 0
0 20186 6 0
0 20186 7 0
0 20186 8 0
0 20186 9 0
0 20186 10 0
0 19352 11 0
0 19352 12 0
0 19352 13 0
0 19352 14 0
0 19352 15 0
0 19352 0 0
0 644 1 0
0 644 2 0
0 644 3 0
0 644 4 0
0 644 5 0
0 644 6 0
0 14000 7 0
0 14000 8 0
0 14000 9 0
0 14000 10 0
0 14000 11 0
0 14000 12 0
0 26859 13 0
0 26859 14 0
0 26859 15 0
0 26859 0 0
0 26859 1 0
0 26859 2 0
0 14573 3 0
0 14573 4 0
0 14573 5 0
0 14573 6 0
0 14573 7 0
0 14573 8 0
0 34954 9 0
0 34954 10 0
0 34954 11 0
0 34954 12 0
0 34954 13 0
0 34954 14 0
0 22103 15 0
0 22103 0 0
0 22103 1 0
0 22103 2 0
0 22103 3 0
0 22103 4 0
0 49264 5 0
0 49264 6 0
0 49264 7 0
0 49264 8 0
0 49264 9 0
0 49264 10 0
0 11190 11 0
0 11190 12 0
0 11190 13 0
0 11190 14 0
0 11190 15 0
0 11190 0 0
0 4721 1 0
0 4721 2 0
0 4721 3 0
0 4721 4 0
0 4721 5 0
0 4721 6 0
0 1374 7 0
0 1374 8 0
0 1374 9 0
0 1374 10 0
0 1374 11 0
0 1374 12 0
0 15125 13 0
0 15125 14 0
0 15125 15 0
0 15125 0 0
0 15125 1 0
0 15125 2 0
0 47469 3 0
0 47469 4 0
0 47469 5 0
0 47469 6 0
0 47469 7 0
0 47469 8 0
0 63006 9 0
0 63006 10 0
0 63006 11 0
0 63006 12 0
0 63006 13 0
0 63006 14 0
0 41727 15 0
0 41727 0 0
0 41727 1 0
0 41727 2 0
0 41727 3 0
0 41727 4 0
0 14174 5 0
0 14174 6 0
0 14174 7 0
0 14174 8 0
0 14174 9 0
0 14174 10 0
0 59326 11 0
0 59326 12 0
0 59326 13 0
0 59326 14 0
0 59326 15 0
0 59326 0 0
0 48377 1 0
0 48377 2 0
0 48377 3 0
0 48377 4 0
0 48377 5 0
0 48377 6 0
0 33277 7 0
0 33277 8 0
0 33277 9 0
0 33277 10 0
0 33277 11 0
0 33277 12 0
0 63770 13 0
0 63770 14 0
0 63770 15 0
0 63770 0 0
0 63770 1 0
0 63770 2 0
0 29978 3 0
0 29978 4 0
0 29978 5 0
0 29978 6 0
0 29978 7 0
0 29978 8 0
0 20846 9 0
0 20846 10 0
0 20846 11 0
0 20846 12 0
0 20846 13 0
0 20846 14 0
0 10214 15 0
0 10214 0 0
0 10214 1 0
0 10214 2 0
0 10214 3 0
0 10214 4 0
0 22020 5 0
0 22020 6 0
0 22020 7 0
0 22020 8 0
0 22020 9 0
0 22020 10 0
0 3379 11 0
0 3379 12 0
0 3379 13 0
0 3379 14 0
0 3379 15 0
0 3379 0 0
0 21864 1 0
0 21864 2 0
0 21864 3 0
0 21864 4 0
0 21864 5 0
0 21864 6 0
0 53595 7 0
0 53595 8 0
0 53595 9 0
0 53595 10 0
0 53595 11 0
0 53595 12 0
0 27273 13 0
0 27273 14 0
0 27273 15 0
0 27273 0 0
0 27273 1 0
0 27273 2 0
0 57433 3 0
0 57433 4 0
0 57433 5 0
0 57433 6 0
0 57433 7 0
0 57433 8 0
0 53086 9 0
0 53086 10 0
0 53086 11 0
0 53086 12 0
0 53086 13 0
0 53086 14 0
0 34619 15 0
0 34619 0 0
0 34619 1 0
0 34619 2 0
0 34619 3 0
0 34619 4 0
0 2774 5 0
0 2774 6 0
0 2774 7 0
0 2774 8 0
0 2774 9 0
0 2774 10 0
0 17598 11 0
0 17598 12 0
0 17598 13 0
0 17598 14 0
0 17598 15 0
0 17598 0 0
0 50884 1 0
0 50884 2 0
0 50884 3 0
0 50884 4 0
0 50884 5 0
0 50884 6 0
0 22457 7 0
0 22457 8 0
0 22457 9 0
0 22457 10 0
0 22457 11 0
0 22457 12 0
0 57797 13 0
0 57797 14 0
0 57797 15 0
0 57797 0 0
0 57797 1 0
0 57797 2 0
0 7032 3 0
0 7032 4 0
0 7032 5 0
0 7032 6 0
0 7032 7 0
0 7032 8 0
0 49158 9 0
0 49158 10 0
0 49158 11 0
0 49158 12 0
0 49158 13 0
0 49158 14 0
0 11376 15 0
0 11376 0 0
0 11376 1 0
0 11376 2 0
0 11376 3 0
0 11376 4 0
0 53108 5 0
0 53108 6 0
0 53108 7 0
0 53108 8 0
0 53108 9 0
0 53108 10 0
0 43847 11 0
0 43847 12 0
0 43847 13 0
0 43847 14 0
0 43847 15 0
0 43847 0 0
0 30552 1 0
0 30552 2 0
0 30552 3 0
0 30552 4 0
0 30552 5 0
0 30552 6 0
0 59706 7 0
0 59706 8 0
0 59706 9 0
0 59706 10 0
0 59706 11 0
0 59706 12 0
0 5125 13 0
0 5125 14 0
0 5125 15 0
0 5125 0 0
0 5125 1 0
0 5125 2 0
0 62907 3 0
0 62907 4 0
0 62907 5 0
0 62907 6 0
0 62907 7 0
0 62907 8 0
0 13343 9 0
0 13343 10 0
0 13343 11 0
0 13343 12 0
0 13343 13 0
0 13343 14 0
0 35217 15 0
0 35217 0 0
0 35217 1 0
0 35217 2 0
0 35217 3 0
0 35217 4 0
0 64261 5 0
0 64261 6 0
0 64261 7 0
0 64261 8 0
0 64261 9 0
0 64261 10 0
0 51654 11 0
0 51654 12 0
0 51654 13 0
0 51654 14 0
0 51654 15 0
0 51654 0 0
0 61954 1 0
0 61954 2 0
0 61954 3 0
0 61954 4 0
0 61954 5 0
0 61954 6 0
0 34774 7 0
0 34774 8 0
0 34774 9 0
0 34774 10 0
0 34774 11 0
0 34774 12 0
0 23726 13 0
0 23726 14 0
0 23726 15 0
0 23726 0 0
0 23726 1 0
0 23726 2 0
0 30116 3 0
0 30116 4 0
0 30116 5 0
0 30116 6 0
0 30116 7 0
0 30116 8 0
0 47752 9 0
0 47752 10 0
0 47752 11 0
0 47752 12 0
0 47752 13 0
0 47752 14 0
0 20911 15 0
0 20911 0 0
0 20911 1 0
0 20911 2 0
0 20911 3 0
0 20911 4 0
0 39643 5 0
0 39643 6 0
0 39643 7 0
0 39643 8 0
0 39643 9 0
0 39643 10 0
0 18827 11 0
0 18827 12 0
0 18827 13 0
0 18827 14 0
0 18827 15 0
0 18827 0 0
0 59889 1 0
0 59889 2 0
0 59889 3 0
0 59889 4 0
0 59889 5 0
0 59889 6 0
0 9023 7 0
0 9023 8 0
0 9023 9 0
0 9023 10 0
0 9023 11 0
0 9023 12 0
0 8977 13 0
0 8977 14 0
0 8977 15 0
0 8977 0 0
0 8977 1 0
0 8977 2 0
0 62667 3 0
0 62667 4 0
0 62667 5 0
0 62667 6 0
0 62667 7 0
0 62667 8 0
0 51543 9 0
0 51543 10 0
0 51543 11 0
0 51543 12 0
0 51543 13 0
0 51543 14 0
0 53737 15 0
0 53737 0 0
0 53737 1 0
0 53737 2 0
0 53737 3 0
0 53737 4 0
0 12090 5 0
0 12090 6 0
0 12090 7 0
0 12090 8 0
0 12090 9 0
0 12090 10 0
0 34803 11 0
0 34803 12 0
0 34803 13 0
0 34803 14 0
0 34803 15 0
0 34803 0 0
0 63214 1 0
0 63214 2 0
0 63214 3 0
0 63214 4 0
0 63214 5 0
0 63214 6 0
0 30100 7 0
0 30100 8 0
0 30100 9 0
0 30100 10 0
0 30100 11 0
0 30100 12 0
0 14532 13 0
0 14532 14 0
0 14532 15 0
0 14532 0 0
0 14532 1 0
0 14532 2 0
0 38888 3 0
0 38888 4 0
0 38888 5 0
0 38888 6 0
0 38888 7 0
0 38888 8 0
0 18490 9 0
0 18490 10 0
0 18490 11 0
0 18490 12 0
0 18490 13 0
0 18490 14 0
0 47115 15 0
0 47115 0 0
0 47115 1 0
0 47115 2 0
0 47115 3 0
0 47115 4 0
0 12340 5 0
0 12340 6 0
0 12340 7 0
0 12340 8 0
0 12340 9 0
0 12340 10 0
0 18170 11 0
0 18170 12 0
0 18170 13 0
0 18170 14 0
0 18170 15 0
0 18170 0 0
0 7432 1 0
0 7432 2 0
0 7432 3 0
0 7432 4 0
0 7432 5 0
0 7432 6 0
0 17931 7 0
0 17931 8 0
0 17931 9 0
0 17931 10 0
0 17931 11 0
0 17931 12 0
0 26018 13 0
0 26018 14 0
0 26018 15 0
0 26018 0 0
0 26018 1 0
0 26018 2 0
0 924 3 0
0 924 4 0
0 924 5 0
0 924 6 0
0 924 7 0
0 924 8 0
0 4333 9 0
0 4333 10 0
0 4333 11 0
0 4333 12 0
0 4333 13 0
0 4333 14 0
0 52999 15 0
0 52999 0 0
0 52999 1 0
0 52999 2 0
0 52999 3 0
0 52999 4 0
0 64270 5 0
0 64270 6 0
0 64270 7 0
0 64270 8 0
0 64270 9 0
0 64270 10 0
0 14030 11 0
0 14030 12 0
0 14030 13 0
0 14030 14 0
0 14030 15 0
0 14030 0 0
0 61992 1 0
0 61992 2 0
0 61992 3 0
0 61992 4 0
0 61992 5 0
0 61992 6 0
0 45518 7 0
0 45518 8 0
0 45518 9 0
0 45518 10 0
0 45518 11 0
0 45518 12 0
0 44963 13 0
0 44963 14 0
0 44963 15 0
0 44963 0 0
0 44963 1 0
0 44963 2 0
0 12783 3 0
0 12783 4 0
0 12783 5 0
0 12783 6 0
0 12783 7 0
0 12783 8 0
0 674 9 0
0 674 10 0
0 674 11 0
0 674 12 0
0 674 13 0
0 674 14 0
0 31678 15 0
0 31678 0 0
0 31678 1 0
0 31678 2 0
0 31678 3 0
0 31678 4 0
0 29707 5 0
0 29707 6 0
0 29707 7 0
0 29707 8 0
0 29707 9 0
0 29707 10 0
0 65239 11 0
0 65239 12 0
0 65239 13 0
0 65239 14 0
0 65239 15 0
0 65239 0 0
0 40828 1 0
0 40828 2 0
0 40828 3 0
0 40828 4 0
0 40828 5 0
0 40828 6 0
0 35973 7 0
0 35973 8 0
0 35973 9 0
0 35973 10 0
0 35973 11 0
0 35973 12 0
0 29440 13 0
0 29440 14 0
0 29440 15 0
0 29440 0 0
0 29440 1 0
0 29440 2 0
0 1175 3 0
0 1175 4 0
0 1175 5 0
0 1175 6 0
0 1175 7 0
0 1175 8 0
0 64963 9 0
0 64963 10 0
0 64963 11 0
0 64963 12 0
0 64963 13 0
0 64963 14 0
0 46512 15 0
0 46512 0 0
0 46512 1 0
0 46512 2 0
0 46512 3 0
0 46512 4 0
0 44678 5 0
0 44678 6 0
0 44678 7 0
0 44678 8 0
0 44678 9 0
0 44678 10 0
0 12014 11 0
0 12014 12 0
0 12014 13 0
0 12014 14 0
0 12014 15 0
0 12014 0 0
0 10158 1 0
0 10158 2 0
0 10158 3 0
0 10158 4 0
0 10158 5 0
0 10158 6 0
0 39946 7 0
0 39946 8 0
0 39946 9 0
0 39946 10 0
0 39946 11 0
0 39946 12 0
0 55350 13 0
0 55350 14 0
0 55350 15 0
0 55350 0 0
0 55350 1 0
0 55350 2 0
0 29655 3 0
0 29655 4 0
0 29655 5 0
0 29655 6 0
0 29655 7 0
0 29655 8 0
0 48168 9 0
0 48168 10 0
0 48168 11 0
0 48168 12 0
0 48168 13 0
0 48168 14 0
0 49959 15 0
0 49959 0 0
0 49959 1 0
0 49959 2 0
0 49959 3 0
0 49959 4 0
0 19067 5 0
0 19067 6 0
0 19067 7 0
0 19067 8 0
0 19067 9 0
0 19067 10 0
0 30360 11 0
0 30360 12 0
0 30360 13 0
0 30360 14 0
0 30360 15 0
0 30360 0 0
0 37735 1 0
0 37735 2 0
0 37735 3 0
0 37735 4 0
0 37735 5 0
0 37735 6 0
0 26124 7 0
0 26124 8 0
0 26124 9 0
0 26124 10 0
0 26124 11 0
0 26124 12 0
0 63061 13 0
0 63061 14 0
0 63061 15 0
0 63061 0 0
0 63061 1 0
0 63061 2 0
0 47076 3 0
0 47076 4 0
0 47076 5 0
0 47076 6 0
0 47076 7 0
0 47076 8 0
0 37080 9 0
0 37080 10 0
0 37080 11 0
0 37080 12 0
0 37080 13 0
0 37080 14 0
0 50376 15 0
0 50376 0 0
0 50376 1 0
0 50376 2 0
0 50376 3 0
0 50376 4 0
0 16956 5 0
0 16956 6 0
0 16956 7 0
0 16956 8 0
0 16956 9 0
0 16956 10 0
0 15657 11 0
0 15657 12 0
0 15657 13 0
0 15657 14 0
0 15657 15 0
0 15657 0 0
0 52585 1 0
0 52585 2 0
0 52585 3 0
0 52585 4 0
0 52585 5 0
0 52585 6 0
0 46538 7 0
0 46538 8 0
0 46538 9 0
0 46538 10 0
0 46538 11 0
0 46538 12 0
0 61730 13 0
0 61730 14 0
0 61730 15 0
0 61730 0 0
0 61730 1 0
0 61730 2 0
0 29969 3 0
0 29969 4 0
0 29969 5 0
0 29969 6 0
0 29969 7 0
0 29969 8 0
0 49012 9 0
0 49012 10 0
0 49012 11 0
0 49012 12 0
0 49012 13 0
0 49012 14 0
0 47022 15 0
0 47022 0 0
0 47022 1 0
0 47022 2 0
0 47022 3 0
0 47022 4 0
0 56612 5 0
0 56612 6 0
0 56612 7 0
0 56612 8 0
0 56612 9 0
0 56612 10 0
0 36360 11 0
0 36360 12 0
0 36360 13 0
0 36360 14 0
0 36360 15 0
0 36360 0 0
0 47082 1 0
0 47082 2 0
0 47082 3 0
0 47082 4 0
0 47082 5 0
0 47082 6 0
0 52543 7 0
0 52543 8 0
0 52543 9 0
0 52543 10 0
0 52543 11 0
0 52543 12 0
0 37107 13 0
0 37107 14 0
0 37107 15 0
0 37107 0 0
0 37107 1 0
0 37107 2 0
0 13800 3 0
0 13800 4 0
0 13800 5 0
0 13800 6 0
0 13800 7 0
0 13800 8 0
0 62878 9 0
0 62878 10 0
0 62878 11 0
0 62878 12 0
0 62878 13 0
0 62878 14 0
0 38189 15 0
0 38189 0 0
0 38189 1 0
0 38189 2 0
0 38189 3 0
0 38189 4 0
0 15810 5 0
0 15810 6 0
0 15810 7 0
0 15810 8 0
0 15810 9 0
0 15810 10 0
0 58456 11 0
0 58456 12 0
0 58456 13 0
0 58456 14 0
0 58456 15 0
0 58456 0 0
0 20219 1 0
0 20219 2 0
0 20219 3 0
0 20219 4 0
0 20219 5 0
0 20219 6 0
0 45090 7 0
0 45090 8 0
0 45090 9 0
0 45090 10 0
0 45090 11 0
0 45090 12 0
0 31920 13 0
0 31920 14 0
0 31920 15 0
0 31920 0 0
0 31920 1 0
0 31920 2 0
0 24502 3 0
0 24502 4 0
0 24502 5 0
0 24502 6 0
0 24502 7 0
0 24502 8 0
0 44314 9 0
0 44314 10 0
0 44314 11 0
0 44314 12 0
0 44314 13 0
0 44314 14 0
0 65444 15 0
0 65444 0 0
0 65444 1 0
0 65444 2 0
0 65444 3 0
0 65444 4 0
0 29975 5 0
0 29975 6 0
0 29975 7 0
0 29975 8 0
0 29975 9 0
0 29975 10 0
0 14414 11 0
0 14414 12 0
0 14414 13 0
0 14414 14 0
0 14414 15 0
0 14414 0 0
0 50319 1 0
0 50319 2 0
0 50319 3 0
0 50319 4 0
0 50319 5 0
0 50319 6 0
0 50949 7 0
0 50949 8 0
0 50949 9 0
0 50949 10 0
0 50949 11 0
0 50949 12 0
0 60924 13 0
0 60924 14 0
0 60924 15 0
0 60924 0 0
0 60924 1 0
0 60924 2 0
0 60525 3 0
0 60525 4 0
0 60525 5 0
0 60525 6 0
0 60525 7 0
0 60525 8 0
0 28921 9 0
0 28921 10 0
0 28921 11 0
0 28921 12 0
0 28921 13 0
0 28921 14 0
0 52335 15 0
0 52335 0 0
0 52335 1 0
0 52335 2 0
0 52335 3 0
0 52335 4 0
0 40790 5 0
0 40790 6 0
0 40790 7 0
0 40790 8 0
0 40790 9 0
0 40790 10 0
0 63789 11 0
0 63789 12 0
0 63789 13 0
0 63789 14 0
0 63789 15 0
0 63789 0 0
0 30494 1 0
0 30494 2 0
0 30494 3 0
0 30494 4 0
0 30494 5 0
0 30494 6 0
0 41225 7 0
0 41225 8 0
0 41225 9 0
0 41225 10 0
0 41225 11 0
0 41225 12 0
0 215 13 0
0 215 14 0
0 215 15 0
0 215 0 0
0 215 1 0
0 215 2 0
0 12044 3 0
0 12044 4 0
0 12044 5 0
0 12044 6 0
0 12044 7 0
0 12044 8 0
0 61835 9 0
0 61835 10 0
0 61835 11 0
0 61835 12 0
0 61835 13 0
0 61835 14 0
0 41568 15 0
0 41568 0 0
0 41568 1 0
0 41568 2 0
0 41568 3 0
0 41568 4 0
0 51677 5 0
0 51677 6 0
0 51677 7 0
0 51677 8 0
0 51677 9 0
0 51677 10 0
0 29802 11 0
0 29802 12 0
0 29802 13 0
0 29802 14 0
0 29802 15 0
0 29802 0 0
0 56538 1 0
0 56538 2 0
0 56538 3 0
0 56538 4 0
0 56538 5 0
0 56538 6 0
0 6373 7 0
0 6373 8 0
0 6373 9 0
0 6373 10 0
0 6373 11 0
0 6373 12 0
0 5300 13 0
0 5300 14 0
0 5300 15 0
0 5300 0 0
0 5300 1 0
0 5300 2 0
0 53281 3 0
0 53281 4 0
0 53281 5 0
0 53281 6 0
0 53281 7 0
0 53281 8 0
0 12252 9 0
0 12252 10 0
0 12252 11 0
0 12252 12 0
0 12252 13 0
0 12252 14 0
0 34532 15 0
0 34532 0 0
0 34532 1 0
0 34532 2 0
0 34532 3 0
0 34532 4 0
0 26253 5 0
0 26253 6 0
0 26253 7 0
0 26253 8 0
0 26253 9 0
0 26253 10 0
0 42835 11 0
0 42835 12 0
0 42835 13 0
0 42835 14 0
0 42835 15 0
0 42835 0 0
0 23405 1 0
0 23405 2 0
0 23405 3 0
0 23405 4 0
0 23405 5 0
0 23405 6 0
0 14825 7 0
0 14825 8 0
0 14825 9 0
0 14825 10 0
0 14825 11 0
0 14825 12 0
0 23700 13 0
0 23700 14 0
0 23700 15 0
0 23700 0 0
0 23700 1 0
0 23700 2 0
0 47730 3 0
0 47730 4 0
0 47730 5 0
0 47730 6 0
0 47730 7 0
0 47730 8 0
0 3704 9 0
0 3704 10 0
0 3704 11 0
0 3704 12 0
0 3704 13 0
0 3704 14 0
0 30635 15 0
0 30635 0 0
0 30635 1 0
0 30635 2 0
0 30635 3 0
0 30635 4 0
0 5727 5 0
0 5727 6 0
0 5727 7 0
0 5727 8 0
0 5727 9 0
0 5727 10 0
0 1060 11 0
0 1060 12 0
0 1060 13 0
0 1060 14 0
0 1060 15 0
0 1060 0 0
0 50157 1 0
0 50157 2 0
0 50157 3 0
0 50157 4 0
0 50157 5 0
0 50157 6 0
0 590 7 0
0 590 8 0
0 590 9 0
0 590 10 0
0 590 11 0
0 590 12 0
0 16994 13 0
0 16994 14 0
0 16994 15 0
0 16994 0 0
0 16994 1 0
0 16994 2 0
0 15268 3 0
0 15268 4 0
0 15268 5 0
0 15268 6 0
0 15268 7 0
0 15268 8 0
0 26131 9 0
0 26131 10 0
0 26131 11 0
0 26131 12 0
0 26131 13 0
0 26131 14 0
0 10690 15 0
0 10690 0 0
0 10690 1 0
0 10690 2 0
0 10690 3 0
0 10690 4 0
0 61091 5 0
0 61091 6 0
0 61091 7 0
0 61091 8 0
0 61091 9 0
0 61091 10 0
0 25913 11 0
0 25913 12 0
0 25913 13 0
0 25913 14 0
0 25913 15 0
0 25913 0 0
0 195 1 0
0 195 2 0
0 195 3 0
0 195 4 0
0 195 5 0
0 195 6 0
0 54421 7 0
0 54421 8 0
0 54421 9 0
0 54421 10 0
0 54421 11 0
0 54421 12 0
0 8752 13 0
0 8752 14 0
0 8752 15 0
0 8752 0 0
0 8752 1 0
0 8752 2 0
0 23217 3 0
0 23217 4 0
0 23217 5 0
0 23217 6 0
0 23217 7 0
0 23217 8 0
0 30710 9 0
0 30710 10 0
0 30710 11 0
0 30710 12 0
0 30710 13 0
0 30710 14 0
0 29746 15 0
0 29746 0 0
0 29746 1 0
0 29746 2 0
0 29746 3 0
0 29746 4 0
0 54450 5 0
0 54450 6 0
0 54450 7 0
0 54450 8 0
0 54450 9 0
0 54450 10 0
0 50060 11 0
0 50060 12 0
0 50060 13 0
0 50060 14 0
0 50060 15 0
0 50060 0 0
0 62217 1 0
0 62217 2 0
0 62217 3 0
0 62217 4 0
0 62217 5 0
0 62217 6 0
0 48 7 0
0 48 8 0
0 48 9 0
0 48 10 0
0 48 11 0
0 48 12 0
0 57122 13 0
0 57122 14 0
0 57122 15 0
0 57122 0 0
0 57122 1 0
0 57122 2 0
0 27538 3 0
0 27538 4 0
0 27538 5 0
0 27538 6 0
0 27538 7 0
0 27538 8 0
0 49970 9 0
0 49970 10 0
0 49970 11 0
0 49970 12 0
0 49970 13 0
0 49970 14 0
0 5399 15 0
0 5399 0 0
0 5399 1 0
0 5399 2 0
0 5399 3 0
0 5399 4 0
0 35300 5 0
0 35300 6 0
0 35300 7 0
0 35300 8 0
0 35300 9 0
0 35300 10 0
0 3742 11 0
0 3742 12 0
0 3742 13 0
0 3742 14 0
0 3742 15 0
0 3742 0 0
0 45490 1 0
0 45490 2 0
0 45490 3 0
0 45490 4 0
0 45490 5 0
0 45490 6 0
0 48164 7 0
0 48164 8 0
0 48164 9 0
0 48164 10 0
0 48164 11 0
0 48164 12 0
0 44213 13 0
0 44213 14 0
0 44213 15 0
0 44213 0 0
0 44213 1 0
0 44213 2 0
0 59495 3 0
0 59495 4 0
0 59495 5 0
0 59495 6 0
0 59495 7 0
0 59495 8 0
0 17613 9 0
0 17613 10 0
0 17613 11 0
0 17613 12 0
0 17613 13 0
0 17613 14 0
0 12065 15 0
0 12065 0 0
0 12065 1 0
0 12065 2 0
0 12065 3 0
0 12065 4 0
0 32993 5 0
0 32993 6 0
0 32993 7 0
0 32993 8 0
0 32993 9 0
0 32993 10 0
0 13534 11 0
0 13534 12 0
0 13534 13 0
0 13534 14 0
0 13534 15 0
0 13534 0 0
0 13564 1 0
0 13564 2 0
0 13564 3 0
0 13564 4 0
0 13564 5 0
0 13564 6 0
0 35765 7 0
0 35765 8 0
0 35765 9 0
0 35765 10 0
0 35765 11 0
0 35765 12 0
0 3162 13 0
0 3162 14 0
0 3162 15 0
0 3162 0 0
0 3162 1 0
0 3162 2 0
0 18598 3 0
0 18598 4 0
0 18598 5 0
0 18598 6 0
0 18598 7 0
0 18598 8 0
0 17813 9 0
0 17813 10 0
0 17813 11 0
0 17813 12 0
0 17813 13 0
0 17813 14 0
0 49664 15 0
0 49664 0 0
0 49664 1 0
0 49664 2 0
0 49664 3 0
0 49664 4 0
0 27143 5 0
0 27143 6 0
0 27143 7 0
0 27143 8 0
0 27143 9 0
0 27143 10 0
0 41882 11 0
0 41882 12 0
0 41882 13 0
0 41882 14 0
0 41882 15 0
0 41882 0 0
0 26431 1 0
0 26431 2 0
0 26431 3 0
0 26431 4 0
0 26431 5 0
0 26431 6 0
0 55203 7 0
0 55203 8 0
0 55203 9 0
0 55203 10 0
0 55203 11 0
0 55203 12 0
0 15773 13 0
0 15773 14 0
0 15773 15 0
0 15773 0 0
0 15773 1 0
0 15773 2 0
0 13832 3 0
0 13832 4 0
0 13832 5 0
0 13832 6 0
0 13832 7 0
0 13832 8 0
0 62208 9 0
0 62208 10 0
0 62208 11 0
0 62208 12 0
0 62208 13 0
0 62208 14 0
0 16324 15 0
0 16324 0 0
0 16324 1 0
0 16324 2 0
0 16324 3 0
0 16324 4 0
0 58679 5 0
0 58679 6 0
0 58679 7 0
0 58679 8 0
0 58679 9 0
0 58679 10 0
0 61577 11 0
0 61577 12 0
0 61577 13 0
0 61577 14 0
0 61577 15 0
0 61577 0 0
0 23419 1 0
0 23419 2 0
0 23419 3 0
0 23419 4 0
0 23419 5 0
0 23419 6 0
0 59624 7 0
0 59624 8 0
0 59624 9 0
0 59624 10 0
0 59624 11 0
0 59624 12 0
0 44540 13 0
0 44540 14 0
0 44540 15 0
0 44540 0 0
0 44540 1 0
0 44540 2 0
0 16892 3 0
0 16892 4 0
0 16892 5 0
0 16892 6 0
0 16892 7 0
0 16892 8 0
0 54554 9 0
0 54554 10 0
0 54554 11 0
0 54554 12 0
0 54554 13 0
0 54554 14 0
0 33349 15 0
0 33349 0 0
0 33349 1 0
0 33349 2 0
0 33349 3 0
0 33349 4 0
0 49444 5 0
0 49444 6 0
0 49444 7 0
0 49444 8 0
0 49444 9 0
0 49444 10 0
0 10295 11 0
0 10295 12 0
0 10295 13 0
0 10295 14 0
0 10295 15 0
0 10295 0 0
0 43986 1 0
0 43986 2 0
0 43986 3 0
0 43986 4 0
0 43986 5 0
0 43986 6 0
0 30613 7 0
0 30613 8 0
0 30613 9 0
0 30613 10 0
0 30613 11 0
0 30613 12 0
0 59480 13 0
0 59480 14 0
0 59480 15 0
0 59480 0 0
0 59480 1 0
0 59480 2 0
0 32567 3 0
0 32567 4 0
0 32567 5 0
0 32567 6 0
0 32567 7 0
0 32567 8 0
0 46012 9 0
0 46012 10 0
0 46012 11 0
0 46012 12 0
0 46012 13 0
0 46012 14 0
0 62986 15 0
0 62986 0 0
0 62986 1 0
0 62986 2 0
0 62986 3 0
0 62986 4 0
0 53776 5 0
0 53776 6 0
0 53776 7 0
0 53776 8 0
0 53776 9 0
0 53776 10 0
0 3134 11 0
0 3134 12 0
0 3134 13 0
0 3134 14 0
0 3134 15 0
0 3134 0 0
0 58589 1 0
0 58589 2 0
0 58589 3 0
0 58589 4 0
0 58589 5 0
0 58589 6 0
0 787 7 0
0 787 8 0
0 787 9 0
0 787 10 0
0 787 11 0
0 787 12 0
0 53065 13 0
0 53065 14 0
0 53065 15 0
0 53065 0 0
0 53065 1 0
0 53065 2 0
0 58468 3 0
0 58468 4 0
0 58468 5 0
0 58468 6 0
0 58468 7 0
0 58468 8 0
0 29357 9 0
0 29357 10 0
0 29357 11 0
0 29357 12 0
0 29357 13 0
0 29357 14 0
0 56293 15 0
0 56293 0 0
0 56293 1 0
0 56293 2 0
0 56293 3 0
0 56293 4 0
0 31596 5 0
0 31596 6 0
0 31596 7 0
0 31596 8 0
0 31596 9 0
0 31596 10 0
0 33189 11 0
0 33189 12 0
0 33189 13 0
0 33189 14 0
0 33189 15 0
0 33189 0 0
0 62551 1 0
0 62551 2 0
0 62551 3 0
0 62551 4 0
0 62551 5 0
0 62551 6 0
0 62271 7 0
0 62271 8 0
0 62271 9 0
0 62271 10 0
0 62271 11 0
0 62271 12 0
0 18480 13 0
0 18480 14 0
0 18480 15 0
0 18480 0 0
0 18480 1 0
0 18480 2 0
0 29918 3 0
0 29918 4 0
0 29918 5 0
0 29918 6 0
0 29918 7 0
0 29918 8 0
0 57790 9 0
0 57790 10 0
0 57790 11 0
0 57790 12 0
0 57790 13 0
0 57790 14 0
0 37161 15 0
0 37161 0 0
0 37161 1 0
0 37161 2 0
0 37161 3 0
0 37161 4 0
0 47182 5 0
0 47182 6 0
0 47182 7 0
0 47182 8 0
0 47182 9 0
0 47182 10 0
0 63725 11 0
0 63725 12 0
0 63725 13 0
0 63725 14 0
0 63725 15 0
0 63725 0 0
0 19504 1 0
0 19504 2 0
0 19504 3 0
0 19504 4 0
0 19504 5 0
0 19504 6 0
0 11476 7 0
0 11476 8 0
0 11476 9 0
0 11476 10 0
0 11476 11 0
0 11476 12 0
0 24589 13 0
0 24589 14 0
0 24589 15 0
0 24589 0 0
0 24589 1 0
0 24589 2 0
0 39308 3 0
0 39308 4 0
0 39308 5 0
0 39308 6 0
0 39308 7 0
0 39308 8 0
0 16089 9 0
0 16089 10 0
0 16089 11 0
0 16089 12 0
0 16089 13 0
0 16089 14 0
0 7732 15 0
0 7732 0 0
0 7732 1 0
0 7732 2 0
0 7732 3 0
0 7732 4 0
0 20330 5 0
0 20330 6 0
0 20330 7 0
0 20330 8 0
0 20330 9 0
0 20330 10 0
0 44932 11 0
0 44932 12 0
0 44932 13 0
0 44932 14 0
0 44932 15 0
0 44932 0 0
0 4808 1 0
0 4808 2 0
0 4808 3 0
0 4808 4 0
0 4808 5 0
0 4808 6 0
0 43835 7 0
0 43835 8 0
0 43835 9 0
0 43835 10 0
0 43835 11 0
0 43835 12 0
0 21018 13 0
0 21018 14 0
0 21018 15 0
0 21018 0 0
0 21018 1 0
0 21018 2 0
0 61420 3 0
0 61420 4 0
0 61420 5 0
0 61420 6 0
0 61420 7 0
0 61420 8 0
0 51157 9 0
0 51157 10 0
0 51157 11 0
0 51157 12 0
0 51157 13 0
0 51157 14 0
0 24593 15 0
0 24593 0 0
0 24593 1 0
0 24593 2 0
0 24593 3 0
0 24593 4 0
0 53932 5 0
0 53932 6 0
0 53932 7 0
0 53932 8 0
0 53932 9 0
0 53932 10 0
0 65024 11 0
0 65024 12 0
0 65024 13 0
0 65024 14 0
0 65024 15 0
0 65024 0 0
0 25172 1 0
0 25172 2 0
0 25172 3 0
0 25172 4 0
0 25172 5 0
0 25172 6 0
0 21956 7 0
0 21956 8 0
0 21956 9 0
0 21956 10 0
0 21956 11 0
0 21956 12 0
0 51235 13 0
0 51235 14 0
0 51235 15 0
