0 0 0 0
0 0 1 0
0 0 2 0
0 0 3 0
0 0 4 0
0 3286 5 0
0 3286 6 0
0 3286 7 0
0 3286 8 0
0 3286 9 0
0 3286 10 0
0 45976 11 0
0 45976 12 0
0 45976 13 0
0 45976 14 0
0 45976 15 0
0 45976 0 0
0 21051 1 0
0 21051 2 0
0 21051 3 0
0 21051 4 0
0 21051 5 0
0 21051 6 0
0 43520 7 0
0 43520 8 0
0 43520 9 0
0 43520 10 0
0 43520 11 0
0 43520 12 0
0 43494 13 0
0 43494 14 0
0 43494 15 0
0 43494 0 0
0 43494 1 0
0 43494 2 0
0 60821 3 0
0 60821 4 0
0 60821 5 0
0 60821 6 0
0 60821 7 0
0 60821 8 0
0 48159 9 0
0 48159 10 0
0 48159 11 0
0 48159 12 0
0 48159 13 0
0 48159 14 0
0 16832 15 0
0 16832 0 0
0 16832 1 0
0 16832 2 0
0 16832 3 0
0 16832 4 0
0 52290 5 0
0 52290 6 0
0 52290 7 0
0 52290 8 0
0 52290 9 0
0 52290 10 0
0 54338 11 0
0 54338 12 0
0 54338 13 0
0 54338 14 0
0 54338 15 0
0 54338 0 0
0 19311 1 0
0 19311 2 0
0 19311 3 0
0 19311 4 0
0 19311 5 0
0 19311 6 0
0 7247 7 0
0 7247 8 0
0 7247 9 0
0 7247 10 0
0 7247 11 0
0 7247 12 0
0 53288 13 0
0 53288 14 0
0 53288 15 0
0 53288 0 0
0 53288 1 0
0 53288 2 0
0 41827 3 0
0 41827 4 0
0 41827 5 0
0 41827 6 0
0 41827 7 0
0 41827 8 0
0 7430 9 0
0 7430 10 0
0 7430 11 0
0 7430 12 0
0 7430 13 0
0 7430 14 0
0 62486 15 0
0 62486 0 0
0 62486 1 0
0 62486 2 0
0 62486 3 0
0 62486 4 0
0 59170 5 0
0 59170 6 0
0 59170 7 0
0 59170 8 0
0 59170 9 0
0 59170 10 0
0 18546 11 0
0 18546 12 0
0 18546 13 0
0 18546 14 0
0 18546 15 0
0 18546 0 0
0 13455 1 0
0 13455 2 0
0 13455 3 0
0 13455 4 0
0 13455 5 0
0 13455 6 0
0 20043 7 0
0 20043 8 0
0 20043 9 0
0 20043 10 0
0 20043 11 0
0 20043 12 0
0 53121 13 0
0 53121 14 0
0 53121 15 0
0 53121 0 0
0 53121 1 0
0 53121 2 0
0 15111 3 0
0 15111 4 0
0 15111 5 0
0 15111 6 0
0 15111 7 0
0 15111 8 0
0 46032 9 0
0 46032 10 0
0 46032 11 0
0 46032 12 0
0 46032 13 0
0 46032 14 0
0 29129 15 0
0 29129 0 0
0 29129 1 0
0 29129 2 0
0 29129 3 0
0 29129 4 0
0 1593 5 0
0 1593 6 0
0 1593 7 0
0 1593 8 0
0 1593 9 0
0 1593 10 0
0 48891 11 0
0 48891 12 0
0 48891 13 0
0 48891 14 0
0 48891 15 0
0 48891 0 0
0 3291 1 0
0 3291 2 0
0 3291 3 0
0 3291 4 0
0 3291 5 0
0 3291 6 0
0 13582 7 0
0 13582 8 0
0 13582 9 0
0 13582 10 0
0 13582 11 0
0 13582 12 0
0 48073 13 0
0 48073 14 0
0 48073 15 0
0 48073 0 0
0 48073 1 0
0 48073 2 0
0 46155 3 0
0 46155 4 0
0 46155 5 0
0 46155 6 0
0 46155 7 0
0 46155 8 0
0 5894 9 0
0 5894 10 0
0 5894 11 0
0 5894 12 0
0 5894 13 0
0 5894 14 0
0 55465 15 0
0 55465 0 0
0 55465 1 0
0 55465 2 0
0 55465 3 0
0 55465 4 0
0 35777 5 0
0 35777 6 0
0 35777 7 0
0 35777 8 0
0 35777 9 0
0 35777 10 0
0 47795 11 0
0 47795 12 0
0 47795 13 0
0 47795 14 0
0 47795 15 0
0 47795 0 0
0 56714 1 0
0 56714 2 0
0 56714 3 0
0 56714 4 0
0 56714 5 0
0 56714 6 0
0 12941 7 0
0 12941 8 0
0 12941 9 0
0 12941 10 0
0 12941 11 0
0 12941 12 0
0 12332 13 0
0 12332 14 0
0 12332 15 0
0 12332 0 0
0 12332 1 0
0 12332 2 0
0 20918 3 0
0 20918 4 0
0 20918 5 0
0 20918 6 0
0 20918 7 0
0 20918 8 0
0 45563 9 0
0 45563 10 0
0 45563 11 0
0 45563 12 0
0 45563 13 0
0 45563 14 0
0 45480 15 0
0 45480 0 0
0 45480 1 0
0 45480 2 0
0 45480 3 0
0 45480 4 0
0 54822 5 0
0 54822 6 0
0 54822 7 0
0 54822 8 0
0 54822 9 0
0 54822 10 0
0 15040 11 0
0 15040 12 0
0 15040 13 0
0 15040 14 0
0 15040 15 0
0 15040 0 0
0 56436 1 0
0 56436 2 0
0 56436 3 0
0 56436 4 0
0 56436 5 0
0 56436 6 0
0 15189 7 0
0 15189 8 0
0 15189 9 0
0 15189 10 0
0 15189 11 0
0 15189 12 0
0 9478 13 0
0 9478 14 0
0 9478 15 0
0 9478 0 0
0 9478 1 0
0 9478 2 0
0 39559 3 0
0 39559 4 0
0 39559 5 0
0 39559 6 0
0 39559 7 0
0 39559 8 0
0 22351 9 0
0 22351 10 0
0 22351 11 0
0 22351 12 0
0 22351 13 0
0 22351 14 0
0 50991 15 0
0 50991 0 0
0 50991 1 0
0 50991 2 0
0 50991 3 0
0 50991 4 0
0 19965 5 0
0 19965 6 0
0 19965 7 0
0 19965 8 0
0 19965 9 0
0 19965 10 0
0 54056 11 0
0 54056 12 0
0 54056 13 0
0 54056 14 0
0 54056 15 0
0 54056 0 0
0 30037 1 0
0 30037 2 0
0 30037 3 0
0 30037 4 0
0 30037 5 0
0 30037 6 0
0 37758 7 0
0 37758 8 0
0 37758 9 0
0 37758 10 0
0 37758 11 0
0 37758 12 0
0 22984 13 0
0 22984 14 0
0 22984 15 0
0 22984 0 0
0 22984 1 0
0 22984 2 0
0 15898 3 0
0 15898 4 0
0 15898 5 0
0 15898 6 0
0 15898 7 0
0 15898 8 0
0 39793 9 0
0 39793 10 0
0 39793 11 0
0 39793 12 0
0 39793 13 0
0 39793 14 0
0 4140 15 0
0 4140 0 0
0 4140 1 0
0 4140 2 0
0 4140 3 0
0 4140 4 0
0 53047 5 0
0 53047 6 0
0 53047 7 0
0 53047 8 0
0 53047 9 0
0 53047 10 0
0 56083 11 0
0 56083 12 0
0 56083 13 0
0 56083 14 0
0 56083 15 0
0 56083 0 0
0 14530 1 0
0 14530 2 0
0 14530 3 0
0 14530 4 0
0 14530 5 0
0 14530 6 0
0 30095 7 0
0 30095 8 0
0 30095 9 0
0 30095 10 0
0 30095 11 0
0 30095 12 0
0 20885 13 0
0 20885 14 0
0 20885 15 0
0 20885 0 0
0 20885 1 0
0 20885 2 0
0 45701 3 0
0 45701 4 0
0 45701 5 0
0 45701 6 0
0 45701 7 0
0 45701 8 0
0 10847 9 0
0 10847 10 0
0 10847 11 0
0 10847 12 0
0 10847 13 0
0 10847 14 0
0 18547 15 0
0 18547 0 0
0 18547 1 0
0 18547 2 0
0 18547 3 0
0 18547 4 0
0 30847 5 0
0 30847 6 0
0 30847 7 0
0 30847 8 0
0 30847 9 0
0 30847 10 0
0 64722 11 0
0 64722 12 0
0 64722 13 0
0 64722 14 0
0 64722 15 0
0 64722 0 0
0 43742 1 0
0 43742 2 0
0 43742 3 0
0 43742 4 0
0 43742 5 0
0 43742 6 0
0 58212 7 0
0 58212 8 0
0 58212 9 0
0 58212 10 0
0 58212 11 0
0 58212 12 0
0 37185 13 0
0 37185 14 0
0 37185 15 0
0 37185 0 0
0 37185 1 0
0 37185 2 0
0 59320 3 0
0 59320 4 0
0 59320 5 0
0 59320 6 0
0 59320 7 0
0 59320 8 0
0 37860 9 0
0 37860 10 0
0 37860 11 0
0 37860 12 0
0 37860 13 0
0 37860 14 0
0 59384 15 0
0 59384 0 0
0 59384 1 0
0 59384 2 0
0 59384 3 0
0 59384 4 0
0 2658 5 0
0 2658 6 0
0 2658 7 0
0 2658 8 0
0 2658 9 0
0 2658 10 0
0 2034 11 0
0 2034 12 0
0 2034 13 0
0 2034 14 0
0 2034 15 0
0 2034 0 0
0 11298 1 0
0 11298 2 0
0 11298 3 0
0 11298 4 0
0 11298 5 0
0 11298 6 0
0 63734 7 0
0 63734 8 0
0 63734 9 0
0 63734 10 0
0 63734 11 0
0 63734 12 0
0 34872 13 0
0 34872 14 0
0 34872 15 0
0 34872 0 0
0 34872 1 0
0 34872 2 0
0 37698 3 0
0 37698 4 0
0 37698 5 0
0 37698 6 0
0 37698 7 0
0 37698 8 0
0 56905 9 0
0 56905 10 0
0 56905 11 0
0 56905 12 0
0 56905 13 0
0 56905 14 0
0 12050 15 0
0 12050 0 0
0 12050 1 0
0 12050 2 0
0 12050 3 0
0 12050 4 0
0 47782 5 0
0 47782 6 0
0 47782 7 0
0 47782 8 0
0 47782 9 0
0 47782 10 0
0 31579 11 0
0 31579 12 0
0 31579 13 0
0 31579 14 0
0 31579 15 0
0 31579 0 0
0 29415 1 0
0 29415 2 0
0 29415 3 0
0 29415 4 0
0 29415 5 0
0 29415 6 0
0 52647 7 0
0 52647 8 0
0 52647 9 0
0 52647 10 0
0 52647 11 0
0 52647 12 0
0 37476 13 0
0 37476 14 0
0 37476 15 0
0 37476 0 0
0 37476 1 0
0 37476 2 0
0 56727 3 0
0 56727 4 0
0 56727 5 0
0 56727 6 0
0 56727 7 0
0 56727 8 0
0 45416 9 0
0 45416 10 0
0 45416 11 0
0 45416 12 0
0 45416 13 0
0 45416 14 0
0 44095 15 0
0 44095 0 0
0 44095 1 0
0 44095 2 0
0 44095 3 0
0 44095 4 0
0 7769 5 0
0 7769 6 0
0 7769 7 0
0 7769 8 0
0 7769 9 0
0 7769 10 0
0 58576 11 0
0 58576 12 0
0 58576 13 0
0 58576 14 0
0 58576 15 0
0 58576 0 0
0 58211 1 0
0 58211 2 0
0 58211 3 0
0 58211 4 0
0 58211 5 0
0 58211 6 0
0 24031 7 0
0 24031 8 0
0 24031 9 0
0 24031 10 0
0 24031 11 0
0 24031 12 0
0 42088 13 0
0 42088 14 0
0 42088 15 0
0 42088 0 0
0 42088 1 0
0 42088 2 0
0 32710 3 0
0 32710 4 0
0 32710 5 0
0 32710 6 0
0 32710 7 0
0 32710 8 0
0 34438 9 0
0 34438 10 0
0 34438 11 0
0 34438 12 0
0 34438 13 0
0 34438 14 0
0 42972 15 0
0 42972 0 0
0 42972 1 0
0 42972 2 0
0 42972 3 0
0 42972 4 0
0 52043 5 0
0 52043 6 0
0 52043 7 0
0 52043 8 0
0 52043 9 0
0 52043 10 0
0 46367 11 0
0 46367 12 0
0 46367 13 0
0 46367 14 0
0 46367 15 0
0 46367 0 0
0 33141 1 0
0 33141 2 0
0 33141 3 0
0 33141 4 0
0 33141 5 0
0 33141 6 0
0 34329 7 0
0 34329 8 0
0 34329 9 0
0 34329 10 0
0 34329 11 0
0 34329 12 0
0 61825 13 0
0 61825 14 0
0 61825 15 0
0 61825 0 0
0 61825 1 0
0 61825 2 0
0 62769 3 0
0 62769 4 0
0 62769 5 0
0 62769 6 0
0 62769 7 0
0 62769 8 0
0 44339 9 0
0 44339 10 0
0 44339 11 0
0 44339 12 0
0 44339 13 0
0 44339 14 0
0 54992 15 0
0 54992 0 0
0 54992 1 0
0 54992 2 0
0 54992 3 0
0 54992 4 0
0 13831 5 0
0 13831 6 0
0 13831 7 0
0 13831 8 0
0 13831 9 0
0 13831 10 0
0 2139 11 0
0 2139 12 0
0 2139 13 0
0 2139 14 0
0 2139 15 0
0 2139 0 0
0 2339 1 0
0 2339 2 0
0 2339 3 0
0 2339 4 0
0 2339 5 0
0 2339 6 0
0 40842 7 0
0 40842 8 0
0 40842 9 0
0 40842 10 0
0 40842 11 0
0 40842 12 0
0 30081 13 0
0 30081 14 0
0 30081 15 0
0 30081 0 0
0 30081 1 0
0 30081 2 0
0 28492 3 0
0 28492 4 0
0 28492 5 0
0 28492 6 0
0 28492 7 0
0 28492 8 0
0 19157 9 0
0 19157 10 0
0 19157 11 0
0 19157 12 0
0 19157 13 0
0 19157 14 0
0 23356 15 0
0 23356 0 0
0 23356 1 0
0 23356 2 0
0 23356 3 0
0 23356 4 0
0 12506 5 0
0 12506 6 0
0 12506 7 0
0 12506 8 0
0 12506 9 0
0 12506 10 0
0 63738 11 0
0 63738 12 0
0 63738 13 0
0 63738 14 0
0 63738 15 0
0 63738 0 0
0 44853 1 0
0 44853 2 0
0 44853 3 0
0 44853 4 0
0 44853 5 0
0 44853 6 0
0 53908 7 0
0 53908 8 0
0 53908 9 0
0 53908 10 0
0 53908 11 0
0 53908 12 0
0 48135 13 0
0 48135 14 0
0 48135 15 0
0 48135 0 0
0 48135 1 0
0 48135 2 0
0 46585 3 0
0 46585 4 0
0 46585 5 0
0 46585 6 0
0 46585 7 0
0 46585 8 0
0 48871 9 0
0 48871 10 0
0 48871 11 0
0 48871 12 0
0 48871 13 0
0 48871 14 0
0 62183 15 0
0 62183 0 0
0 62183 1 0
0 62183 2 0
0 62183 3 0
0 62183 4 0
0 60173 5 0
0 60173 6 0
0 60173 7 0
0 60173 8 0
0 60173 9 0
0 60173 10 0
0 39794 11 0
0 39794 12 0
0 39794 13 0
0 39794 14 0
0 39794 15 0
0 39794 0 0
0 48308 1 0
0 48308 2 0
0 48308 3 0
0 48308 4 0
0 48308 5 0
0 48308 6 0
0 4507 7 0
0 4507 8 0
0 4507 9 0
0 4507 10 0
0 4507 11 0
0 4507 12 0
0 54303 13 0
0 54303 14 0
0 54303 15 0
0 54303 0 0
0 54303 1 0
0 54303 2 0
0 3307 3 0
0 3307 4 0
0 3307 5 0
0 3307 6 0
0 3307 7 0
0 3307 8 0
0 5246 9 0
0 5246 10 0
0 5246 11 0
0 5246 12 0
0 5246 13 0
0 5246 14 0
0 42678 15 0
0 42678 0 0
0 42678 1 0
0 42678 2 0
0 42678 3 0
0 42678 4 0
0 28505 5 0
0 28505 6 0
0 28505 7 0
0 28505 8 0
0 28505 9 0
0 28505 10 0
0 17224 11 0
0 17224 12 0
0 17224 13 0
0 17224 14 0
0 17224 15 0
0 17224 0 0
0 54057 1 0
0 54057 2 0
0 54057 3 0
0 54057 4 0
0 54057 5 0
0 54057 6 0
0 51523 7 0
0 51523 8 0
0 51523 9 0
0 51523 10 0
0 51523 11 0
0 51523 12 0
0 20030 13 0
0 20030 14 0
0 20030 15 0
0 20030 0 0
0 20030 1 0
0 20030 2 0
0 51768 3 0
0 51768 4 0
0 51768 5 0
0 51768 6 0
0 51768 7 0
0 51768 8 0
0 39891 9 0
0 39891 10 0
0 39891 11 0
0 39891 12 0
0 39891 13 0
0 39891 14 0
0 20036 15 0
0 20036 0 0
0 20036 1 0
0 20036 2 0
0 20036 3 0
0 20036 4 0
0 18009 5 0
0 18009 6 0
0 18009 7 0
0 18009 8 0
0 18009 9 0
0 18009 10 0
0 24810 11 0
0 24810 12 0
0 24810 13 0
0 24810 14 0
0 24810 15 0
0 24810 0 0
0 19615 1 0
0 19615 2 0
0 19615 3 0
0 19615 4 0
0 19615 5 0
0 19615 6 0
0 25507 7 0
0 25507 8 0
0 25507 9 0
0 25507 10 0
0 25507 11 0
0 25507 12 0
0 52309 13 0
0 52309 14 0
0 52309 15 0
0 52309 0 0
0 52309 1 0
0 52309 2 0
0 1899 3 0
0 1899 4 0
0 1899 5 0
0 1899 6 0
0 1899 7 0
0 1899 8 0
0 14034 9 0
0 14034 10 0
0 14034 11 0
0 14034 12 0
0 14034 13 0
0 14034 14 0
0 35935 15 0
0 35935 0 0
0 35935 1 0
0 35935 2 0
0 35935 3 0
0 35935 4 0
0 62119 5 0
0 62119 6 0
0 62119 7 0
0 62119 8 0
0 62119 9 0
0 62119 10 0
0 53552 11 0
0 53552 12 0
0 53552 13 0
0 53552 14 0
0 53552 15 0
0 53552 0 0
0 37729 1 0
0 37729 2 0
0 37729 3 0
0 37729 4 0
0 37729 5 0
0 37729 6 0
0 31243 7 0
0 31243 8 0
0 31243 9 0
0 31243 10 0
0 31243 11 0
0 31243 12 0
0 20949 13 0
0 20949 14 0
0 20949 15 0
0 20949 0 0
0 20949 1 0
0 20949 2 0
0 18815 3 0
0 18815 4 0
0 18815 5 0
0 18815 6 0
0 18815 7 0
0 18815 8 0
0 5591 9 0
0 5591 10 0
0 5591 11 0
0 5591 12 0
0 5591 13 0
0 5591 14 0
0 48897 15 0
0 48897 0 0
0 48897 1 0
0 48897 2 0
0 48897 3 0
0 48897 4 0
0 49054 5 0
0 49054 6 0
0 49054 7 0
0 49054 8 0
0 49054 9 0
0 49054 10 0
0 40554 11 0
0 40554 12 0
0 40554 13 0
0 40554 14 0
0 40554 15 0
0 40554 0 0
0 33344 1 0
0 33344 2 0
0 33344 3 0
0 33344 4 0
0 33344 5 0
0 33344 6 0
0 8534 7 0
0 8534 8 0
0 8534 9 0
0 8534 10 0
0 8534 11 0
0 8534 12 0
0 1594 13 0
0 1594 14 0
0 1594 15 0
0 1594 0 0
0 1594 1 0
0 1594 2 0
0 41125 3 0
0 41125 4 0
0 41125 5 0
0 41125 6 0
0 41125 7 0
0 41125 8 0
0 14639 9 0
0 14639 10 0
0 14639 11 0
0 14639 12 0
0 14639 13 0
0 14639 14 0
0 4494 15 0
0 4494 0 0
0 4494 1 0
0 4494 2 0
0 4494 3 0
0 4494 4 0
0 7606 5 0
0 7606 6 0
0 7606 7 0
0 7606 8 0
0 7606 9 0
0 7606 10 0
0 27656 11 0
0 27656 12 0
0 27656 13 0
0 27656 14 0
0 27656 15 0
0 27656 0 0
0 16658 1 0
0 16658 2 0
0 16658 3 0
0 16658 4 0
0 16658 5 0
0 16658 6 0
0 29245 7 0
0 29245 8 0
0 29245 9 0
0 29245 10 0
0 29245 11 0
0 29245 12 0
0 52732 13 0
0 52732 14 0
0 52732 15 0
0 52732 0 0
0 52732 1 0
0 52732 2 0
0 10974 3 0
0 10974 4 0
0 10974 5 0
0 10974 6 0
0 10974 7 0
0 10974 8 0
0 35388 9 0
0 35388 10 0
0 35388 11 0
0 35388 12 0
0 35388 13 0
0 35388 14 0
0 19156 15 0
0 19156 0 0
0 19156 1 0
0 19156 2 0
0 19156 3 0
0 19156 4 0
0 53410 5 0
0 53410 6 0
0 53410 7 0
0 53410 8 0
0 53410 9 0
0 53410 10 0
0 4954 11 0
0 4954 12 0
0 4954 13 0
0 4954 14 0
0 4954 15 0
0 4954 0 0
0 27856 1 0
0 27856 2 0
0 27856 3 0
0 27856 4 0
0 27856 5 0
0 27856 6 0
0 22182 7 0
0 22182 8 0
0 22182 9 0
0 22182 10 0
0 22182 11 0
0 22182 12 0
0 62496 13 0
0 62496 14 0
0 62496 15 0
0 62496 0 0
0 62496 1 0
0 62496 2 0
0 202 3 0
0 202 4 0
0 202 5 0
0 202 6 0
0 202 7 0
0 202 8 0
0 18572 9 0
0 18572 10 0
0 18572 11 0
0 18572 12 0
0 18572 13 0
0 18572 14 0
0 44857 15 0
0 44857 0 0
0 44857 1 0
0 44857 2 0
0 44857 3 0
0 44857 4 0
0 43929 5 0
0 43929 6 0
0 43929 7 0
0 43929 8 0
0 43929 9 0
0 43929 10 0
0 57229 11 0
0 57229 12 0
0 57229 13 0
0 57229 14 0
0 57229 15 0
0 57229 0 0
0 43268 1 0
0 43268 2 0
0 43268 3 0
0 43268 4 0
0 43268 5 0
0 43268 6 0
0 59750 7 0
0 59750 8 0
0 59750 9 0
0 59750 10 0
0 59750 11 0
0 59750 12 0
0 42538 13 0
0 42538 14 0
0 42538 15 0
0 42538 0 0
0 42538 1 0
0 42538 2 0
0 43656 3 0
0 43656 4 0
0 43656 5 0
0 43656 6 0
0 43656 7 0
0 43656 8 0
0 1704 9 0
0 1704 10 0
0 1704 11 0
0 1704 12 0
0 1704 13 0
0 1704 14 0
0 24846 15 0
0 24846 0 0
0 24846 1 0
0 24846 2 0
0 24846 3 0
0 24846 4 0
0 30988 5 0
0 30988 6 0
0 30988 7 0
0 30988 8 0
0 30988 9 0
0 30988 10 0
0 50380 11 0
0 50380 12 0
0 50380 13 0
0 50380 14 0
0 50380 15 0
0 50380 0 0
0 22513 1 0
0 22513 2 0
0 22513 3 0
0 22513 4 0
0 22513 5 0
0 22513 6 0
0 16947 7 0
0 16947 8 0
0 16947 9 0
0 16947 10 0
0 16947 11 0
0 16947 12 0
0 51853 13 0
0 51853 14 0
0 51853 15 0
0 51853 0 0
0 51853 1 0
0 51853 2 0
0 4848 3 0
0 4848 4 0
0 4848 5 0
0 4848 6 0
0 4848 7 0
0 4848 8 0
0 6207 9 0
0 6207 10 0
0 6207 11 0
0 6207 12 0
0 6207 13 0
0 6207 14 0
0 53185 15 0
0 53185 0 0
0 53185 1 0
0 53185 2 0
0 53185 3 0
0 53185 4 0
0 33098 5 0
0 33098 6 0
0 33098 7 0
0 33098 8 0
0 33098 9 0
0 33098 10 0
0 60632 11 0
0 60632 12 0
0 60632 13 0
0 60632 14 0
0 60632 15 0
0 60632 0 0
0 31157 1 0
0 31157 2 0
0 31157 3 0
0 31157 4 0
0 31157 5 0
0 31157 6 0
0 6575 7 0
0 6575 8 0
0 6575 9 0
0 6575 10 0
0 6575 11 0
0 6575 12 0
0 53760 13 0
0 53760 14 0
0 53760 15 0
0 53760 0 0
0 53760 1 0
0 53760 2 0
0 53916 3 0
0 53916 4 0
0 53916 5 0
0 53916 6 0
0 53916 7 0
0 53916 8 0
0 58143 9 0
0 58143 10 0
0 58143 11 0
0 58143 12 0
0 58143 13 0
0 58143 14 0
0 7467 15 0
0 7467 0 0
0 7467 1 0
0 7467 2 0
0 7467 3 0
0 7467 4 0
0 50739 5 0
0 50739 6 0
0 50739 7 0
0 50739 8 0
0 50739 9 0
0 50739 10 0
0 27857 11 0
0 27857 12 0
0 27857 13 0
0 27857 14 0
0 27857 15 0
0 27857 0 0
0 53373 1 0
0 53373 2 0
0 53373 3 0
0 53373 4 0
0 53373 5 0
0 53373 6 0
0 54931 7 0
0 54931 8 0
0 54931 9 0
0 54931 10 0
0 54931 11 0
0 54931 12 0
0 2640 13 0
0 2640 14 0
0 2640 15 0
0 2640 0 0
0 2640 1 0
0 2640 2 0
0 64280 3 0
0 64280 4 0
0 64280 5 0
0 64280 6 0
0 64280 7 0
0 64280 8 0
0 28908 9 0
0 28908 10 0
0 28908 11 0
0 28908 12 0
0 28908 13 0
0 28908 14 0
0 16994 15 0
0 16994 0 0
0 16994 1 0
0 16994 2 0
0 16994 3 0
0 16994 4 0
0 10357 5 0
0 10357 6 0
0 10357 7 0
0 10357 8 0
0 10357 9 0
0 10357 10 0
0 9486 11 0
0 9486 12 0
0 9486 13 0
0 9486 14 0
0 9486 15 0
0 9486 0 0
0 9092 1 0
0 9092 2 0
0 9092 3 0
0 9092 4 0
0 9092 5 0
0 9092 6 0
0 46666 7 0
0 46666 8 0
0 46666 9 0
0 46666 10 0
0 46666 11 0
0 46666 12 0
0 9179 13 0
0 9179 14 0
0 9179 15 0
0 9179 0 0
0 9179 1 0
0 9179 2 0
0 5558 3 0
0 5558 4 0
0 5558 5 0
0 5558 6 0
0 5558 7 0
0 5558 8 0
0 10323 9 0
0 10323 10 0
0 10323 11 0
0 10323 12 0
0 10323 13 0
0 10323 14 0
0 24167 15 0
0 24167 0 0
0 24167 1 0
0 24167 2 0
0 24167 3 0
0 24167 4 0
0 40863 5 0
0 40863 6 0
0 40863 7 0
0 40863 8 0
0 40863 9 0
0 40863 10 0
0 18943 11 0
0 18943 12 0
0 18943 13 0
0 18943 14 0
0 18943 15 0
0 18943 0 0
0 62138 1 0
0 62138 2 0
0 62138 3 0
0 62138 4 0
0 62138 5 0
0 62138 6 0
0 31519 7 0
0 31519 8 0
0 31519 9 0
0 31519 10 0
0 31519 11 0
0 31519 12 0
0 27068 13 0
0 27068 14 0
0 27068 15 0
0 27068 0 0
0 27068 1 0
0 27068 2 0
0 29766 3 0
0 29766 4 0
0 29766 5 0
0 29766 6 0
0 29766 7 0
0 29766 8 0
0 42484 9 0
0 42484 10 0
0 42484 11 0
0 42484 12 0
0 42484 13 0
0 42484 14 0
0 47475 15 0
0 47475 0 0
0 47475 1 0
0 47475 2 0
0 47475 3 0
0 47475 4 0
0 9779 5 0
0 9779 6 0
0 9779 7 0
0 9779 8 0
0 9779 9 0
0 9779 10 0
0 33236 11 0
0 33236 12 0
0 33236 13 0
0 33236 14 0
0 33236 15 0
0 33236 0 0
0 65106 1 0
0 65106 2 0
0 65106 3 0
0 65106 4 0
0 65106 5 0
0 65106 6 0
0 14689 7 0
0 14689 8 0
0 14689 9 0
0 14689 10 0
0 14689 11 0
0 14689 12 0
0 15917 13 0
0 15917 14 0
0 15917 15 0
0 15917 0 0
0 15917 1 0
0 15917 2 0
0 16346 3 0
0 16346 4 0
0 16346 5 0
0 16346 6 0
0 16346 7 0
0 16346 8 0
0 51380 9 0
0 51380 10 0
0 51380 11 0
0 51380 12 0
0 51380 13 0
0 51380 14 0
0 32427 15 0
0 32427 0 0
0 32427 1 0
0 32427 2 0
0 32427 3 0
0 32427 4 0
0 40613 5 0
0 40613 6 0
0 40613 7 0
0 40613 8 0
0 40613 9 0
0 40613 10 0
0 24071 11 0
0 24071 12 0
0 24071 13 0
0 24071 14 0
0 24071 15 0
0 24071 0 0
0 36600 1 0
0 36600 2 0
0 36600 3 0
0 36600 4 0
0 36600 5 0
0 36600 6 0
0 62007 7 0
0 62007 8 0
0 62007 9 0
0 62007 10 0
0 62007 11 0
0 62007 12 0
0 56148 13 0
0 56148 14 0
0 56148 15 0
0 56148 0 0
0 56148 1 0
0 56148 2 0
0 27629 3 0
0 27629 4 0
0 27629 5 0
0 27629 6 0
0 27629 7 0
0 27629 8 0
0 64988 9 0
0 64988 10 0
0 64988 11 0
0 64988 12 0
0 64988 13 0
0 64988 14 0
0 57623 15 0
0 57623 0 0
0 57623 1 0
0 57623 2 0
0 57623 3 0
0 57623 4 0
0 49990 5 0
0 49990 6 0
0 49990 7 0
0 49990 8 0
0 49990 9 0
0 49990 10 0
0 414 11 0
0 414 12 0
0 414 13 0
0 414 14 0
0 414 15 0
0 414 0 0
0 18993 1 0
0 18993 2 0
0 18993 3 0
0 18993 4 0
0 18993 5 0
0 18993 6 0
0 47870 7 0
0 47870 8 0
0 47870 9 0
0 47870 10 0
0 47870 11 0
0 47870 12 0
0 36755 13 0
0 36755 14 0
0 36755 15 0
0 36755 0 0
0 36755 1 0
0 36755 2 0
0 13248 3 0
0 13248 4 0
0 13248 5 0
0 13248 6 0
0 13248 7 0
0 13248 8 0
0 29162 9 0
0 29162 10 0
0 29162 11 0
0 29162 12 0
0 29162 13 0
0 29162 14 0
0 2451 15 0
0 2451 0 0
0 2451 1 0
0 2451 2 0
0 2451 3 0
0 2451 4 0
0 32988 5 0
0 32988 6 0
0 32988 7 0
0 32988 8 0
0 32988 9 0
0 32988 10 0
0 23865 11 0
0 23865 12 0
0 23865 13 0
0 23865 14 0
0 23865 15 0
0 23865 0 0
0 40011 1 0
0 40011 2 0
0 40011 3 0
0 40011 4 0
0 40011 5 0
0 40011 6 0
0 22551 7 0
0 22551 8 0
0 22551 9 0
0 22551 10 0
0 22551 11 0
0 22551 12 0
0 25679 13 0
0 25679 14 0
0 25679 15 0
0 25679 0 0
0 25679 1 0
0 25679 2 0
0 46911 3 0
0 46911 4 0
0 46911 5 0
0 46911 6 0
0 46911 7 0
0 46911 8 0
0 36926 9 0
0 36926 10 0
0 36926 11 0
0 36926 12 0
0 36926 13 0
0 36926 14 0
0 5087 15 0
0 5087 0 0
0 5087 1 0
0 5087 2 0
0 5087 3 0
0 5087 4 0
0 10877 5 0
0 10877 6 0
0 10877 7 0
0 10877 8 0
0 10877 9 0
0 10877 10 0
0 59653 11 0
0 59653 12 0
0 59653 13 0
0 59653 14 0
0 59653 15 0
0 59653 0 0
0 7449 1 0
0 7449 2 0
0 7449 3 0
0 7449 4 0
0 7449 5 0
0 7449 6 0
0 1809 7 0
0 1809 8 0
0 1809 9 0
0 1809 10 0
0 1809 11 0
0 1809 12 0
0 11309 13 0
0 11309 14 0
0 11309 15 0
0 11309 0 0
0 11309 1 0
0 11309 2 0
0 1547 3 0
0 1547 4 0
0 1547 5 0
0 1547 6 0
0 1547 7 0
0 1547 8 0
0 28905 9 0
0 28905 10 0
0 28905 11 0
0 28905 12 0
0 28905 13 0
0 28905 14 0
0 17381 15 0
0 17381 0 0
0 17381 1 0
0 17381 2 0
0 17381 3 0
0 17381 4 0
0 3397 5 0
0 3397 6 0
0 3397 7 0
0 3397 8 0
0 3397 9 0
0 3397 10 0
0 46755 11 0
0 46755 12 0
0 46755 13 0
0 46755 14 0
0 46755 15 0
0 46755 0 0
0 22414 1 0
0 22414 2 0
0 22414 3 0
0 22414 4 0
0 22414 5 0
0 22414 6 0
0 697 7 0
0 697 8 0
0 697 9 0
0 697 10 0
0 697 11 0
0 697 12 0
0 15412 13 0
0 15412 14 0
0 15412 15 0
0 15412 0 0
0 15412 1 0
0 15412 2 0
0 48842 3 0
0 48842 4 0
0 48842 5 0
0 48842 6 0
0 48842 7 0
0 48842 8 0
0 15459 9 0
0 15459 10 0
0 15459 11 0
0 15459 12 0
0 15459 13 0
0 15459 14 0
0 16986 15 0
0 16986 0 0
0 16986 1 0
0 16986 2 0
0 16986 3 0
0 16986 4 0
0 43992 5 0
0 43992 6 0
0 43992 7 0
0 43992 8 0
0 43992 9 0
0 43992 10 0
0 30566 11 0
0 30566 12 0
0 30566 13 0
0 30566 14 0
0 30566 15 0
0 30566 0 0
0 5434 1 0
0 5434 2 0
0 5434 3 0
0 5434 4 0
0 5434 5 0
0 5434 6 0
0 3818 7 0
0 3818 8 0
0 3818 9 0
0 3818 10 0
0 3818 11 0
0 3818 12 0
0 39047 13 0
0 39047 14 0
0 39047 15 0
0 39047 0 0
0 39047 1 0
0 39047 2 0
0 64292 3 0
0 64292 4 0
0 64292 5 0
0 64292 6 0
0 64292 7 0
0 64292 8 0
0 61960 9 0
0 61960 10 0
0 61960 11 0
0 61960 12 0
0 61960 13 0
0 61960 14 0
0 7543 15 0
0 7543 0 0
0 7543 1 0
0 7543 2 0
0 7543 3 0
0 7543 4 0
0 5192 5 0
0 5192 6 0
0 5192 7 0
0 5192 8 0
0 5192 9 0
0 5192 10 0
0 55720 11 0
0 55720 12 0
0 55720 13 0
0 55720 14 0
0 55720 15 0
0 55720 0 0
0 47173 1 0
0 47173 2 0
0 47173 3 0
0 47173 4 0
0 47173 5 0
0 47173 6 0
0 53686 7 0
0 53686 8 0
0 53686 9 0
0 53686 10 0
0 53686 11 0
0 53686 12 0
0 23003 13 0
0 23003 14 0
0 23003 15 0
0 23003 0 0
0 23003 1 0
0 23003 2 0
0 10810 3 0
0 10810 4 0
0 10810 5 0
0 10810 6 0
0 10810 7 0
0 10810 8 0
0 26574 9 0
0 26574 10 0
0 26574 11 0
0 26574 12 0
0 26574 13 0
0 26574 14 0
0 28515 15 0
0 28515 0 0
0 28515 1 0
0 28515 2 0
0 28515 3 0
0 28515 4 0
0 64598 5 0
0 64598 6 0
0 64598 7 0
0 64598 8 0
0 64598 9 0
0 64598 10 0
0 22889 11 0
0 22889 12 0
0 22889 13 0
0 22889 14 0
0 22889 15 0
0 22889 0 0
0 14813 1 0
0 14813 2 0
0 14813 3 0
0 14813 4 0
0 14813 5 0
0 14813 6 0
0 13056 7 0
0 13056 8 0
0 13056 9 0
0 13056 10 0
0 13056 11 0
0 13056 12 0
0 57350 13 0
0 57350 14 0
0 57350 15 0
0 57350 0 0
0 57350 1 0
0 57350 2 0
0 18804 3 0
0 18804 4 0
0 18804 5 0
0 18804 6 0
0 18804 7 0
0 18804 8 0
0 2988 9 0
0 2988 10 0
0 2988 11 0
0 2988 12 0
0 2988 13 0
0 2988 14 0
0 20078 15 0
0 20078 0 0
0 20078 1 0
0 20078 2 0
0 20078 3 0
0 20078 4 0
0 26074 5 0
0 26074 6 0
0 26074 7 0
0 26074 8 0
0 26074 9 0
0 26074 10 0
0 33154 11 0
0 33154 12 0
0 33154 13 0
0 33154 14 0
0 33154 15 0
0 33154 0 0
0 40778 1 0
0 40778 2 0
0 40778 3 0
0 40778 4 0
0 40778 5 0
0 40778 6 0
0 28948 7 0
0 28948 8 0
0 28948 9 0
0 28948 10 0
0 28948 11 0
0 28948 12 0
0 62120 13 0
0 62120 14 0
0 62120 15 0
0 62120 0 0
0 62120 1 0
0 62120 2 0
0 42317 3 0
0 42317 4 0
0 42317 5 0
0 42317 6 0
0 42317 7 0
0 42317 8 0
0 37073 9 0
0 37073 10 0
0 37073 11 0
0 37073 12 0
0 37073 13 0
0 37073 14 0
0 20348 15 0
0 20348 0 0
0 20348 1 0
0 20348 2 0
0 20348 3 0
0 20348 4 0
0 9388 5 0
0 9388 6 0
0 9388 7 0
0 9388 8 0
0 9388 9 0
0 9388 10 0
0 51083 11 0
0 51083 12 0
0 51083 13 0
0 51083 14 0
0 51083 15 0
0 51083 0 0
0 1440 1 0
0 1440 2 0
0 1440 3 0
0 1440 4 0
0 1440 5 0
0 1440 6 0
0 64341 7 0
0 64341 8 0
0 64341 9 0
0 64341 10 0
0 64341 11 0
0 64341 12 0
0 30554 13 0
0 30554 14 0
0 30554 15 0
0 30554 0 0
0 30554 1 0
0 30554 2 0
0 7777 3 0
0 7777 4 0
0 7777 5 0
0 7777 6 0
0 7777 7 0
0 7777 8 0
0 5256 9 0
0 5256 10 0
0 5256 11 0
0 5256 12 0
0 5256 13 0
0 5256 14 0
0 51882 15 0
0 51882 0 0
0 51882 1 0
0 51882 2 0
0 51882 3 0
0 51882 4 0
0 12160 5 0
0 12160 6 0
0 12160 7 0
0 12160 8 0
0 12160 9 0
0 12160 10 0
0 64708 11 0
0 64708 12 0
0 64708 13 0
0 64708 14 0
0 64708 15 0
0 64708 0 0
0 44046 1 0
0 44046 2 0
0 44046 3 0
0 44046 4 0
0 44046 5 0
0 44046 6 0
0 60642 7 0
0 60642 8 0
0 60642 9 0
0 60642 10 0
0 60642 11 0
0 60642 12 0
0 48974 13 0
0 48974 14 0
0 48974 15 0
0 48974 0 0
0 48974 1 0
0 48974 2 0
0 41518 3 0
0 41518 4 0
0 41518 5 0
0 41518 6 0
0 41518 7 0
0 41518 8 0
0 27038 9 0
0 27038 10 0
0 27038 11 0
0 27038 12 0
0 27038 13 0
0 27038 14 0
0 5432 15 0
0 5432 0 0
0 5432 1 0
0 5432 2 0
0 5432 3 0
0 5432 4 0
0 2700 5 0
0 2700 6 0
0 2700 7 0
0 2700 8 0
0 2700 9 0
0 2700 10 0
0 27491 11 0
0 27491 12 0
0 27491 13 0
0 27491 14 0
0 27491 15 0
0 27491 0 0
0 43464 1 0
0 43464 2 0
0 43464 3 0
0 43464 4 0
0 43464 5 0
0 43464 6 0
0 40991 7 0
0 40991 8 0
0 40991 9 0
0 40991 10 0
0 40991 11 0
0 40991 12 0
0 29809 13 0
0 29809 14 0
0 29809 15 0
0 29809 0 0
0 29809 1 0
0 29809 2 0
0 61116 3 0
0 61116 4 0
0 61116 5 0
0 61116 6 0
0 61116 7 0
0 61116 8 0
0 44296 9 0
0 44296 10 0
0 44296 11 0
0 44296 12 0
0 44296 13 0
0 44296 14 0
0 43319 15 0
0 43319 0 0
0 43319 1 0
0 43319 2 0
0 43319 3 0
0 43319 4 0
0 20556 5 0
0 20556 6 0
0 20556 7 0
0 20556 8 0
0 20556 9 0
0 20556 10 0
0 19741 11 0
0 19741 12 0
0 19741 13 0
0 19741 14 0
0 19741 15 0
0 19741 0 0
0 19903 1 0
0 19903 2 0
0 19903 3 0
0 19903 4 0
0 19903 5 0
0 19903 6 0
0 43926 7 0
0 43926 8 0
0 43926 9 0
0 43926 10 0
0 43926 11 0
0 43926 12 0
0 28366 13 0
0 28366 14 0
0 28366 15 0
