0 0 0 0
0 0 1 0
0 0 2 0
0 0 3 0
0 0 4 0
0 19182 5 0
0 19182 6 0
0 19182 7 0
0 19182 8 0
0 19182 9 0
0 19182 10 0
0 13714 11 0
0 13714 12 0
0 13714 13 0
0 13714 14 0
0 13714 15 0
0 13714 0 0
0 25948 1 0
0 25948 2 0
0 25948 3 0
0 25948 4 0
0 25948 5 0
0 25948 6 0
0 60084 7 0
0 60084 8 0
0 60084 9 0
0 60084 10 0
0 60084 11 0
0 60084 12 0
0 49549 13 0
0 49549 14 0
0 49549 15 0
0 49549 0 0
0 49549 1 0
0 49549 2 0
0 47401 3 0
0 47401 4 0
0 47401 5 0
0 47401 6 0
0 47401 7 0
0 47401 8 0
0 19835 9 0
0 19835 10 0
0 19835 11 0
0 19835 12 0
0 19835 13 0
0 19835 14 0
0 13729 15 0
0 13729 0 0
0 13729 1 0
0 13729 2 0
0 13729 3 0
0 13729 4 0
0 63950 5 0
0 63950 6 0
0 63950 7 0
0 63950 8 0
0 63950 9 0
0 63950 10 0
0 19451 11 0
0 19451 12 0
0 19451 13 0
0 19451 14 0
0 19451 15 0
0 19451 0 0
0 53203 1 0
0 53203 2 0
0 53203 3 0
0 53203 4 0
0 53203 5 0
0 53203 6 0
0 55474 7 0
0 55474 8 0
0 55474 9 0
0 55474 10 0
0 55474 11 0
0 55474 12 0
0 64933 13 0
0 64933 14 0
0 64933 15 0
0 64933 0 0
0 64933 1 0
0 64933 2 0
0 42265 3 0
0 42265 4 0
0 42265 5 0
0 42265 6 0
0 42265 7 0
0 42265 8 0
0 65331 9 0
0 65331 10 0
0 65331 11 0
0 65331 12 0
0 65331 13 0
0 65331 14 0
0 65358 15 0
0 65358 0 0
0 65358 1 0
0 65358 2 0
0 65358 3 0
0 65358 4 0
0 26475 5 0
0 26475 6 0
0 26475 7 0
0 26475 8 0
0 26475 9 0
0 26475 10 0
0 28675 11 0
0 28675 12 0
0 28675 13 0
0 28675 14 0
0 28675 15 0
0 28675 0 0
0 1272 1 0
0 1272 2 0
0 1272 3 0
0 1272 4 0
0 1272 5 0
0 1272 6 0
0 44593 7 0
0 44593 8 0
0 44593 9 0
0 44593 10 0
0 44593 11 0
0 44593 12 0
0 41714 13 0
0 41714 14 0
0 41714 15 0
0 41714 0 0
0 41714 1 0
0 41714 2 0
0 42182 3 0
0 42182 4 0
0 42182 5 0
0 42182 6 0
0 42182 7 0
0 42182 8 0
0 4648 9 0
0 4648 10 0
0 4648 11 0
0 4648 12 0
0 4648 13 0
0 4648 14 0
0 19446 15 0
0 19446 0 0
0 19446 1 0
0 19446 2 0
0 19446 3 0
0 19446 4 0
0 33670 5 0
0 33670 6 0
0 33670 7 0
0 33670 8 0
0 33670 9 0
0 33670 10 0
0 20434 11 0
0 20434 12 0
0 20434 13 0
0 20434 14 0
0 20434 15 0
0 20434 0 0
0 49676 1 0
0 49676 2 0
0 49676 3 0
0 49676 4 0
0 49676 5 0
0 49676 6 0
0 38585 7 0
0 38585 8 0
0 38585 9 0
0 38585 10 0
0 38585 11 0
0 38585 12 0
0 61660 13 0
0 61660 14 0
0 61660 15 0
0 61660 0 0
0 61660 1 0
0 61660 2 0
0 8697 3 0
0 8697 4 0
0 8697 5 0
0 8697 6 0
0 8697 7 0
0 8697 8 0
0 11094 9 0
0 11094 10 0
0 11094 11 0
0 11094 12 0
0 11094 13 0
0 11094 14 0
0 5166 15 0
0 5166 0 0
0 5166 1 0
0 5166 2 0
0 5166 3 0
0 5166 4 0
0 8697 5 0
0 8697 6 0
0 8697 7 0
0 8697 8 0
0 8697 9 0
0 8697 10 0
0 29503 11 0
0 29503 12 0
0 29503 13 0
0 29503 14 0
0 29503 15 0
0 29503 0 0
0 17104 1 0
0 17104 2 0
0 17104 3 0
0 17104 4 0
0 17104 5 0
0 17104 6 0
0 5325 7 0
0 5325 8 0
0 5325 9 0
0 5325 10 0
0 5325 11 0
0 5325 12 0
0 39380 13 0
0 39380 14 0
0 39380 15 0
0 39380 0 0
0 39380 1 0
0 39380 2 0
0 2003 3 0
0 2003 4 0
0 2003 5 0
0 2003 6 0
0 2003 7 0
0 2003 8 0
0 58797 9 0
0 58797 10 0
0 58797 11 0
0 58797 12 0
0 58797 13 0
0 58797 14 0
0 43331 15 0
0 43331 0 0
0 43331 1 0
0 43331 2 0
0 43331 3 0
0 43331 4 0
0 21061 5 0
0 21061 6 0
0 21061 7 0
0 21061 8 0
0 21061 9 0
0 21061 10 0
0 19506 11 0
0 19506 12 0
0 19506 13 0
0 19506 14 0
0 19506 15 0
0 19506 0 0
0 60389 1 0
0 60389 2 0
0 60389 3 0
0 60389 4 0
0 60389 5 0
0 60389 6 0
0 48669 7 0
0 48669 8 0
0 48669 9 0
0 48669 10 0
0 48669 11 0
0 48669 12 0
0 50099 13 0
0 50099 14 0
0 50099 15 0
0 50099 0 0
0 50099 1 0
0 50099 2 0
0 4406 3 0
0 4406 4 0
0 4406 5 0
0 4406 6 0
0 4406 7 0
0 4406 8 0
0 11881 9 0
0 11881 10 0
0 11881 11 0
0 11881 12 0
0 11881 13 0
0 11881 14 0
0 10008 15 0
0 10008 0 0
0 10008 1 0
0 10008 2 0
0 10008 3 0
0 10008 4 0
0 55884 5 0
0 55884 6 0
0 55884 7 0
0 55884 8 0
0 55884 9 0
0 55884 10 0
0 27014 11 0
0 27014 12 0
0 27014 13 0
0 27014 14 0
0 27014 15 0
0 27014 0 0
0 37966 1 0
0 37966 2 0
0 37966 3 0
0 37966 4 0
0 37966 5 0
0 37966 6 0
0 54767 7 0
0 54767 8 0
0 54767 9 0
0 54767 10 0
0 54767 11 0
0 54767 12 0
0 63204 13 0
0 63204 14 0
0 63204 15 0
0 63204 0 0
0 63204 1 0
0 63204 2 0
0 50930 3 0
0 50930 4 0
0 50930 5 0
0 50930 6 0
0 50930 7 0
0 50930 8 0
0 30614 9 0
0 30614 10 0
0 30614 11 0
0 30614 12 0
0 30614 13 0
0 30614 14 0
0 2684 15 0
0 2684 0 0
0 2684 1 0
0 2684 2 0
0 2684 3 0
0 2684 4 0
0 31 5 0
0 31 6 0
0 31 7 0
0 31 8 0
0 31 9 0
0 31 10 0
0 23851 11 0
0 23851 12 0
0 23851 13 0
0 23851 14 0
0 23851 15 0
0 23851 0 0
0 39641 1 0
0 39641 2 0
0 39641 3 0
0 39641 4 0
0 39641 5 0
0 39641 6 0
0 33352 7 0
0 33352 8 0
0 33352 9 0
0 33352 10 0
0 33352 11 0
0 33352 12 0
0 43605 13 0
0 43605 14 0
0 43605 15 0
0 43605 0 0
0 43605 1 0
0 43605 2 0
0 8601 3 0
0 8601 4 0
0 8601 5 0
0 8601 6 0
0 8601 7 0
0 8601 8 0
0 64685 9 0
0 64685 10 0
0 64685 11 0
0 64685 12 0
0 64685 13 0
0 64685 14 0
0 34341 15 0
0 34341 0 0
0 34341 1 0
0 34341 2 0
0 34341 3 0
0 34341 4 0
0 39689 5 0
0 39689 6 0
0 39689 7 0
0 39689 8 0
0 39689 9 0
0 39689 10 0
0 53486 11 0
0 53486 12 0
0 53486 13 0
0 53486 14 0
0 53486 15 0
0 53486 0 0
0 50352 1 0
0 50352 2 0
0 50352 3 0
0 50352 4 0
0 50352 5 0
0 50352 6 0
0 50289 7 0
0 50289 8 0
0 50289 9 0
0 50289 10 0
0 50289 11 0
0 50289 12 0
0 8160 13 0
0 8160 14 0
0 8160 15 0
0 8160 0 0
0 8160 1 0
0 8160 2 0
0 21468 3 0
0 21468 4 0
0 21468 5 0
0 21468 6 0
0 21468 7 0
0 21468 8 0
0 16688 9 0
0 16688 10 0
0 16688 11 0
0 16688 12 0
0 16688 13 0
0 16688 14 0
0 31319 15 0
0 31319 0 0
0 31319 1 0
0 31319 2 0
0 31319 3 0
0 31319 4 0
0 37629 5 0
0 37629 6 0
0 37629 7 0
0 37629 8 0
0 37629 9 0
0 37629 10 0
0 43781 11 0
0 43781 12 0
0 43781 13 0
0 43781 14 0
0 43781 15 0
0 43781 0 0
0 7278 1 0
0 7278 2 0
0 7278 3 0
0 7278 4 0
0 7278 5 0
0 7278 6 0
0 4709 7 0
0 4709 8 0
0 4709 9 0
0 4709 10 0
0 4709 11 0
0 4709 12 0
0 63088 13 0
0 63088 14 0
0 63088 15 0
0 63088 0 0
0 63088 1 0
0 63088 2 0
0 54770 3 0
0 54770 4 0
0 54770 5 0
0 54770 6 0
0 54770 7 0
0 54770 8 0
0 18468 9 0
0 18468 10 0
0 18468 11 0
0 18468 12 0
0 18468 13 0
0 18468 14 0
0 64465 15 0
0 64465 0 0
0 64465 1 0
0 64465 2 0
0 64465 3 0
0 64465 4 0
0 10698 5 0
0 10698 6 0
0 10698 7 0
0 10698 8 0
0 10698 9 0
0 10698 10 0
0 19840 11 0
0 19840 12 0
0 19840 13 0
0 19840 14 0
0 19840 15 0
0 19840 0 0
0 46238 1 0
0 46238 2 0
0 46238 3 0
0 46238 4 0
0 46238 5 0
0 46238 6 0
0 53888 7 0
0 53888 8 0
0 53888 9 0
0 53888 10 0
0 53888 11 0
0 53888 12 0
0 4611 13 0
0 4611 14 0
0 4611 15 0
0 4611 0 0
0 4611 1 0
0 4611 2 0
0 61116 3 0
0 61116 4 0
0 61116 5 0
0 61116 6 0
0 61116 7 0
0 61116 8 0
0 50683 9 0
0 50683 10 0
0 50683 11 0
0 50683 12 0
0 50683 13 0
0 50683 14 0
0 60146 15 0
0 60146 0 0
0 60146 1 0
0 60146 2 0
0 60146 3 0
0 60146 4 0
0 6164 5 0
0 6164 6 0
0 6164 7 0
0 6164 8 0
0 6164 9 0
0 6164 10 0
0 13301 11 0
0 13301 12 0
0 13301 13 0
0 13301 14 0
0 13301 15 0
0 13301 0 0
0 61720 1 0
0 61720 2 0
0 61720 3 0
0 61720 4 0
0 61720 5 0
0 61720 6 0
0 19840 7 0
0 19840 8 0
0 19840 9 0
0 19840 10 0
0 19840 11 0
0 19840 12 0
0 2651 13 0
0 2651 14 0
0 2651 15 0
0 2651 0 0
0 2651 1 0
0 2651 2 0
0 4255 3 0
0 4255 4 0
0 4255 5 0
0 4255 6 0
0 4255 7 0
0 4255 8 0
0 17393 9 0
0 17393 10 0
0 17393 11 0
0 17393 12 0
0 17393 13 0
0 17393 14 0
0 42455 15 0
0 42455 0 0
0 42455 1 0
0 42455 2 0
0 42455 3 0
0 42455 4 0
0 13800 5 0
0 13800 6 0
0 13800 7 0
0 13800 8 0
0 13800 9 0
0 13800 10 0
0 45438 11 0
0 45438 12 0
0 45438 13 0
0 45438 14 0
0 45438 15 0
0 45438 0 0
0 25555 1 0
0 25555 2 0
0 25555 3 0
0 25555 4 0
0 25555 5 0
0 25555 6 0
0 50254 7 0
0 50254 8 0
0 50254 9 0
0 50254 10 0
0 50254 11 0
0 50254 12 0
0 64267 13 0
0 64267 14 0
0 64267 15 0
0 64267 0 0
0 64267 1 0
0 64267 2 0
0 14548 3 0
0 14548 4 0
0 14548 5 0
0 14548 6 0
0 14548 7 0
0 14548 8 0
0 7885 9 0
0 7885 10 0
0 7885 11 0
0 7885 12 0
0 7885 13 0
0 7885 14 0
0 61235 15 0
0 61235 0 0
0 61235 1 0
0 61235 2 0
0 61235 3 0
0 61235 4 0
0 44284 5 0
0 44284 6 0
0 44284 7 0
0 44284 8 0
0 44284 9 0
0 44284 10 0
0 16295 11 0
0 16295 12 0
0 16295 13 0
0 16295 14 0
0 16295 15 0
0 16295 0 0
0 38847 1 0
0 38847 2 0
0 38847 3 0
0 38847 4 0
0 38847 5 0
0 38847 6 0
0 16660 7 0
0 16660 8 0
0 16660 9 0
0 16660 10 0
0 16660 11 0
0 16660 12 0
0 50809 13 0
0 50809 14 0
0 50809 15 0
0 50809 0 0
0 50809 1 0
0 50809 2 0
0 38509 3 0
0 38509 4 0
0 38509 5 0
0 38509 6 0
0 38509 7 0
0 38509 8 0
0 15932 9 0
0 15932 10 0
0 15932 11 0
0 15932 12 0
0 15932 13 0
0 15932 14 0
0 24789 15 0
0 24789 0 0
0 24789 1 0
0 24789 2 0
0 24789 3 0
0 24789 4 0
0 5004 5 0
0 5004 6 0
0 5004 7 0
0 5004 8 0
0 5004 9 0
0 5004 10 0
0 51383 11 0
0 51383 12 0
0 51383 13 0
0 51383 14 0
0 51383 15 0
0 51383 0 0
0 58271 1 0
0 58271 2 0
0 58271 3 0
0 58271 4 0
0 58271 5 0
0 58271 6 0
0 48703 7 0
0 48703 8 0
0 48703 9 0
0 48703 10 0
0 48703 11 0
0 48703 12 0
0 24966 13 0
0 24966 14 0
0 24966 15 0
0 24966 0 0
0 24966 1 0
0 24966 2 0
0 59699 3 0
0 59699 4 0
0 59699 5 0
0 59699 6 0
0 59699 7 0
0 59699 8 0
0 46734 9 0
0 46734 10 0
0 46734 11 0
0 46734 12 0
0 46734 13 0
0 46734 14 0
0 9874 15 0
0 9874 0 0
0 9874 1 0
0 9874 2 0
0 9874 3 0
0 9874 4 0
0 5851 5 0
0 5851 6 0
0 5851 7 0
0 5851 8 0
0 5851 9 0
0 5851 10 0
0 5240 11 0
0 5240 12 0
0 5240 13 0
0 5240 14 0
0 5240 15 0
0 5240 0 0
0 63722 1 0
0 63722 2 0
0 63722 3 0
0 63722 4 0
0 63722 5 0
0 63722 6 0
0 33473 7 0
0 33473 8 0
0 33473 9 0
0 33473 10 0
0 33473 11 0
0 33473 12 0
0 3493 13 0
0 3493 14 0
0 3493 15 0
0 3493 0 0
0 3493 1 0
0 3493 2 0
0 28308 3 0
0 28308 4 0
0 28308 5 0
0 28308 6 0
0 28308 7 0
0 28308 8 0
0 30101 9 0
0 30101 10 0
0 30101 11 0
0 30101 12 0
0 30101 13 0
0 30101 14 0
0 12252 15 0
0 12252 0 0
0 12252 1 0
0 12252 2 0
0 12252 3 0
0 12252 4 0
0 55064 5 0
0 55064 6 0
0 55064 7 0
0 55064 8 0
0 55064 9 0
0 55064 10 0
0 40017 11 0
0 40017 12 0
0 40017 13 0
0 40017 14 0
0 40017 15 0
0 40017 0 0
0 14869 1 0
0 14869 2 0
0 14869 3 0
0 14869 4 0
0 14869 5 0
0 14869 6 0
0 19095 7 0
0 19095 8 0
0 19095 9 0
0 19095 10 0
0 19095 11 0
0 19095 12 0
0 55832 13 0
0 55832 14 0
0 55832 15 0
0 55832 0 0
0 55832 1 0
0 55832 2 0
0 55319 3 0
0 55319 4 0
0 55319 5 0
0 55319 6 0
0 55319 7 0
0 55319 8 0
0 11014 9 0
0 11014 10 0
0 11014 11 0
0 11014 12 0
0 11014 13 0
0 11014 14 0
0 13731 15 0
0 13731 0 0
0 13731 1 0
0 13731 2 0
0 13731 3 0
0 13731 4 0
0 54478 5 0
0 54478 6 0
0 54478 7 0
0 54478 8 0
0 54478 9 0
0 54478 10 0
0 8247 11 0
0 8247 12 0
0 8247 13 0
0 8247 14 0
0 8247 15 0
0 8247 0 0
0 13003 1 0
0 13003 2 0
0 13003 3 0
0 13003 4 0
0 13003 5 0
0 13003 6 0
0 54416 7 0
0 54416 8 0
0 54416 9 0
0 54416 10 0
0 54416 11 0
0 54416 12 0
0 20467 13 0
0 20467 14 0
0 20467 15 0
0 20467 0 0
0 20467 1 0
0 20467 2 0
0 4024 3 0
0 4024 4 0
0 4024 5 0
0 4024 6 0
0 4024 7 0
0 4024 8 0
0 58552 9 0
0 58552 10 0
0 58552 11 0
0 58552 12 0
0 58552 13 0
0 58552 14 0
0 56503 15 0
0 56503 0 0
0 56503 1 0
0 56503 2 0
0 56503 3 0
0 56503 4 0
0 54659 5 0
0 54659 6 0
0 54659 7 0
0 54659 8 0
0 54659 9 0
0 54659 10 0
0 3949 11 0
0 3949 12 0
0 3949 13 0
0 3949 14 0
0 3949 15 0
0 3949 0 0
0 65093 1 0
0 65093 2 0
0 65093 3 0
0 65093 4 0
0 65093 5 0
0 65093 6 0
0 42532 7 0
0 42532 8 0
0 42532 9 0
0 42532 10 0
0 42532 11 0
0 42532 12 0
0 33106 13 0
0 33106 14 0
0 33106 15 0
0 33106 0 0
0 33106 1 0
0 33106 2 0
0 10294 3 0
0 10294 4 0
0 10294 5 0
0 10294 6 0
0 10294 7 0
0 10294 8 0
0 46203 9 0
0 46203 10 0
0 46203 11 0
0 46203 12 0
0 46203 13 0
0 46203 14 0
0 9218 15 0
0 9218 0 0
0 9218 1 0
0 9218 2 0
0 9218 3 0
0 9218 4 0
0 15909 5 0
0 15909 6 0
0 15909 7 0
0 15909 8 0
0 15909 9 0
0 15909 10 0
0 47088 11 0
0 47088 12 0
0 47088 13 0
0 47088 14 0
0 47088 15 0
0 47088 0 0
0 3850 1 0
0 3850 2 0
0 3850 3 0
0 3850 4 0
0 3850 5 0
0 3850 6 0
0 45278 7 0
0 45278 8 0
0 45278 9 0
0 45278 10 0
0 45278 11 0
0 45278 12 0
0 45597 13 0
0 45597 14 0
0 45597 15 0
0 45597 0 0
0 45597 1 0
0 45597 2 0
0 23318 3 0
0 23318 4 0
0 23318 5 0
0 23318 6 0
0 23318 7 0
0 23318 8 0
0 1306 9 0
0 1306 10 0
0 1306 11 0
0 1306 12 0
0 1306 13 0
0 1306 14 0
0 30211 15 0
0 30211 0 0
0 30211 1 0
0 30211 2 0
0 30211 3 0
0 30211 4 0
0 47946 5 0
0 47946 6 0
0 47946 7 0
0 47946 8 0
0 47946 9 0
0 47946 10 0
0 9242 11 0
0 9242 12 0
0 9242 13 0
0 9242 14 0
0 9242 15 0
0 9242 0 0
0 18781 1 0
0 18781 2 0
0 18781 3 0
0 18781 4 0
0 18781 5 0
0 18781 6 0
0 27260 7 0
0 27260 8 0
0 27260 9 0
0 27260 10 0
0 27260 11 0
0 27260 12 0
0 423 13 0
0 423 14 0
0 423 15 0
0 423 0 0
0 423 1 0
0 423 2 0
0 26842 3 0
0 26842 4 0
0 26842 5 0
0 26842 6 0
0 26842 7 0
0 26842 8 0
0 16146 9 0
0 16146 10 0
0 16146 11 0
0 16146 12 0
0 16146 13 0
0 16146 14 0
0 941 15 0
0 941 0 0
0 941 1 0
0 941 2 0
0 941 3 0
0 941 4 0
0 38438 5 0
0 38438 6 0
0 38438 7 0
0 38438 8 0
0 38438 9 0
0 38438 10 0
0 48382 11 0
0 48382 12 0
0 48382 13 0
0 48382 14 0
0 48382 15 0
0 48382 0 0
0 3230 1 0
0 3230 2 0
0 3230 3 0
0 3230 4 0
0 3230 5 0
0 3230 6 0
0 30521 7 0
0 30521 8 0
0 30521 9 0
0 30521 10 0
0 30521 11 0
0 30521 12 0
0 18597 13 0
0 18597 14 0
0 18597 15 0
0 18597 0 0
0 18597 1 0
0 18597 2 0
0 24509 3 0
0 24509 4 0
0 24509 5 0
0 24509 6 0
0 24509 7 0
0 24509 8 0
0 59512 9 0
0 59512 10 0
0 59512 11 0
0 59512 12 0
0 59512 13 0
0 59512 14 0
0 14731 15 0
0 14731 0 0
0 14731 1 0
0 14731 2 0
0 14731 3 0
0 14731 4 0
0 62481 5 0
0 62481 6 0
0 62481 7 0
0 62481 8 0
0 62481 9 0
0 62481 10 0
0 45147 11 0
0 45147 12 0
0 45147 13 0
0 45147 14 0
0 45147 15 0
0 45147 0 0
0 33845 1 0
0 33845 2 0
0 33845 3 0
0 33845 4 0
0 33845 5 0
0 33845 6 0
0 17060 7 0
0 17060 8 0
0 17060 9 0
0 17060 10 0
0 17060 11 0
0 17060 12 0
0 3661 13 0
0 3661 14 0
0 3661 15 0
0 3661 0 0
0 3661 1 0
0 3661 2 0
0 27278 3 0
0 27278 4 0
0 27278 5 0
0 27278 6 0
0 27278 7 0
0 27278 8 0
0 47479 9 0
0 47479 10 0
0 47479 11 0
0 47479 12 0
0 47479 13 0
0 47479 14 0
0 43910 15 0
0 43910 0 0
0 43910 1 0
0 43910 2 0
0 43910 3 0
0 43910 4 0
0 62045 5 0
0 62045 6 0
0 62045 7 0
0 62045 8 0
0 62045 9 0
0 62045 10 0
0 38355 11 0
0 38355 12 0
0 38355 13 0
0 38355 14 0
0 38355 15 0
0 38355 0 0
0 38842 1 0
0 38842 2 0
0 38842 3 0
0 38842 4 0
0 38842 5 0
0 38842 6 0
0 42858 7 0
0 42858 8 0
0 42858 9 0
0 42858 10 0
0 42858 11 0
0 42858 12 0
0 24123 13 0
0 24123 14 0
0 24123 15 0
0 24123 0 0
0 24123 1 0
0 24123 2 0
0 10591 3 0
0 10591 4 0
0 10591 5 0
0 10591 6 0
0 10591 7 0
0 10591 8 0
0 13445 9 0
0 13445 10 0
0 13445 11 0
0 13445 12 0
0 13445 13 0
0 13445 14 0
0 40339 15 0
0 40339 0 0
0 40339 1 0
0 40339 2 0
0 40339 3 0
0 40339 4 0
0 20500 5 0
0 20500 6 0
0 20500 7 0
0 20500 8 0
0 20500 9 0
0 20500 10 0
0 49360 11 0
0 49360 12 0
0 49360 13 0
0 49360 14 0
0 49360 15 0
0 49360 0 0
0 19257 1 0
0 19257 2 0
0 19257 3 0
0 19257 4 0
0 19257 5 0
0 19257 6 0
0 16414 7 0
0 16414 8 0
0 16414 9 0
0 16414 10 0
0 16414 11 0
0 16414 12 0
0 29205 13 0
0 29205 14 0
0 29205 15 0
0 29205 0 0
0 29205 1 0
0 29205 2 0
0 41404 3 0
0 41404 4 0
0 41404 5 0
0 41404 6 0
0 41404 7 0
0 41404 8 0
0 31829 9 0
0 31829 10 0
0 31829 11 0
0 31829 12 0
0 31829 13 0
0 31829 14 0
0 31019 15 0
0 31019 0 0
0 31019 1 0
0 31019 2 0
0 31019 3 0
0 31019 4 0
0 24109 5 0
0 24109 6 0
0 24109 7 0
0 24109 8 0
0 24109 9 0
0 24109 10 0
0 38149 11 0
0 38149 12 0
0 38149 13 0
0 38149 14 0
0 38149 15 0
0 38149 0 0
0 48819 1 0
0 48819 2 0
0 48819 3 0
0 48819 4 0
0 48819 5 0
0 48819 6 0
0 55022 7 0
0 55022 8 0
0 55022 9 0
0 55022 10 0
0 55022 11 0
0 55022 12 0
0 6062 13 0
0 6062 14 0
0 6062 15 0
0 6062 0 0
0 6062 1 0
0 6062 2 0
0 17332 3 0
0 17332 4 0
0 17332 5 0
0 17332 6 0
0 17332 7 0
0 17332 8 0
0 2693 9 0
0 2693 10 0
0 2693 11 0
0 2693 12 0
0 2693 13 0
0 2693 14 0
0 51616 15 0
0 51616 0 0
0 51616 1 0
0 51616 2 0
0 51616 3 0
0 51616 4 0
0 10213 5 0
0 10213 6 0
0 10213 7 0
0 10213 8 0
0 10213 9 0
0 10213 10 0
0 9595 11 0
0 9595 12 0
0 9595 13 0
0 9595 14 0
0 9595 15 0
0 9595 0 0
0 17304 1 0
0 17304 2 0
0 17304 3 0
0 17304 4 0
0 17304 5 0
0 17304 6 0
0 55080 7 0
0 55080 8 0
0 55080 9 0
0 55080 10 0
0 55080 11 0
0 55080 12 0
0 39241 13 0
0 39241 14 0
0 39241 15 0
0 39241 0 0
0 39241 1 0
0 39241 2 0
0 54624 3 0
0 54624 4 0
0 54624 5 0
0 54624 6 0
0 54624 7 0
0 54624 8 0
0 18649 9 0
0 18649 10 0
0 18649 11 0
0 18649 12 0
0 18649 13 0
0 18649 14 0
0 55337 15 0
0 55337 0 0
0 55337 1 0
0 55337 2 0
0 55337 3 0
0 55337 4 0
0 39063 5 0
0 39063 6 0
0 39063 7 0
0 39063 8 0
0 39063 9 0
0 39063 10 0
0 46473 11 0
0 46473 12 0
0 46473 13 0
0 46473 14 0
0 46473 15 0
0 46473 0 0
0 11082 1 0
0 11082 2 0
0 11082 3 0
0 11082 4 0
0 11082 5 0
0 11082 6 0
0 32513 7 0
0 32513 8 0
0 32513 9 0
0 32513 10 0
0 32513 11 0
0 32513 12 0
0 58302 13 0
0 58302 14 0
0 58302 15 0
0 58302 0 0
0 58302 1 0
0 58302 2 0
0 48399 3 0
0 48399 4 0
0 48399 5 0
0 48399 6 0
0 48399 7 0
0 48399 8 0
0 7583 9 0
0 7583 10 0
0 7583 11 0
0 7583 12 0
0 7583 13 0
0 7583 14 0
0 49339 15 0
0 49339 0 0
0 49339 1 0
0 49339 2 0
0 49339 3 0
0 49339 4 0
0 53559 5 0
0 53559 6 0
0 53559 7 0
0 53559 8 0
0 53559 9 0
0 53559 10 0
0 1104 11 0
0 1104 12 0
0 1104 13 0
0 1104 14 0
0 1104 15 0
0 1104 0 0
0 54686 1 0
0 54686 2 0
0 54686 3 0
0 54686 4 0
0 54686 5 0
0 54686 6 0
0 42030 7 0
0 42030 8 0
0 42030 9 0
0 42030 10 0
0 42030 11 0
0 42030 12 0
0 57841 13 0
0 57841 14 0
0 57841 15 0
0 57841 0 0
0 57841 1 0
0 57841 2 0
0 26737 3 0
0 26737 4 0
0 26737 5 0
0 26737 6 0
0 26737 7 0
0 26737 8 0
0 48705 9 0
0 48705 10 0
0 48705 11 0
0 48705 12 0
0 48705 13 0
0 48705 14 0
0 38444 15 0
0 38444 0 0
0 38444 1 0
0 38444 2 0
0 38444 3 0
0 38444 4 0
0 61720 5 0
0 61720 6 0
0 61720 7 0
0 61720 8 0
0 61720 9 0
0 61720 10 0
0 11934 11 0
0 11934 12 0
0 11934 13 0
0 11934 14 0
0 11934 15 0
0 11934 0 0
0 24308 1 0
0 24308 2 0
0 24308 3 0
0 24308 4 0
0 24308 5 0
0 24308 6 0
0 14236 7 0
0 14236 8 0
0 14236 9 0
0 14236 10 0
0 14236 11 0
0 14236 12 0
0 36303 13 0
0 36303 14 0
0 36303 15 0
0 36303 0 0
0 36303 1 0
0 36303 2 0
0 14700 3 0
0 14700 4 0
0 14700 5 0
0 14700 6 0
0 14700 7 0
0 14700 8 0
0 20169 9 0
0 20169 10 0
0 20169 11 0
0 20169 12 0
0 20169 13 0
0 20169 14 0
0 58479 15 0
0 58479 0 0
0 58479 1 0
0 58479 2 0
0 58479 3 0
0 58479 4 0
0 52268 5 0
0 52268 6 0
0 52268 7 0
0 52268 8 0
0 52268 9 0
0 52268 10 0
0 24298 11 0
0 24298 12 0
0 24298 13 0
0 24298 14 0
0 24298 15 0
0 24298 0 0
0 55273 1 0
0 55273 2 0
0 55273 3 0
0 55273 4 0
0 55273 5 0
0 55273 6 0
0 56585 7 0
0 56585 8 0
0 56585 9 0
0 56585 10 0
0 56585 11 0
0 56585 12 0
0 22903 13 0
0 22903 14 0
0 22903 15 0
0 22903 0 0
0 22903 1 0
0 22903 2 0
0 32500 3 0
0 32500 4 0
0 32500 5 0
0 32500 6 0
0 32500 7 0
0 32500 8 0
0 59434 9 0
0 59434 10 0
0 59434 11 0
0 59434 12 0
0 59434 13 0
0 59434 14 0
0 44615 15 0
0 44615 0 0
0 44615 1 0
0 44615 2 0
0 44615 3 0
0 44615 4 0
0 18686 5 0
0 18686 6 0
0 18686 7 0
0 18686 8 0
0 18686 9 0
0 18686 10 0
0 46578 11 0
0 46578 12 0
0 46578 13 0
0 46578 14 0
0 46578 15 0
0 46578 0 0
0 60612 1 0
0 60612 2 0
0 60612 3 0
0 60612 4 0
0 60612 5 0
0 60612 6 0
0 11337 7 0
0 11337 8 0
0 11337 9 0
0 11337 10 0
0 11337 11 0
0 11337 12 0
0 63345 13 0
0 63345 14 0
0 63345 15 0
0 63345 0 0
0 63345 1 0
0 63345 2 0
0 26691 3 0
0 26691 4 0
0 26691 5 0
0 26691 6 0
0 26691 7 0
0 26691 8 0
0 38630 9 0
0 38630 10 0
0 38630 11 0
0 38630 12 0
0 38630 13 0
0 38630 14 0
0 241 15 0
0 241 0 0
0 241 1 0
0 241 2 0
0 241 3 0
0 241 4 0
0 58862 5 0
0 58862 6 0
0 58862 7 0
0 58862 8 0
0 58862 9 0
0 58862 10 0
0 60556 11 0
0 60556 12 0
0 60556 13 0
0 60556 14 0
0 60556 15 0
0 60556 0 0
0 1019 1 0
0 1019 2 0
0 1019 3 0
0 1019 4 0
0 1019 5 0
0 1019 6 0
0 28669 7 0
0 28669 8 0
0 28669 9 0
0 28669 10 0
0 28669 11 0
0 28669 12 0
0 39132 13 0
0 39132 14 0
0 39132 15 0
0 39132 0 0
0 39132 1 0
0 39132 2 0
0 15002 3 0
0 15002 4 0
0 15002 5 0
0 15002 6 0
0 15002 7 0
0 15002 8 0
0 39473 9 0
0 39473 10 0
0 39473 11 0
0 39473 12 0
0 39473 13 0
0 39473 14 0
0 20476 15 0
0 20476 0 0
0 20476 1 0
0 20476 2 0
0 20476 3 0
0 20476 4 0
0 55601 5 0
0 55601 6 0
0 55601 7 0
0 55601 8 0
0 55601 9 0
0 55601 10 0
0 61791 11 0
0 61791 12 0
0 61791 13 0
0 61791 14 0
0 61791 15 0
0 61791 0 0
0 12131 1 0
0 12131 2 0
0 12131 3 0
0 12131 4 0
0 12131 5 0
0 12131 6 0
0 65231 7 0
0 65231 8 0
0 65231 9 0
0 65231 10 0
0 65231 11 0
0 65231 12 0
0 30456 13 0
0 30456 14 0
0 30456 15 0
0 30456 0 0
0 30456 1 0
0 30456 2 0
0 53124 3 0
0 53124 4 0
0 53124 5 0
0 53124 6 0
0 53124 7 0
0 53124 8 0
0 36711 9 0
0 36711 10 0
0 36711 11 0
0 36711 12 0
0 36711 13 0
0 36711 14 0
0 2833 15 0
0 2833 0 0
0 2833 1 0
0 2833 2 0
0 2833 3 0
0 2833 4 0
0 15837 5 0
0 15837 6 0
0 15837 7 0
0 15837 8 0
0 15837 9 0
0 15837 10 0
0 35399 11 0
0 35399 12 0
0 35399 13 0
0 35399 14 0
0 35399 15 0
0 35399 0 0
0 5314 1 0
0 5314 2 0
0 5314 3 0
0 5314 4 0
0 5314 5 0
0 5314 6 0
0 33 7 0
0 33 8 0
0 33 9 0
0 33 10 0
0 33 11 0
0 33 12 0
0 33629 13 0
0 33629 14 0
0 33629 15 0
0 33629 0 0
0 33629 1 0
0 33629 2 0
0 52222 3 0
0 52222 4 0
0 52222 5 0
0 52222 6 0
0 52222 7 0
0 52222 8 0
0 51935 9 0
0 51935 10 0
0 51935 11 0
0 51935 12 0
0 51935 13 0
0 51935 14 0
0 58272 15 0
0 58272 0 0
0 58272 1 0
0 58272 2 0
0 58272 3 0
0 58272 4 0
0 13373 5 0
0 13373 6 0
0 13373 7 0
0 13373 8 0
0 13373 9 0
0 13373 10 0
0 33109 11 0
0 33109 12 0
0 33109 13 0
0 33109 14 0
0 33109 15 0
0 33109 0 0
0 46376 1 0
0 46376 2 0
0 46376 3 0
0 46376 4 0
0 46376 5 0
0 46376 6 0
0 37145 7 0
0 37145 8 0
0 37145 9 0
0 37145 10 0
0 37145 11 0
0 37145 12 0
0 25694 13 0
0 25694 14 0
0 25694 15 0
0 25694 0 0
0 25694 1 0
0 25694 2 0
0 11175 3 0
0 11175 4 0
0 11175 5 0
0 11175 6 0
0 11175 7 0
0 11175 8 0
0 4646 9 0
0 4646 10 0
0 4646 11 0
0 4646 12 0
0 4646 13 0
0 4646 14 0
0 9234 15 0
0 9234 0 0
0 9234 1 0
0 9234 2 0
0 9234 3 0
0 9234 4 0
0 34404 5 0
0 34404 6 0
0 34404 7 0
0 34404 8 0
0 34404 9 0
0 34404 10 0
0 40056 11 0
0 40056 12 0
0 40056 13 0
0 40056 14 0
0 40056 15 0
0 40056 0 0
0 44550 1 0
0 44550 2 0
0 44550 3 0
0 44550 4 0
0 44550 5 0
0 44550 6 0
0 15490 7 0
0 15490 8 0
0 15490 9 0
0 15490 10 0
0 15490 11 0
0 15490 12 0
0 32643 13 0
0 32643 14 0
0 32643 15 0
0 32643 0 0
0 32643 1 0
0 32643 2 0
0 21437 3 0
0 21437 4 0
0 21437 5 0
0 21437 6 0
0 21437 7 0
0 21437 8 0
0 8925 9 0
0 8925 10 0
0 8925 11 0
0 8925 12 0
0 8925 13 0
0 8925 14 0
0 54372 15 0
0 54372 0 0
0 54372 1 0
0 54372 2 0
0 54372 3 0
0 54372 4 0
0 37970 5 0
0 37970 6 0
0 37970 7 0
0 37970 8 0
0 37970 9 0
0 37970 10 0
0 37060 11 0
0 37060 12 0
0 37060 13 0
0 37060 14 0
0 37060 15 0
0 37060 0 0
0 17618 1 0
0 17618 2 0
0 17618 3 0
0 17618 4 0
0 17618 5 0
0 17618 6 0
0 27561 7 0
0 27561 8 0
0 27561 9 0
0 27561 10 0
0 27561 11 0
0 27561 12 0
0 13802 13 0
0 13802 14 0
0 13802 15 0
0 13802 0 0
0 13802 1 0
0 13802 2 0
0 53844 3 0
0 53844 4 0
0 53844 5 0
0 53844 6 0
0 53844 7 0
0 53844 8 0
0 52876 9 0
0 52876 10 0
0 52876 11 0
0 52876 12 0
0 52876 13 0
0 52876 14 0
0 36518 15 0
0 36518 0 0
0 36518 1 0
0 36518 2 0
0 36518 3 0
0 36518 4 0
0 38306 5 0
0 38306 6 0
0 38306 7 0
0 38306 8 0
0 38306 9 0
0 38306 10 0
0 57981 11 0
0 57981 12 0
0 57981 13 0
0 57981 14 0
0 57981 15 0
0 57981 0 0
0 48733 1 0
0 48733 2 0
0 48733 3 0
0 48733 4 0
0 48733 5 0
0 48733 6 0
0 18063 7 0
0 18063 8 0
0 18063 9 0
0 18063 10 0
0 18063 11 0
0 18063 12 0
0 20587 13 0
0 20587 14 0
0 20587 15 0
0 20587 0 0
0 20587 1 0
0 20587 2 0
0 16160 3 0
0 16160 4 0
0 16160 5 0
0 16160 6 0
0 16160 7 0
0 16160 8 0
0 15796 9 0
0 15796 10 0
0 15796 11 0
0 15796 12 0
0 15796 13 0
0 15796 14 0
0 49994 15 0
0 49994 0 0
0 49994 1 0
0 49994 2 0
0 49994 3 0
0 49994 4 0
0 52588 5 0
0 52588 6 0
0 52588 7 0
0 52588 8 0
0 52588 9 0
0 52588 10 0
0 61334 11 0
0 61334 12 0
0 61334 13 0
0 61334 14 0
0 61334 15 0
0 61334 0 0
0 18288 1 0
0 18288 2 0
0 18288 3 0
0 18288 4 0
0 18288 5 0
0 18288 6 0
0 39185 7 0
0 39185 8 0
0 39185 9 0
0 39185 10 0
0 39185 11 0
0 39185 12 0
0 46407 13 0
0 46407 14 0
0 46407 15 0
0 46407 0 0
0 46407 1 0
0 46407 2 0
0 61953 3 0
0 61953 4 0
0 61953 5 0
0 61953 6 0
0 61953 7 0
0 61953 8 0
0 54408 9 0
0 54408 10 0
0 54408 11 0
0 54408 12 0
0 54408 13 0
0 54408 14 0
0 28575 15 0
0 28575 0 0
0 28575 1 0
0 28575 2 0
0 28575 3 0
0 28575 4 0
0 62484 5 0
0 62484 6 0
0 62484 7 0
0 62484 8 0
0 62484 9 0
0 62484 10 0
0 64075 11 0
0 64075 12 0
0 64075 13 0
0 64075 14 0
0 64075 15 0
0 64075 0 0
0 41712 1 0
0 41712 2 0
0 41712 3 0
0 41712 4 0
0 41712 5 0
0 41712 6 0
0 64581 7 0
0 64581 8 0
0 64581 9 0
0 64581 10 0
0 64581 11 0
0 64581 12 0
0 7893 13 0
0 7893 14 0
0 7893 15 0
0 7893 0 0
0 7893 1 0
0 7893 2 0
0 58193 3 0
0 58193 4 0
0 58193 5 0
0 58193 6 0
0 58193 7 0
0 58193 8 0
0 39345 9 0
0 39345 10 0
0 39345 11 0
0 39345 12 0
0 39345 13 0
0 39345 14 0
0 18718 15 0
0 18718 0 0
0 18718 1 0
0 18718 2 0
0 18718 3 0
0 18718 4 0
0 64949 5 0
0 64949 6 0
0 64949 7 0
0 64949 8 0
0 64949 9 0
0 64949 10 0
0 6868 11 0
0 6868 12 0
0 6868 13 0
0 6868 14 0
0 6868 15 0
0 6868 0 0
0 28274 1 0
0 28274 2 0
0 28274 3 0
0 28274 4 0
0 28274 5 0
0 28274 6 0
0 3348 7 0
0 3348 8 0
0 3348 9 0
0 3348 10 0
0 3348 11 0
0 3348 12 0
0 46583 13 0
0 46583 14 0
0 46583 15 0
