0 0 0 0
0 0 1 0
0 0 2 0
0 0 3 0
0 0 4 0
0 44962 5 0
0 44962 6 0
0 44962 7 0
0 44962 8 0
0 44962 9 0
0 44962 10 0
0 13732 11 0
0 13732 12 0
0 13732 13 0
0 13732 14 0
0 13732 15 0
0 13732 0 0
0 62459 1 0
0 62459 2 0
0 62459 3 0
0 62459 4 0
0 62459 5 0
0 62459 6 0
0 50200 7 0
0 50200 8 0
0 50200 9 0
0 50200 10 0
0 50200 11 0
0 50200 12 0
0 34935 13 0
0 34935 14 0
0 34935 15 0
0 34935 0 0
0 34935 1 0
0 34935 2 0
0 21203 3 0
0 21203 4 0
0 21203 5 0
0 21203 6 0
0 21203 7 0
0 21203 8 0
0 10330 9 0
0 10330 10 0
0 10330 11 0
0 10330 12 0
0 10330 13 0
0 10330 14 0
0 60151 15 0
0 60151 0 0
0 60151 1 0
0 60151 2 0
0 60151 3 0
0 60151 4 0
0 51756 5 0
0 51756 6 0
0 51756 7 0
0 51756 8 0
0 51756 9 0
0 51756 10 0
0 35408 11 0
0 35408 12 0
0 35408 13 0
0 35408 14 0
0 35408 15 0
0 35408 0 0
0 2071 1 0
0 2071 2 0
0 2071 3 0
0 2071 4 0
0 2071 5 0
0 2071 6 0
0 451 7 0
0 451 8 0
0 451 9 0
0 451 10 0
0 451 11 0
0 451 12 0
0 28570 13 0
0 28570 14 0
0 28570 15 0
0 28570 0 0
0 28570 1 0
0 28570 2 0
0 24889 3 0
0 24889 4 0
0 24889 5 0
0 24889 6 0
0 24889 7 0
0 24889 8 0
0 43787 9 0
0 43787 10 0
0 43787 11 0
0 43787 12 0
0 43787 13 0
0 43787 14 0
0 4202 15 0
0 4202 0 0
0 4202 1 0
0 4202 2 0
0 4202 3 0
0 4202 4 0
0 41934 5 0
0 41934 6 0
0 41934 7 0
0 41934 8 0
0 41934 9 0
0 41934 10 0
0 61482 11 0
0 61482 12 0
0 61482 13 0
0 61482 14 0
0 61482 15 0
0 61482 0 0
0 27403 1 0
0 27403 2 0
0 27403 3 0
0 27403 4 0
0 27403 5 0
0 27403 6 0
0 15147 7 0
0 15147 8 0
0 15147 9 0
0 15147 10 0
0 15147 11 0
0 15147 12 0
0 21739 13 0
0 21739 14 0
0 21739 15 0
0 21739 0 0
0 21739 1 0
0 21739 2 0
0 25796 3 0
0 25796 4 0
0 25796 5 0
0 25796 6 0
0 25796 7 0
0 25796 8 0
0 61875 9 0
0 61875 10 0
0 61875 11 0
0 61875 12 0
0 61875 13 0
0 61875 14 0
0 25501 15 0
0 25501 0 0
0 25501 1 0
0 25501 2 0
0 25501 3 0
0 25501 4 0
0 33771 5 0
0 33771 6 0
0 33771 7 0
0 33771 8 0
0 33771 9 0
0 33771 10 0
0 14575 11 0
0 14575 12 0
0 14575 13 0
0 14575 14 0
0 14575 15 0
0 14575 0 0
0 11027 1 0
0 11027 2 0
0 11027 3 0
0 11027 4 0
0 11027 5 0
0 11027 6 0
0 9823 7 0
0 9823 8 0
0 9823 9 0
0 9823 10 0
0 9823 11 0
0 9823 12 0
0 6248 13 0
0 6248 14 0
0 6248 15 0
0 6248 0 0
0 6248 1 0
0 6248 2 0
0 23165 3 0
0 23165 4 0
0 23165 5 0
0 23165 6 0
0 23165 7 0
0 23165 8 0
0 26493 9 0
0 26493 10 0
0 26493 11 0
0 26493 12 0
0 26493 13 0
0 26493 14 0
0 50203 15 0
0 50203 0 0
0 50203 1 0
0 50203 2 0
0 50203 3 0
0 50203 4 0
0 26479 5 0
0 26479 6 0
0 26479 7 0
0 26479 8 0
0 26479 9 0
0 26479 10 0
0 14411 11 0
0 14411 12 0
0 14411 13 0
0 14411 14 0
0 14411 15 0
0 14411 0 0
0 16239 1 0
0 16239 2 0
0 16239 3 0
0 16239 4 0
0 16239 5 0
0 16239 6 0
0 11507 7 0
0 11507 8 0
0 11507 9 0
0 11507 10 0
0 11507 11 0
0 11507 12 0
0 39467 13 0
0 39467 14 0
0 39467 15 0
0 39467 0 0
0 39467 1 0
0 39467 2 0
0 51556 3 0
0 51556 4 0
0 51556 5 0
0 51556 6 0
0 51556 7 0
0 51556 8 0
0 18653 9 0
0 18653 10 0
0 18653 11 0
0 18653 12 0
0 18653 13 0
0 18653 14 0
0 13087 15 0
0 13087 0 0
0 13087 1 0
0 13087 2 0
0 13087 3 0
0 13087 4 0
0 30574 5 0
0 30574 6 0
0 30574 7 0
0 30574 8 0
0 30574 9 0
0 30574 10 0
0 46325 11 0
0 46325 12 0
0 46325 13 0
0 46325 14 0
0 46325 15 0
0 46325 0 0
0 45754 1 0
0 45754 2 0
0 45754 3 0
0 45754 4 0
0 45754 5 0
0 45754 6 0
0 49750 7 0
0 49750 8 0
0 49750 9 0
0 49750 10 0
0 49750 11 0
0 49750 12 0
0 51068 13 0
0 51068 14 0
0 51068 15 0
0 51068 0 0
0 51068 1 0
0 51068 2 0
0 2242 3 0
0 2242 4 0
0 2242 5 0
0 2242 6 0
0 2242 7 0
0 2242 8 0
0 8533 9 0
0 8533 10 0
0 8533 11 0
0 8533 12 0
0 8533 13 0
0 8533 14 0
0 24205 15 0
0 24205 0 0
0 24205 1 0
0 24205 2 0
0 24205 3 0
0 24205 4 0
0 50373 5 0
0 50373 6 0
0 50373 7 0
0 50373 8 0
0 50373 9 0
0 50373 10 0
0 6596 11 0
0 6596 12 0
0 6596 13 0
0 6596 14 0
0 6596 15 0
0 6596 0 0
0 22898 1 0
0 22898 2 0
0 22898 3 0
0 22898 4 0
0 22898 5 0
0 22898 6 0
0 57736 7 0
0 57736 8 0
0 57736 9 0
0 57736 10 0
0 57736 11 0
0 57736 12 0
0 64213 13 0
0 64213 14 0
0 64213 15 0
0 64213 0 0
0 64213 1 0
0 64213 2 0
0 12891 3 0
0 12891 4 0
0 12891 5 0
0 12891 6 0
0 12891 7 0
0 12891 8 0
0 42223 9 0
0 42223 10 0
0 42223 11 0
0 42223 12 0
0 42223 13 0
0 42223 14 0
0 19645 15 0
0 19645 0 0
0 19645 1 0
0 19645 2 0
0 19645 3 0
0 19645 4 0
0 15952 5 0
0 15952 6 0
0 15952 7 0
0 15952 8 0
0 15952 9 0
0 15952 10 0
0 47757 11 0
0 47757 12 0
0 47757 13 0
0 47757 14 0
0 47757 15 0
0 47757 0 0
0 25879 1 0
0 25879 2 0
0 25879 3 0
0 25879 4 0
0 25879 5 0
0 25879 6 0
0 37422 7 0
0 37422 8 0
0 37422 9 0
0 37422 10 0
0 37422 11 0
0 37422 12 0
0 38922 13 0
0 38922 14 0
0 38922 15 0
0 38922 0 0
0 38922 1 0
0 38922 2 0
0 14814 3 0
0 14814 4 0
0 14814 5 0
0 14814 6 0
0 14814 7 0
0 14814 8 0
0 29128 9 0
0 29128 10 0
0 29128 11 0
0 29128 12 0
0 29128 13 0
0 29128 14 0
0 12244 15 0
0 12244 0 0
0 12244 1 0
0 12244 2 0
0 12244 3 0
0 12244 4 0
0 39240 5 0
0 39240 6 0
0 39240 7 0
0 39240 8 0
0 39240 9 0
0 39240 10 0
0 2227 11 0
0 2227 12 0
0 2227 13 0
0 2227 14 0
0 2227 15 0
0 2227 0 0
0 63685 1 0
0 63685 2 0
0 63685 3 0
0 63685 4 0
0 63685 5 0
0 63685 6 0
0 46079 7 0
0 46079 8 0
0 46079 9 0
0 46079 10 0
0 46079 11 0
0 46079 12 0
0 31233 13 0
0 31233 14 0
0 31233 15 0
0 31233 0 0
0 31233 1 0
0 31233 2 0
0 804 3 0
0 804 4 0
0 804 5 0
0 804 6 0
0 804 7 0
0 804 8 0
0 21270 9 0
0 21270 10 0
0 21270 11 0
0 21270 12 0
0 21270 13 0
0 21270 14 0
0 55289 15 0
0 55289 0 0
0 55289 1 0
0 55289 2 0
0 55289 3 0
0 55289 4 0
0 26835 5 0
0 26835 6 0
0 26835 7 0
0 26835 8 0
0 26835 9 0
0 26835 10 0
0 45686 11 0
0 45686 12 0
0 45686 13 0
0 45686 14 0
0 45686 15 0
0 45686 0 0
0 24283 1 0
0 24283 2 0
0 24283 3 0
0 24283 4 0
0 24283 5 0
0 24283 6 0
0 45094 7 0
0 45094 8 0
0 45094 9 0
0 45094 10 0
0 45094 11 0
0 45094 12 0
0 61425 13 0
0 61425 14 0
0 61425 15 0
0 61425 0 0
0 61425 1 0
0 61425 2 0
0 57470 3 0
0 57470 4 0
0 57470 5 0
0 57470 6 0
0 57470 7 0
0 57470 8 0
0 7717 9 0
0 7717 10 0
0 7717 11 0
0 7717 12 0
0 7717 13 0
0 7717 14 0
0 32078 15 0
0 32078 0 0
0 32078 1 0
0 32078 2 0
0 32078 3 0
0 32078 4 0
0 45688 5 0
0 45688 6 0
0 45688 7 0
0 45688 8 0
0 45688 9 0
0 45688 10 0
0 9036 11 0
0 9036 12 0
0 9036 13 0
0 9036 14 0
0 9036 15 0
0 9036 0 0
0 24013 1 0
0 24013 2 0
0 24013 3 0
0 24013 4 0
0 24013 5 0
0 24013 6 0
0 11162 7 0
0 11162 8 0
0 11162 9 0
0 11162 10 0
0 11162 11 0
0 11162 12 0
0 55255 13 0
0 55255 14 0
0 55255 15 0
0 55255 0 0
0 55255 1 0
0 55255 2 0
0 2352 3 0
0 2352 4 0
0 2352 5 0
0 2352 6 0
0 2352 7 0
0 2352 8 0
0 42623 9 0
0 42623 10 0
0 42623 11 0
0 42623 12 0
0 42623 13 0
0 42623 14 0
0 30813 15 0
0 30813 0 0
0 30813 1 0
0 30813 2 0
0 30813 3 0
0 30813 4 0
0 42117 5 0
0 42117 6 0
0 42117 7 0
0 42117 8 0
0 42117 9 0
0 42117 10 0
0 31784 11 0
0 31784 12 0
0 31784 13 0
0 31784 14 0
0 31784 15 0
0 31784 0 0
0 2248 1 0
0 2248 2 0
0 2248 3 0
0 2248 4 0
0 2248 5 0
0 2248 6 0
0 60894 7 0
0 60894 8 0
0 60894 9 0
0 60894 10 0
0 60894 11 0
0 60894 12 0
0 35429 13 0
0 35429 14 0
0 35429 15 0
0 35429 0 0
0 35429 1 0
0 35429 2 0
0 63099 3 0
0 63099 4 0
0 63099 5 0
0 63099 6 0
0 63099 7 0
0 63099 8 0
0 38650 9 0
0 38650 10 0
0 38650 11 0
0 38650 12 0
0 38650 13 0
0 38650 14 0
0 41100 15 0
0 41100 0 0
0 41100 1 0
0 41100 2 0
0 41100 3 0
0 41100 4 0
0 4252 5 0
0 4252 6 0
0 4252 7 0
0 4252 8 0
0 4252 9 0
0 4252 10 0
0 5942 11 0
0 5942 12 0
0 5942 13 0
0 5942 14 0
0 5942 15 0
0 5942 0 0
0 25190 1 0
0 25190 2 0
0 25190 3 0
0 25190 4 0
0 25190 5 0
0 25190 6 0
0 35770 7 0
0 35770 8 0
0 35770 9 0
0 35770 10 0
0 35770 11 0
0 35770 12 0
0 35398 13 0
0 35398 14 0
0 35398 15 0
0 35398 0 0
0 35398 1 0
0 35398 2 0
0 41070 3 0
0 41070 4 0
0 41070 5 0
0 41070 6 0
0 41070 7 0
0 41070 8 0
0 44196 9 0
0 44196 10 0
0 44196 11 0
0 44196 12 0
0 44196 13 0
0 44196 14 0
0 8911 15 0
0 8911 0 0
0 8911 1 0
0 8911 2 0
0 8911 3 0
0 8911 4 0
0 26473 5 0
0 26473 6 0
0 26473 7 0
0 26473 8 0
0 26473 9 0
0 26473 10 0
0 667 11 0
0 667 12 0
0 667 13 0
0 667 14 0
0 667 15 0
0 667 0 0
0 43032 1 0
0 43032 2 0
0 43032 3 0
0 43032 4 0
0 43032 5 0
0 43032 6 0
0 26339 7 0
0 26339 8 0
0 26339 9 0
0 26339 10 0
0 26339 11 0
0 26339 12 0
0 6726 13 0
0 6726 14 0
0 6726 15 0
0 6726 0 0
0 6726 1 0
0 6726 2 0
0 46431 3 0
0 46431 4 0
0 46431 5 0
0 46431 6 0
0 46431 7 0
0 46431 8 0
0 552 9 0
0 552 10 0
0 552 11 0
0 552 12 0
0 552 13 0
0 552 14 0
0 56854 15 0
0 56854 0 0
0 56854 1 0
0 56854 2 0
0 56854 3 0
0 56854 4 0
0 42263 5 0
0 42263 6 0
0 42263 7 0
0 42263 8 0
0 42263 9 0
0 42263 10 0
0 64049 11 0
0 64049 12 0
0 64049 13 0
0 64049 14 0
0 64049 15 0
0 64049 0 0
0 26883 1 0
0 26883 2 0
0 26883 3 0
0 26883 4 0
0 26883 5 0
0 26883 6 0
0 10611 7 0
0 10611 8 0
0 10611 9 0
0 10611 10 0
0 10611 11 0
0 10611 12 0
0 24354 13 0
0 24354 14 0
0 24354 15 0
0 24354 0 0
0 24354 1 0
0 24354 2 0
0 9444 3 0
0 9444 4 0
0 9444 5 0
0 9444 6 0
0 9444 7 0
0 9444 8 0
0 35212 9 0
0 35212 10 0
0 35212 11 0
0 35212 12 0
0 35212 13 0
0 35212 14 0
0 18071 15 0
0 18071 0 0
0 18071 1 0
0 18071 2 0
0 18071 3 0
0 18071 4 0
0 26735 5 0
0 26735 6 0
0 26735 7 0
0 26735 8 0
0 26735 9 0
0 26735 10 0
0 54807 11 0
0 54807 12 0
0 54807 13 0
0 54807 14 0
0 54807 15 0
0 54807 0 0
0 20839 1 0
0 20839 2 0
0 20839 3 0
0 20839 4 0
0 20839 5 0
0 20839 6 0
0 10957 7 0
0 10957 8 0
0 10957 9 0
0 10957 10 0
0 10957 11 0
0 10957 12 0
0 65261 13 0
0 65261 14 0
0 65261 15 0
0 65261 0 0
0 65261 1 0
0 65261 2 0
0 34910 3 0
0 34910 4 0
0 34910 5 0
0 34910 6 0
0 34910 7 0
0 34910 8 0
0 61470 9 0
0 61470 10 0
0 61470 11 0
0 61470 12 0
0 61470 13 0
0 61470 14 0
0 16582 15 0
0 16582 0 0
0 16582 1 0
0 16582 2 0
0 16582 3 0
0 16582 4 0
0 56856 5 0
0 56856 6 0
0 56856 7 0
0 56856 8 0
0 56856 9 0
0 56856 10 0
0 53676 11 0
0 53676 12 0
0 53676 13 0
0 53676 14 0
0 53676 15 0
0 53676 0 0
0 4765 1 0
0 4765 2 0
0 4765 3 0
0 4765 4 0
0 4765 5 0
0 4765 6 0
0 11894 7 0
0 11894 8 0
0 11894 9 0
0 11894 10 0
0 11894 11 0
0 11894 12 0
0 60848 13 0
0 60848 14 0
0 60848 15 0
0 60848 0 0
0 60848 1 0
0 60848 2 0
0 4988 3 0
0 4988 4 0
0 4988 5 0
0 4988 6 0
0 4988 7 0
0 4988 8 0
0 31607 9 0
0 31607 10 0
0 31607 11 0
0 31607 12 0
0 31607 13 0
0 31607 14 0
0 18851 15 0
0 18851 0 0
0 18851 1 0
0 18851 2 0
0 18851 3 0
0 18851 4 0
0 63037 5 0
0 63037 6 0
0 63037 7 0
0 63037 8 0
0 63037 9 0
0 63037 10 0
0 57772 11 0
0 57772 12 0
0 57772 13 0
0 57772 14 0
0 57772 15 0
0 57772 0 0
0 31416 1 0
0 31416 2 0
0 31416 3 0
0 31416 4 0
0 31416 5 0
0 31416 6 0
0 53044 7 0
0 53044 8 0
0 53044 9 0
0 53044 10 0
0 53044 11 0
0 53044 12 0
0 25084 13 0
0 25084 14 0
0 25084 15 0
0 25084 0 0
0 25084 1 0
0 25084 2 0
0 52147 3 0
0 52147 4 0
0 52147 5 0
0 52147 6 0
0 52147 7 0
0 52147 8 0
0 28888 9 0
0 28888 10 0
0 28888 11 0
0 28888 12 0
0 28888 13 0
0 28888 14 0
0 40268 15 0
0 40268 0 0
0 40268 1 0
0 40268 2 0
0 40268 3 0
0 40268 4 0
0 43766 5 0
0 43766 6 0
0 43766 7 0
0 43766 8 0
0 43766 9 0
0 43766 10 0
0 20899 11 0
0 20899 12 0
0 20899 13 0
0 20899 14 0
0 20899 15 0
0 20899 0 0
0 1865 1 0
0 1865 2 0
0 1865 3 0
0 1865 4 0
0 1865 5 0
0 1865 6 0
0 49884 7 0
0 49884 8 0
0 49884 9 0
0 49884 10 0
0 49884 11 0
0 49884 12 0
0 21597 13 0
0 21597 14 0
0 21597 15 0
0 21597 0 0
0 21597 1 0
0 21597 2 0
0 30246 3 0
0 30246 4 0
0 30246 5 0
0 30246 6 0
0 30246 7 0
0 30246 8 0
0 35315 9 0
0 35315 10 0
0 35315 11 0
0 35315 12 0
0 35315 13 0
0 35315 14 0
0 10719 15 0
0 10719 0 0
0 10719 1 0
0 10719 2 0
0 10719 3 0
0 10719 4 0
0 38044 5 0
0 38044 6 0
0 38044 7 0
0 38044 8 0
0 38044 9 0
0 38044 10 0
0 10571 11 0
0 10571 12 0
0 10571 13 0
0 10571 14 0
0 10571 15 0
0 10571 0 0
0 35792 1 0
0 35792 2 0
0 35792 3 0
0 35792 4 0
0 35792 5 0
0 35792 6 0
0 3734 7 0
0 3734 8 0
0 3734 9 0
0 3734 10 0
0 3734 11 0
0 3734 12 0
0 62721 13 0
0 62721 14 0
0 62721 15 0
0 62721 0 0
0 62721 1 0
0 62721 2 0
0 59562 3 0
0 59562 4 0
0 59562 5 0
0 59562 6 0
0 59562 7 0
0 59562 8 0
0 33212 9 0
0 33212 10 0
0 33212 11 0
0 33212 12 0
0 33212 13 0
0 33212 14 0
0 51175 15 0
0 51175 0 0
0 51175 1 0
0 51175 2 0
0 51175 3 0
0 51175 4 0
0 56193 5 0
0 56193 6 0
0 56193 7 0
0 56193 8 0
0 56193 9 0
0 56193 10 0
0 22796 11 0
0 22796 12 0
0 22796 13 0
0 22796 14 0
0 22796 15 0
0 22796 0 0
0 7850 1 0
0 7850 2 0
0 7850 3 0
0 7850 4 0
0 7850 5 0
0 7850 6 0
0 30205 7 0
0 30205 8 0
0 30205 9 0
0 30205 10 0
0 30205 11 0
0 30205 12 0
0 55957 13 0
0 55957 14 0
0 55957 15 0
0 55957 0 0
0 55957 1 0
0 55957 2 0
0 27279 3 0
0 27279 4 0
0 27279 5 0
0 27279 6 0
0 27279 7 0
0 27279 8 0
0 38065 9 0
0 38065 10 0
0 38065 11 0
0 38065 12 0
0 38065 13 0
0 38065 14 0
0 6253 15 0
0 6253 0 0
0 6253 1 0
0 6253 2 0
0 6253 3 0
0 6253 4 0
0 5884 5 0
0 5884 6 0
0 5884 7 0
0 5884 8 0
0 5884 9 0
0 5884 10 0
0 44618 11 0
0 44618 12 0
0 44618 13 0
0 44618 14 0
0 44618 15 0
0 44618 0 0
0 48081 1 0
0 48081 2 0
0 48081 3 0
0 48081 4 0
0 48081 5 0
0 48081 6 0
0 17244 7 0
0 17244 8 0
0 17244 9 0
0 17244 10 0
0 17244 11 0
0 17244 12 0
0 34753 13 0
0 34753 14 0
0 34753 15 0
0 34753 0 0
0 34753 1 0
0 34753 2 0
0 22160 3 0
0 22160 4 0
0 22160 5 0
0 22160 6 0
0 22160 7 0
0 22160 8 0
0 26333 9 0
0 26333 10 0
0 26333 11 0
0 26333 12 0
0 26333 13 0
0 26333 14 0
0 35588 15 0
0 35588 0 0
0 35588 1 0
0 35588 2 0
0 35588 3 0
0 35588 4 0
0 33908 5 0
0 33908 6 0
0 33908 7 0
0 33908 8 0
0 33908 9 0
0 33908 10 0
0 59892 11 0
0 59892 12 0
0 59892 13 0
0 59892 14 0
0 59892 15 0
0 59892 0 0
0 43484 1 0
0 43484 2 0
0 43484 3 0
0 43484 4 0
0 43484 5 0
0 43484 6 0
0 53422 7 0
0 53422 8 0
0 53422 9 0
0 53422 10 0
0 53422 11 0
0 53422 12 0
0 53882 13 0
0 53882 14 0
0 53882 15 0
0 53882 0 0
0 53882 1 0
0 53882 2 0
0 36681 3 0
0 36681 4 0
0 36681 5 0
0 36681 6 0
0 36681 7 0
0 36681 8 0
0 23416 9 0
0 23416 10 0
0 23416 11 0
0 23416 12 0
0 23416 13 0
0 23416 14 0
0 48978 15 0
0 48978 0 0
0 48978 1 0
0 48978 2 0
0 48978 3 0
0 48978 4 0
0 7615 5 0
0 7615 6 0
0 7615 7 0
0 7615 8 0
0 7615 9 0
0 7615 10 0
0 9250 11 0
0 9250 12 0
0 9250 13 0
0 9250 14 0
0 9250 15 0
0 9250 0 0
0 14954 1 0
0 14954 2 0
0 14954 3 0
0 14954 4 0
0 14954 5 0
0 14954 6 0
0 46963 7 0
0 46963 8 0
0 46963 9 0
0 46963 10 0
0 46963 11 0
0 46963 12 0
0 25620 13 0
0 25620 14 0
0 25620 15 0
0 25620 0 0
0 25620 1 0
0 25620 2 0
0 65525 3 0
0 65525 4 0
0 65525 5 0
0 65525 6 0
0 65525 7 0
0 65525 8 0
0 59664 9 0
0 59664 10 0
0 59664 11 0
0 59664 12 0
0 59664 13 0
0 59664 14 0
0 8806 15 0
0 8806 0 0
0 8806 1 0
0 8806 2 0
0 8806 3 0
0 8806 4 0
0 8689 5 0
0 8689 6 0
0 8689 7 0
0 8689 8 0
0 8689 9 0
0 8689 10 0
0 26028 11 0
0 26028 12 0
0 26028 13 0
0 26028 14 0
0 26028 15 0
0 26028 0 0
0 45031 1 0
0 45031 2 0
0 45031 3 0
0 45031 4 0
0 45031 5 0
0 45031 6 0
0 11137 7 0
0 11137 8 0
0 11137 9 0
0 11137 10 0
0 11137 11 0
0 11137 12 0
0 17915 13 0
0 17915 14 0
0 17915 15 0
0 17915 0 0
0 17915 1 0
0 17915 2 0
0 36115 3 0
0 36115 4 0
0 36115 5 0
0 36115 6 0
0 36115 7 0
0 36115 8 0
0 10456 9 0
0 10456 10 0
0 10456 11 0
0 10456 12 0
0 10456 13 0
0 10456 14 0
0 59966 15 0
0 59966 0 0
0 59966 1 0
0 59966 2 0
0 59966 3 0
0 59966 4 0
0 48339 5 0
0 48339 6 0
0 48339 7 0
0 48339 8 0
0 48339 9 0
0 48339 10 0
0 1829 11 0
0 1829 12 0
0 1829 13 0
0 1829 14 0
0 1829 15 0
0 1829 0 0
0 4337 1 0
0 4337 2 0
0 4337 3 0
0 4337 4 0
0 4337 5 0
0 4337 6 0
0 28170 7 0
0 28170 8 0
0 28170 9 0
0 28170 10 0
0 28170 11 0
0 28170 12 0
0 64261 13 0
0 64261 14 0
0 64261 15 0
0 64261 0 0
0 64261 1 0
0 64261 2 0
0 19838 3 0
0 19838 4 0
0 19838 5 0
0 19838 6 0
0 19838 7 0
0 19838 8 0
0 28477 9 0
0 28477 10 0
0 28477 11 0
0 28477 12 0
0 28477 13 0
0 28477 14 0
0 13715 15 0
0 13715 0 0
0 13715 1 0
0 13715 2 0
0 13715 3 0
0 13715 4 0
0 58789 5 0
0 58789 6 0
0 58789 7 0
0 58789 8 0
0 58789 9 0
0 58789 10 0
0 60364 11 0
0 60364 12 0
0 60364 13 0
0 60364 14 0
0 60364 15 0
0 60364 0 0
0 23881 1 0
0 23881 2 0
0 23881 3 0
0 23881 4 0
0 23881 5 0
0 23881 6 0
0 10504 7 0
0 10504 8 0
0 10504 9 0
0 10504 10 0
0 10504 11 0
0 10504 12 0
0 29333 13 0
0 29333 14 0
0 29333 15 0
0 29333 0 0
0 29333 1 0
0 29333 2 0
0 57676 3 0
0 57676 4 0
0 57676 5 0
0 57676 6 0
0 57676 7 0
0 57676 8 0
0 37909 9 0
0 37909 10 0
0 37909 11 0
0 37909 12 0
0 37909 13 0
0 37909 14 0
0 44343 15 0
0 44343 0 0
0 44343 1 0
0 44343 2 0
0 44343 3 0
0 44343 4 0
0 60902 5 0
0 60902 6 0
0 60902 7 0
0 60902 8 0
0 60902 9 0
0 60902 10 0
0 9711 11 0
0 9711 12 0
0 9711 13 0
0 9711 14 0
0 9711 15 0
0 9711 0 0
0 55145 1 0
0 55145 2 0
0 55145 3 0
0 55145 4 0
0 55145 5 0
0 55145 6 0
0 14731 7 0
0 14731 8 0
0 14731 9 0
0 14731 10 0
0 14731 11 0
0 14731 12 0
0 25493 13 0
0 25493 14 0
0 25493 15 0
0 25493 0 0
0 25493 1 0
0 25493 2 0
0 12958 3 0
0 12958 4 0
0 12958 5 0
0 12958 6 0
0 12958 7 0
0 12958 8 0
0 14287 9 0
0 14287 10 0
0 14287 11 0
0 14287 12 0
0 14287 13 0
0 14287 14 0
0 2936 15 0
0 2936 0 0
0 2936 1 0
0 2936 2 0
0 2936 3 0
0 2936 4 0
0 45659 5 0
0 45659 6 0
0 45659 7 0
0 45659 8 0
0 45659 9 0
0 45659 10 0
0 55258 11 0
0 55258 12 0
0 55258 13 0
0 55258 14 0
0 55258 15 0
0 55258 0 0
0 21620 1 0
0 21620 2 0
0 21620 3 0
0 21620 4 0
0 21620 5 0
0 21620 6 0
0 7938 7 0
0 7938 8 0
0 7938 9 0
0 7938 10 0
0 7938 11 0
0 7938 12 0
0 58502 13 0
0 58502 14 0
0 58502 15 0
0 58502 0 0
0 58502 1 0
0 58502 2 0
0 3417 3 0
0 3417 4 0
0 3417 5 0
0 3417 6 0
0 3417 7 0
0 3417 8 0
0 59282 9 0
0 59282 10 0
0 59282 11 0
0 59282 12 0
0 59282 13 0
0 59282 14 0
0 46003 15 0
0 46003 0 0
0 46003 1 0
0 46003 2 0
0 46003 3 0
0 46003 4 0
0 53606 5 0
0 53606 6 0
0 53606 7 0
0 53606 8 0
0 53606 9 0
0 53606 10 0
0 42666 11 0
0 42666 12 0
0 42666 13 0
0 42666 14 0
0 42666 15 0
0 42666 0 0
0 10983 1 0
0 10983 2 0
0 10983 3 0
0 10983 4 0
0 10983 5 0
0 10983 6 0
0 53180 7 0
0 53180 8 0
0 53180 9 0
0 53180 10 0
0 53180 11 0
0 53180 12 0
0 36459 13 0
0 36459 14 0
0 36459 15 0
0 36459 0 0
0 36459 1 0
0 36459 2 0
0 38867 3 0
0 38867 4 0
0 38867 5 0
0 38867 6 0
0 38867 7 0
0 38867 8 0
0 61803 9 0
0 61803 10 0
0 61803 11 0
0 61803 12 0
0 61803 13 0
0 61803 14 0
0 43167 15 0
0 43167 0 0
0 43167 1 0
0 43167 2 0
0 43167 3 0
0 43167 4 0
0 64540 5 0
0 64540 6 0
0 64540 7 0
0 64540 8 0
0 64540 9 0
0 64540 10 0
0 45412 11 0
0 45412 12 0
0 45412 13 0
0 45412 14 0
0 45412 15 0
0 45412 0 0
0 24904 1 0
0 24904 2 0
0 24904 3 0
0 24904 4 0
0 24904 5 0
0 24904 6 0
0 56453 7 0
0 56453 8 0
0 56453 9 0
0 56453 10 0
0 56453 11 0
0 56453 12 0
0 46237 13 0
0 46237 14 0
0 46237 15 0
0 46237 0 0
0 46237 1 0
0 46237 2 0
0 36662 3 0
0 36662 4 0
0 36662 5 0
0 36662 6 0
0 36662 7 0
0 36662 8 0
0 10646 9 0
0 10646 10 0
0 10646 11 0
0 10646 12 0
0 10646 13 0
0 10646 14 0
0 41662 15 0
0 41662 0 0
0 41662 1 0
0 41662 2 0
0 41662 3 0
0 41662 4 0
0 26837 5 0
0 26837 6 0
0 26837 7 0
0 26837 8 0
0 26837 9 0
0 26837 10 0
0 19044 11 0
0 19044 12 0
0 19044 13 0
0 19044 14 0
0 19044 15 0
0 19044 0 0
0 58894 1 0
0 58894 2 0
0 58894 3 0
0 58894 4 0
0 58894 5 0
0 58894 6 0
0 12113 7 0
0 12113 8 0
0 12113 9 0
0 12113 10 0
0 12113 11 0
0 12113 12 0
0 35446 13 0
0 35446 14 0
0 35446 15 0
0 35446 0 0
0 35446 1 0
0 35446 2 0
0 27054 3 0
0 27054 4 0
0 27054 5 0
0 27054 6 0
0 27054 7 0
0 27054 8 0
0 11331 9 0
0 11331 10 0
0 11331 11 0
0 11331 12 0
0 11331 13 0
0 11331 14 0
0 41422 15 0
0 41422 0 0
0 41422 1 0
0 41422 2 0
0 41422 3 0
0 41422 4 0
0 7502 5 0
0 7502 6 0
0 7502 7 0
0 7502 8 0
0 7502 9 0
0 7502 10 0
0 58012 11 0
0 58012 12 0
0 58012 13 0
0 58012 14 0
0 58012 15 0
0 58012 0 0
0 40456 1 0
0 40456 2 0
0 40456 3 0
0 40456 4 0
0 40456 5 0
0 40456 6 0
0 25868 7 0
0 25868 8 0
0 25868 9 0
0 25868 10 0
0 25868 11 0
0 25868 12 0
0 28950 13 0
0 28950 14 0
0 28950 15 0
0 28950 0 0
0 28950 1 0
0 28950 2 0
0 47098 3 0
0 47098 4 0
0 47098 5 0
0 47098 6 0
0 47098 7 0
0 47098 8 0
0 33646 9 0
0 33646 10 0
0 33646 11 0
0 33646 12 0
0 33646 13 0
0 33646 14 0
0 61191 15 0
0 61191 0 0
0 61191 1 0
0 61191 2 0
0 61191 3 0
0 61191 4 0
0 25521 5 0
0 25521 6 0
0 25521 7 0
0 25521 8 0
0 25521 9 0
0 25521 10 0
0 62892 11 0
0 62892 12 0
0 62892 13 0
0 62892 14 0
0 62892 15 0
0 62892 0 0
0 14033 1 0
0 14033 2 0
0 14033 3 0
0 14033 4 0
0 14033 5 0
0 14033 6 0
0 56428 7 0
0 56428 8 0
0 56428 9 0
0 56428 10 0
0 56428 11 0
0 56428 12 0
0 41118 13 0
0 41118 14 0
0 41118 15 0
0 41118 0 0
0 41118 1 0
0 41118 2 0
0 38046 3 0
0 38046 4 0
0 38046 5 0
0 38046 6 0
0 38046 7 0
0 38046 8 0
0 23237 9 0
0 23237 10 0
0 23237 11 0
0 23237 12 0
0 23237 13 0
0 23237 14 0
0 17903 15 0
0 17903 0 0
0 17903 1 0
0 17903 2 0
0 17903 3 0
0 17903 4 0
0 35388 5 0
0 35388 6 0
0 35388 7 0
0 35388 8 0
0 35388 9 0
0 35388 10 0
0 34113 11 0
0 34113 12 0
0 34113 13 0
0 34113 14 0
0 34113 15 0
0 34113 0 0
0 24084 1 0
0 24084 2 0
0 24084 3 0
0 24084 4 0
0 24084 5 0
0 24084 6 0
0 10308 7 0
0 10308 8 0
0 10308 9 0
0 10308 10 0
0 10308 11 0
0 10308 12 0
0 34466 13 0
0 34466 14 0
0 34466 15 0
0 34466 0 0
0 34466 1 0
0 34466 2 0
0 8515 3 0
0 8515 4 0
0 8515 5 0
0 8515 6 0
0 8515 7 0
0 8515 8 0
0 53796 9 0
0 53796 10 0
0 53796 11 0
0 53796 12 0
0 53796 13 0
0 53796 14 0
0 48989 15 0
0 48989 0 0
0 48989 1 0
0 48989 2 0
0 48989 3 0
0 48989 4 0
0 31366 5 0
0 31366 6 0
0 31366 7 0
0 31366 8 0
0 31366 9 0
0 31366 10 0
0 12204 11 0
0 12204 12 0
0 12204 13 0
0 12204 14 0
0 12204 15 0
0 12204 0 0
0 30325 1 0
0 30325 2 0
0 30325 3 0
0 30325 4 0
0 30325 5 0
0 30325 6 0
0 7267 7 0
0 7267 8 0
0 7267 9 0
0 7267 10 0
0 7267 11 0
0 7267 12 0
0 10950 13 0
0 10950 14 0
0 10950 15 0
0 10950 0 0
0 10950 1 0
0 10950 2 0
0 5498 3 0
0 5498 4 0
0 5498 5 0
0 5498 6 0
0 5498 7 0
0 5498 8 0
0 45572 9 0
0 45572 10 0
0 45572 11 0
0 45572 12 0
0 45572 13 0
0 45572 14 0
0 59417 15 0
0 59417 0 0
0 59417 1 0
0 59417 2 0
0 59417 3 0
0 59417 4 0
0 44902 5 0
0 44902 6 0
0 44902 7 0
0 44902 8 0
0 44902 9 0
0 44902 10 0
0 25354 11 0
0 25354 12 0
0 25354 13 0
0 25354 14 0
0 25354 15 0
0 25354 0 0
0 14258 1 0
0 14258 2 0
0 14258 3 0
0 14258 4 0
0 14258 5 0
0 14258 6 0
0 48793 7 0
0 48793 8 0
0 48793 9 0
0 48793 10 0
0 48793 11 0
0 48793 12 0
0 55530 13 0
0 55530 14 0
0 55530 15 0
0 55530 0 0
0 55530 1 0
0 55530 2 0
0 2786 3 0
0 2786 4 0
0 2786 5 0
0 2786 6 0
0 2786 7 0
0 2786 8 0
0 61332 9 0
0 61332 10 0
0 61332 11 0
0 61332 12 0
0 61332 13 0
0 61332 14 0
0 21576 15 0
0 21576 0 0
0 21576 1 0
0 21576 2 0
0 21576 3 0
0 21576 4 0
0 60946 5 0
0 60946 6 0
0 60946 7 0
0 60946 8 0
0 60946 9 0
0 60946 10 0
0 58915 11 0
0 58915 12 0
0 58915 13 0
0 58915 14 0
0 58915 15 0
0 58915 0 0
0 55740 1 0
0 55740 2 0
0 55740 3 0
0 55740 4 0
0 55740 5 0
0 55740 6 0
0 46046 7 0
0 46046 8 0
0 46046 9 0
0 46046 10 0
0 46046 11 0
0 46046 12 0
0 56309 13 0
0 56309 14 0
0 56309 15 0
0 56309 0 0
0 56309 1 0
0 56309 2 0
0 16860 3 0
0 16860 4 0
0 16860 5 0
0 16860 6 0
0 16860 7 0
0 16860 8 0
0 21954 9 0
0 21954 10 0
0 21954 11 0
0 21954 12 0
0 21954 13 0
0 21954 14 0
0 47836 15 0
0 47836 0 0
0 47836 1 0
0 47836 2 0
0 47836 3 0
0 47836 4 0
0 55409 5 0
0 55409 6 0
0 55409 7 0
0 55409 8 0
0 55409 9 0
0 55409 10 0
0 5271 11 0
0 5271 12 0
0 5271 13 0
0 5271 14 0
0 5271 15 0
0 5271 0 0
0 31895 1 0
0 31895 2 0
0 31895 3 0
0 31895 4 0
0 31895 5 0
0 31895 6 0
0 4155 7 0
0 4155 8 0
0 4155 9 0
0 4155 10 0
0 4155 11 0
0 4155 12 0
0 24951 13 0
0 24951 14 0
0 24951 15 0
0 24951 0 0
0 24951 1 0
0 24951 2 0
0 1733 3 0
0 1733 4 0
0 1733 5 0
0 1733 6 0
0 1733 7 0
0 1733 8 0
0 16481 9 0
0 16481 10 0
0 16481 11 0
0 16481 12 0
0 16481 13 0
0 16481 14 0
0 17892 15 0
0 17892 0 0
0 17892 1 0
0 17892 2 0
0 17892 3 0
0 17892 4 0
0 27089 5 0
0 27089 6 0
0 27089 7 0
0 27089 8 0
0 27089 9 0
0 27089 10 0
0 14310 11 0
0 14310 12 0
0 14310 13 0
0 14310 14 0
0 14310 15 0
0 14310 0 0
0 24707 1 0
0 24707 2 0
0 24707 3 0
0 24707 4 0
0 24707 5 0
0 24707 6 0
0 63403 7 0
0 63403 8 0
0 63403 9 0
0 63403 10 0
0 63403 11 0
0 63403 12 0
0 27293 13 0
0 27293 14 0
0 27293 15 0
0 27293 0 0
0 27293 1 0
0 27293 2 0
0 31281 3 0
0 31281 4 0
0 31281 5 0
0 31281 6 0
0 31281 7 0
0 31281 8 0
0 9185 9 0
0 9185 10 0
0 9185 11 0
0 9185 12 0
0 9185 13 0
0 9185 14 0
0 28694 15 0
0 28694 0 0
0 28694 1 0
0 28694 2 0
0 28694 3 0
0 28694 4 0
0 12302 5 0
0 12302 6 0
0 12302 7 0
0 12302 8 0
0 12302 9 0
0 12302 10 0
0 22416 11 0
0 22416 12 0
0 22416 13 0
0 22416 14 0
0 22416 15 0
0 22416 0 0
0 15963 1 0
0 15963 2 0
0 15963 3 0
0 15963 4 0
0 15963 5 0
0 15963 6 0
0 58869 7 0
0 58869 8 0
0 58869 9 0
0 58869 10 0
0 58869 11 0
0 58869 12 0
0 4677 13 0
0 4677 14 0
0 4677 15 0
0 4677 0 0
0 4677 1 0
0 4677 2 0
0 9277 3 0
0 9277 4 0
0 9277 5 0
0 9277 6 0
0 9277 7 0
0 9277 8 0
0 48218 9 0
0 48218 10 0
0 48218 11 0
0 48218 12 0
0 48218 13 0
0 48218 14 0
0 24181 15 0
0 24181 0 0
0 24181 1 0
0 24181 2 0
0 24181 3 0
0 24181 4 0
0 33394 5 0
0 33394 6 0
0 33394 7 0
0 33394 8 0
0 33394 9 0
0 33394 10 0
0 35209 11 0
0 35209 12 0
0 35209 13 0
0 35209 14 0
0 35209 15 0
0 35209 0 0
0 55480 1 0
0 55480 2 0
0 55480 3 0
0 55480 4 0
0 55480 5 0
0 55480 6 0
0 14234 7 0
0 14234 8 0
0 14234 9 0
0 14234 10 0
0 14234 11 0
0 14234 12 0
0 51599 13 0
0 51599 14 0
0 51599 15 0
