0 0 0 0
0 0 1 0
0 0 2 0
0 0 3 0
0 0 4 0
0 55339 5 0
0 55339 6 0
0 55339 7 0
0 55339 8 0
0 55339 9 0
0 55339 10 0
0 56994 11 0
0 56994 12 0
0 56994 13 0
0 56994 14 0
0 56994 15 0
0 56994 0 0
0 16963 1 0
0 16963 2 0
0 16963 3 0
0 16963 4 0
0 16963 5 0
0 16963 6 0
0 17477 7 0
0 17477 8 0
0 17477 9 0
0 17477 10 0
0 17477 11 0
0 17477 12 0
0 63243 13 0
0 63243 14 0
0 63243 15 0
0 63243 0 0
0 63243 1 0
0 63243 2 0
0 10744 3 0
0 10744 4 0
0 10744 5 0
0 10744 6 0
0 10744 7 0
0 10744 8 0
0 17184 9 0
0 17184 10 0
0 17184 11 0
0 17184 12 0
0 17184 13 0
0 17184 14 0
0 10707 15 0
0 10707 0 0
0 10707 1 0
0 10707 2 0
0 10707 3 0
0 10707 4 0
0 3540 5 0
0 3540 6 0
0 3540 7 0
0 3540 8 0
0 3540 9 0
0 3540 10 0
0 18504 11 0
0 18504 12 0
0 18504 13 0
0 18504 14 0
0 18504 15 0
0 18504 0 0
0 11128 1 0
0 11128 2 0
0 11128 3 0
0 11128 4 0
0 11128 5 0
0 11128 6 0
0 604 7 0
0 604 8 0
0 604 9 0
0 604 10 0
0 604 11 0
0 604 12 0
0 53326 13 0
0 53326 14 0
0 53326 15 0
0 53326 0 0
0 53326 1 0
0 53326 2 0
0 52343 3 0
0 52343 4 0
0 52343 5 0
0 52343 6 0
0 52343 7 0
0 52343 8 0
0 59868 9 0
0 59868 10 0
0 59868 11 0
0 59868 12 0
0 59868 13 0
0 59868 14 0
0 6097 15 0
0 6097 0 0
0 6097 1 0
0 6097 2 0
0 6097 3 0
0 6097 4 0
0 18257 5 0
0 18257 6 0
0 18257 7 0
0 18257 8 0
0 18257 9 0
0 18257 10 0
0 8969 11 0
0 8969 12 0
0 8969 13 0
0 8969 14 0
0 8969 15 0
0 8969 0 0
0 29566 1 0
0 29566 2 0
0 29566 3 0
0 29566 4 0
0 29566 5 0
0 29566 6 0
0 27928 7 0
0 27928 8 0
0 27928 9 0
0 27928 10 0
0 27928 11 0
0 27928 12 0
0 50641 13 0
0 50641 14 0
0 50641 15 0
0 50641 0 0
0 50641 1 0
0 50641 2 0
0 37200 3 0
0 37200 4 0
0 37200 5 0
0 37200 6 0
0 37200 7 0
0 37200 8 0
0 28090 9 0
0 28090 10 0
0 28090 11 0
0 28090 12 0
0 28090 13 0
0 28090 14 0
0 20111 15 0
0 20111 0 0
0 20111 1 0
0 20111 2 0
0 20111 3 0
0 20111 4 0
0 50480 5 0
0 50480 6 0
0 50480 7 0
0 50480 8 0
0 50480 9 0
0 50480 10 0
0 53147 11 0
0 53147 12 0
0 53147 13 0
0 53147 14 0
0 53147 15 0
0 53147 0 0
0 50067 1 0
0 50067 2 0
0 50067 3 0
0 50067 4 0
0 50067 5 0
0 50067 6 0
0 22596 7 0
0 22596 8 0
0 22596 9 0
0 22596 10 0
0 22596 11 0
0 22596 12 0
0 45022 13 0
0 45022 14 0
0 45022 15 0
0 45022 0 0
0 45022 1 0
0 45022 2 0
0 28192 3 0
0 28192 4 0
0 28192 5 0
0 28192 6 0
0 28192 7 0
0 28192 8 0
0 41522 9 0
0 41522 10 0
0 41522 11 0
0 41522 12 0
0 41522 13 0
0 41522 14 0
0 40485 15 0
0 40485 0 0
0 40485 1 0
0 40485 2 0
0 40485 3 0
0 40485 4 0
0 59300 5 0
0 59300 6 0
0 59300 7 0
0 59300 8 0
0 59300 9 0
0 59300 10 0
0 57625 11 0
0 57625 12 0
0 57625 13 0
0 57625 14 0
0 57625 15 0
0 57625 0 0
0 34965 1 0
0 34965 2 0
0 34965 3 0
0 34965 4 0
0 34965 5 0
0 34965 6 0
0 44161 7 0
0 44161 8 0
0 44161 9 0
0 44161 10 0
0 44161 11 0
0 44161 12 0
0 25229 13 0
0 25229 14 0
0 25229 15 0
0 25229 0 0
0 25229 1 0
0 25229 2 0
0 65355 3 0
0 65355 4 0
0 65355 5 0
0 65355 6 0
0 65355 7 0
0 65355 8 0
0 48239 9 0
0 48239 10 0
0 48239 11 0
0 48239 12 0
0 48239 13 0
0 48239 14 0
0 27017 15 0
0 27017 0 0
0 27017 1 0
0 27017 2 0
0 27017 3 0
0 27017 4 0
0 22443 5 0
0 22443 6 0
0 22443 7 0
0 22443 8 0
0 22443 9 0
0 22443 10 0
0 44537 11 0
0 44537 12 0
0 44537 13 0
0 44537 14 0
0 44537 15 0
0 44537 0 0
0 3881 1 0
0 3881 2 0
0 3881 3 0
0 3881 4 0
0 3881 5 0
0 3881 6 0
0 2293 7 0
0 2293 8 0
0 2293 9 0
0 2293 10 0
0 2293 11 0
0 2293 12 0
0 63655 13 0
0 63655 14 0
0 63655 15 0
0 63655 0 0
0 63655 1 0
0 63655 2 0
0 12879 3 0
0 12879 4 0
0 12879 5 0
0 12879 6 0
0 12879 7 0
0 12879 8 0
0 64988 9 0
0 64988 10 0
0 64988 11 0
0 64988 12 0
0 64988 13 0
0 64988 14 0
0 31218 15 0
0 31218 0 0
0 31218 1 0
0 31218 2 0
0 31218 3 0
0 31218 4 0
0 52063 5 0
0 52063 6 0
0 52063 7 0
0 52063 8 0
0 52063 9 0
0 52063 10 0
0 12353 11 0
0 12353 12 0
0 12353 13 0
0 12353 14 0
0 12353 15 0
0 12353 0 0
0 48171 1 0
0 48171 2 0
0 48171 3 0
0 48171 4 0
0 48171 5 0
0 48171 6 0
0 53767 7 0
0 53767 8 0
0 53767 9 0
0 53767 10 0
0 53767 11 0
0 53767 12 0
0 58765 13 0
0 58765 14 0
0 58765 15 0
0 58765 0 0
0 58765 1 0
0 58765 2 0
0 8194 3 0
0 8194 4 0
0 8194 5 0
0 8194 6 0
0 8194 7 0
0 8194 8 0
0 55776 9 0
0 55776 10 0
0 55776 11 0
0 55776 12 0
0 55776 13 0
0 55776 14 0
0 3922 15 0
0 3922 0 0
0 3922 1 0
0 3922 2 0
0 3922 3 0
0 3922 4 0
0 53742 5 0
0 53742 6 0
0 53742 7 0
0 53742 8 0
0 53742 9 0
0 53742 10 0
0 13246 11 0
0 13246 12 0
0 13246 13 0
0 13246 14 0
0 13246 15 0
0 13246 0 0
0 48964 1 0
0 48964 2 0
0 48964 3 0
0 48964 4 0
0 48964 5 0
0 48964 6 0
0 58573 7 0
0 58573 8 0
0 58573 9 0
0 58573 10 0
0 58573 11 0
0 58573 12 0
0 18713 13 0
0 18713 14 0
0 18713 15 0
0 18713 0 0
0 18713 1 0
0 18713 2 0
0 31282 3 0
0 31282 4 0
0 31282 5 0
0 31282 6 0
0 31282 7 0
0 31282 8 0
0 11261 9 0
0 11261 10 0
0 11261 11 0
0 11261 12 0
0 11261 13 0
0 11261 14 0
0 23584 15 0
0 23584 0 0
0 23584 1 0
0 23584 2 0
0 23584 3 0
0 23584 4 0
0 45873 5 0
0 45873 6 0
0 45873 7 0
0 45873 8 0
0 45873 9 0
0 45873 10 0
0 25500 11 0
0 25500 12 0
0 25500 13 0
0 25500 14 0
0 25500 15 0
0 25500 0 0
0 4928 1 0
0 4928 2 0
0 4928 3 0
0 4928 4 0
0 4928 5 0
0 4928 6 0
0 19876 7 0
0 19876 8 0
0 19876 9 0
0 19876 10 0
0 19876 11 0
0 19876 12 0
0 60703 13 0
0 60703 14 0
0 60703 15 0
0 60703 0 0
0 60703 1 0
0 60703 2 0
0 5890 3 0
0 5890 4 0
0 5890 5 0
0 5890 6 0
0 5890 7 0
0 5890 8 0
0 59282 9 0
0 59282 10 0
0 59282 11 0
0 59282 12 0
0 59282 13 0
0 59282 14 0
0 23339 15 0
0 23339 0 0
0 23339 1 0
0 23339 2 0
0 23339 3 0
0 23339 4 0
0 62561 5 0
0 62561 6 0
0 62561 7 0
0 62561 8 0
0 62561 9 0
0 62561 10 0
0 13874 11 0
0 13874 12 0
0 13874 13 0
0 13874 14 0
0 13874 15 0
0 13874 0 0
0 40348 1 0
0 40348 2 0
0 40348 3 0
0 40348 4 0
0 40348 5 0
0 40348 6 0
0 15561 7 0
0 15561 8 0
0 15561 9 0
0 15561 10 0
0 15561 11 0
0 15561 12 0
0 20057 13 0
0 20057 14 0
0 20057 15 0
0 20057 0 0
0 20057 1 0
0 20057 2 0
0 20891 3 0
0 20891 4 0
0 20891 5 0
0 20891 6 0
0 20891 7 0
0 20891 8 0
0 45800 9 0
0 45800 10 0
0 45800 11 0
0 45800 12 0
0 45800 13 0
0 45800 14 0
0 63352 15 0
0 63352 0 0
0 63352 1 0
0 63352 2 0
0 63352 3 0
0 63352 4 0
0 62009 5 0
0 62009 6 0
0 62009 7 0
0 62009 8 0
0 62009 9 0
0 62009 10 0
0 52722 11 0
0 52722 12 0
0 52722 13 0
0 52722 14 0
0 52722 15 0
0 52722 0 0
0 64353 1 0
0 64353 2 0
0 64353 3 0
0 64353 4 0
0 64353 5 0
0 64353 6 0
0 60587 7 0
0 60587 8 0
0 60587 9 0
0 60587 10 0
0 60587 11 0
0 60587 12 0
0 17021 13 0
0 17021 14 0
0 17021 15 0
0 17021 0 0
0 17021 1 0
0 17021 2 0
0 31224 3 0
0 31224 4 0
0 31224 5 0
0 31224 6 0
0 31224 7 0
0 31224 8 0
0 18027 9 0
0 18027 10 0
0 18027 11 0
0 18027 12 0
0 18027 13 0
0 18027 14 0
0 44765 15 0
0 44765 0 0
0 44765 1 0
0 44765 2 0
0 44765 3 0
0 44765 4 0
0 6395 5 0
0 6395 6 0
0 6395 7 0
0 6395 8 0
0 6395 9 0
0 6395 10 0
0 20573 11 0
0 20573 12 0
0 20573 13 0
0 20573 14 0
0 20573 15 0
0 20573 0 0
0 57342 1 0
0 57342 2 0
0 57342 3 0
0 57342 4 0
0 57342 5 0
0 57342 6 0
0 49042 7 0
0 49042 8 0
0 49042 9 0
0 49042 10 0
0 49042 11 0
0 49042 12 0
0 23314 13 0
0 23314 14 0
0 23314 15 0
0 23314 0 0
0 23314 1 0
0 23314 2 0
0 45440 3 0
0 45440 4 0
0 45440 5 0
0 45440 6 0
0 45440 7 0
0 45440 8 0
0 39487 9 0
0 39487 10 0
0 39487 11 0
0 39487 12 0
0 39487 13 0
0 39487 14 0
0 18882 15 0
0 18882 0 0
0 18882 1 0
0 18882 2 0
0 18882 3 0
0 18882 4 0
0 8905 5 0
0 8905 6 0
0 8905 7 0
0 8905 8 0
0 8905 9 0
0 8905 10 0
0 44745 11 0
0 44745 12 0
0 44745 13 0
0 44745 14 0
0 44745 15 0
0 44745 0 0
0 59819 1 0
0 59819 2 0
0 59819 3 0
0 59819 4 0
0 59819 5 0
0 59819 6 0
0 62235 7 0
0 62235 8 0
0 62235 9 0
0 62235 10 0
0 62235 11 0
0 62235 12 0
0 34537 13 0
0 34537 14 0
0 34537 15 0
0 34537 0 0
0 34537 1 0
0 34537 2 0
0 16180 3 0
0 16180 4 0
0 16180 5 0
0 16180 6 0
0 16180 7 0
0 16180 8 0
0 57569 9 0
0 57569 10 0
0 57569 11 0
0 57569 12 0
0 57569 13 0
0 57569 14 0
0 46190 15 0
0 46190 0 0
0 46190 1 0
0 46190 2 0
0 46190 3 0
0 46190 4 0
0 50902 5 0
0 50902 6 0
0 50902 7 0
0 50902 8 0
0 50902 9 0
0 50902 10 0
0 40005 11 0
0 40005 12 0
0 40005 13 0
0 40005 14 0
0 40005 15 0
0 40005 0 0
0 2152 1 0
0 2152 2 0
0 2152 3 0
0 2152 4 0
0 2152 5 0
0 2152 6 0
0 54872 7 0
0 54872 8 0
0 54872 9 0
0 54872 10 0
0 54872 11 0
0 54872 12 0
0 55616 13 0
0 55616 14 0
0 55616 15 0
0 55616 0 0
0 55616 1 0
0 55616 2 0
0 62602 3 0
0 62602 4 0
0 62602 5 0
0 62602 6 0
0 62602 7 0
0 62602 8 0
0 26799 9 0
0 26799 10 0
0 26799 11 0
0 26799 12 0
0 26799 13 0
0 26799 14 0
0 47946 15 0
0 47946 0 0
0 47946 1 0
0 47946 2 0
0 47946 3 0
0 47946 4 0
0 13219 5 0
0 13219 6 0
0 13219 7 0
0 13219 8 0
0 13219 9 0
0 13219 10 0
0 3818 11 0
0 3818 12 0
0 3818 13 0
0 3818 14 0
0 3818 15 0
0 3818 0 0
0 22898 1 0
0 22898 2 0
0 22898 3 0
0 22898 4 0
0 22898 5 0
0 22898 6 0
0 15870 7 0
0 15870 8 0
0 15870 9 0
0 15870 10 0
0 15870 11 0
0 15870 12 0
0 30402 13 0
0 30402 14 0
0 30402 15 0
0 30402 0 0
0 30402 1 0
0 30402 2 0
0 61604 3 0
0 61604 4 0
0 61604 5 0
0 61604 6 0
0 61604 7 0
0 61604 8 0
0 55288 9 0
0 55288 10 0
0 55288 11 0
0 55288 12 0
0 55288 13 0
0 55288 14 0
0 21528 15 0
0 21528 0 0
0 21528 1 0
0 21528 2 0
0 21528 3 0
0 21528 4 0
0 1138 5 0
0 1138 6 0
0 1138 7 0
0 1138 8 0
0 1138 9 0
0 1138 10 0
0 6556 11 0
0 6556 12 0
0 6556 13 0
0 6556 14 0
0 6556 15 0
0 6556 0 0
0 26215 1 0
0 26215 2 0
0 26215 3 0
0 26215 4 0
0 26215 5 0
0 26215 6 0
0 61043 7 0
0 61043 8 0
0 61043 9 0
0 61043 10 0
0 61043 11 0
0 61043 12 0
0 24969 13 0
0 24969 14 0
0 24969 15 0
0 24969 0 0
0 24969 1 0
0 24969 2 0
0 4548 3 0
0 4548 4 0
0 4548 5 0
0 4548 6 0
0 4548 7 0
0 4548 8 0
0 3381 9 0
0 3381 10 0
0 3381 11 0
0 3381 12 0
0 3381 13 0
0 3381 14 0
0 18558 15 0
0 18558 0 0
0 18558 1 0
0 18558 2 0
0 18558 3 0
0 18558 4 0
0 4136 5 0
0 4136 6 0
0 4136 7 0
0 4136 8 0
0 4136 9 0
0 4136 10 0
0 8501 11 0
0 8501 12 0
0 8501 13 0
0 8501 14 0
0 8501 15 0
0 8501 0 0
0 5768 1 0
0 5768 2 0
0 5768 3 0
0 5768 4 0
0 5768 5 0
0 5768 6 0
0 31984 7 0
0 31984 8 0
0 31984 9 0
0 31984 10 0
0 31984 11 0
0 31984 12 0
0 44219 13 0
0 44219 14 0
0 44219 15 0
0 44219 0 0
0 44219 1 0
0 44219 2 0
0 18903 3 0
0 18903 4 0
0 18903 5 0
0 18903 6 0
0 18903 7 0
0 18903 8 0
0 43796 9 0
0 43796 10 0
0 43796 11 0
0 43796 12 0
0 43796 13 0
0 43796 14 0
0 57387 15 0
0 57387 0 0
0 57387 1 0
0 57387 2 0
0 57387 3 0
0 57387 4 0
0 6573 5 0
0 6573 6 0
0 6573 7 0
0 6573 8 0
0 6573 9 0
0 6573 10 0
0 34050 11 0
0 34050 12 0
0 34050 13 0
0 34050 14 0
0 34050 15 0
0 34050 0 0
0 37790 1 0
0 37790 2 0
0 37790 3 0
0 37790 4 0
0 37790 5 0
0 37790 6 0
0 18643 7 0
0 18643 8 0
0 18643 9 0
0 18643 10 0
0 18643 11 0
0 18643 12 0
0 25892 13 0
0 25892 14 0
0 25892 15 0
0 25892 0 0
0 25892 1 0
0 25892 2 0
0 31947 3 0
0 31947 4 0
0 31947 5 0
0 31947 6 0
0 31947 7 0
0 31947 8 0
0 24132 9 0
0 24132 10 0
0 24132 11 0
0 24132 12 0
0 24132 13 0
0 24132 14 0
0 27763 15 0
0 27763 0 0
0 27763 1 0
0 27763 2 0
0 27763 3 0
0 27763 4 0
0 6888 5 0
0 6888 6 0
0 6888 7 0
0 6888 8 0
0 6888 9 0
0 6888 10 0
0 62775 11 0
0 62775 12 0
0 62775 13 0
0 62775 14 0
0 62775 15 0
0 62775 0 0
0 45071 1 0
0 45071 2 0
0 45071 3 0
0 45071 4 0
0 45071 5 0
0 45071 6 0
0 50861 7 0
0 50861 8 0
0 50861 9 0
0 50861 10 0
0 50861 11 0
0 50861 12 0
0 33009 13 0
0 33009 14 0
0 33009 15 0
0 33009 0 0
0 33009 1 0
0 33009 2 0
0 41317 3 0
0 41317 4 0
0 41317 5 0
0 41317 6 0
0 41317 7 0
0 41317 8 0
0 10958 9 0
0 10958 10 0
0 10958 11 0
0 10958 12 0
0 10958 13 0
0 10958 14 0
0 54565 15 0
0 54565 0 0
0 54565 1 0
0 54565 2 0
0 54565 3 0
0 54565 4 0
0 29026 5 0
0 29026 6 0
0 29026 7 0
0 29026 8 0
0 29026 9 0
0 29026 10 0
0 17122 11 0
0 17122 12 0
0 17122 13 0
0 17122 14 0
0 17122 15 0
0 17122 0 0
0 60421 1 0
0 60421 2 0
0 60421 3 0
0 60421 4 0
0 60421 5 0
0 60421 6 0
0 12161 7 0
0 12161 8 0
0 12161 9 0
0 12161 10 0
0 12161 11 0
0 12161 12 0
0 9689 13 0
0 9689 14 0
0 9689 15 0
0 9689 0 0
0 9689 1 0
0 9689 2 0
0 63428 3 0
0 63428 4 0
0 63428 5 0
0 63428 6 0
0 63428 7 0
0 63428 8 0
0 47317 9 0
0 47317 10 0
0 47317 11 0
0 47317 12 0
0 47317 13 0
0 47317 14 0
0 33857 15 0
0 33857 0 0
0 33857 1 0
0 33857 2 0
0 33857 3 0
0 33857 4 0
0 52675 5 0
0 52675 6 0
0 52675 7 0
0 52675 8 0
0 52675 9 0
0 52675 10 0
0 61645 11 0
0 61645 12 0
0 61645 13 0
0 61645 14 0
0 61645 15 0
0 61645 0 0
0 23799 1 0
0 23799 2 0
0 23799 3 0
0 23799 4 0
0 23799 5 0
0 23799 6 0
0 52642 7 0
0 52642 8 0
0 52642 9 0
0 52642 10 0
0 52642 11 0
0 52642 12 0
0 60992 13 0
0 60992 14 0
0 60992 15 0
0 60992 0 0
0 60992 1 0
0 60992 2 0
0 17584 3 0
0 17584 4 0
0 17584 5 0
0 17584 6 0
0 17584 7 0
0 17584 8 0
0 52136 9 0
0 52136 10 0
0 52136 11 0
0 52136 12 0
0 52136 13 0
0 52136 14 0
0 60168 15 0
0 60168 0 0
0 60168 1 0
0 60168 2 0
0 60168 3 0
0 60168 4 0
0 29859 5 0
0 29859 6 0
0 29859 7 0
0 29859 8 0
0 29859 9 0
0 29859 10 0
0 38564 11 0
0 38564 12 0
0 38564 13 0
0 38564 14 0
0 38564 15 0
0 38564 0 0
0 15421 1 0
0 15421 2 0
0 15421 3 0
0 15421 4 0
0 15421 5 0
0 15421 6 0
0 45216 7 0
0 45216 8 0
0 45216 9 0
0 45216 10 0
0 45216 11 0
0 45216 12 0
0 22108 13 0
0 22108 14 0
0 22108 15 0
0 22108 0 0
0 22108 1 0
0 22108 2 0
0 52204 3 0
0 52204 4 0
0 52204 5 0
0 52204 6 0
0 52204 7 0
0 52204 8 0
0 45029 9 0
0 45029 10 0
0 45029 11 0
0 45029 12 0
0 45029 13 0
0 45029 14 0
0 32505 15 0
0 32505 0 0
0 32505 1 0
0 32505 2 0
0 32505 3 0
0 32505 4 0
0 40529 5 0
0 40529 6 0
0 40529 7 0
0 40529 8 0
0 40529 9 0
0 40529 10 0
0 18975 11 0
0 18975 12 0
0 18975 13 0
0 18975 14 0
0 18975 15 0
0 18975 0 0
0 4777 1 0
0 4777 2 0
0 4777 3 0
0 4777 4 0
0 4777 5 0
0 4777 6 0
0 1705 7 0
0 1705 8 0
0 1705 9 0
0 1705 10 0
0 1705 11 0
0 1705 12 0
0 44604 13 0
0 44604 14 0
0 44604 15 0
0 44604 0 0
0 44604 1 0
0 44604 2 0
0 22501 3 0
0 22501 4 0
0 22501 5 0
0 22501 6 0
0 22501 7 0
0 22501 8 0
0 17192 9 0
0 17192 10 0
0 17192 11 0
0 17192 12 0
0 17192 13 0
0 17192 14 0
0 11595 15 0
0 11595 0 0
0 11595 1 0
0 11595 2 0
0 11595 3 0
0 11595 4 0
0 45644 5 0
0 45644 6 0
0 45644 7 0
0 45644 8 0
0 45644 9 0
0 45644 10 0
0 4607 11 0
0 4607 12 0
0 4607 13 0
0 4607 14 0
0 4607 15 0
0 4607 0 0
0 38473 1 0
0 38473 2 0
0 38473 3 0
0 38473 4 0
0 38473 5 0
0 38473 6 0
0 1302 7 0
0 1302 8 0
0 1302 9 0
0 1302 10 0
0 1302 11 0
0 1302 12 0
0 56125 13 0
0 56125 14 0
0 56125 15 0
0 56125 0 0
0 56125 1 0
0 56125 2 0
0 46041 3 0
0 46041 4 0
0 46041 5 0
0 46041 6 0
0 46041 7 0
0 46041 8 0
0 6813 9 0
0 6813 10 0
0 6813 11 0
0 6813 12 0
0 6813 13 0
0 6813 14 0
0 331 15 0
0 331 0 0
0 331 1 0
0 331 2 0
0 331 3 0
0 331 4 0
0 42948 5 0
0 42948 6 0
0 42948 7 0
0 42948 8 0
0 42948 9 0
0 42948 10 0
0 7647 11 0
0 7647 12 0
0 7647 13 0
0 7647 14 0
0 7647 15 0
0 7647 0 0
0 576 1 0
0 576 2 0
0 576 3 0
0 576 4 0
0 576 5 0
0 576 6 0
0 33073 7 0
0 33073 8 0
0 33073 9 0
0 33073 10 0
0 33073 11 0
0 33073 12 0
0 7332 13 0
0 7332 14 0
0 7332 15 0
0 7332 0 0
0 7332 1 0
0 7332 2 0
0 13872 3 0
0 13872 4 0
0 13872 5 0
0 13872 6 0
0 13872 7 0
0 13872 8 0
0 16645 9 0
0 16645 10 0
0 16645 11 0
0 16645 12 0
0 16645 13 0
0 16645 14 0
0 25874 15 0
0 25874 0 0
0 25874 1 0
0 25874 2 0
0 25874 3 0
0 25874 4 0
0 61585 5 0
0 61585 6 0
0 61585 7 0
0 61585 8 0
0 61585 9 0
0 61585 10 0
0 26470 11 0
0 26470 12 0
0 26470 13 0
0 26470 14 0
0 26470 15 0
0 26470 0 0
0 54866 1 0
0 54866 2 0
0 54866 3 0
0 54866 4 0
0 54866 5 0
0 54866 6 0
0 53478 7 0
0 53478 8 0
0 53478 9 0
0 53478 10 0
0 53478 11 0
0 53478 12 0
0 4017 13 0
0 4017 14 0
0 4017 15 0
0 4017 0 0
0 4017 1 0
0 4017 2 0
0 60565 3 0
0 60565 4 0
0 60565 5 0
0 60565 6 0
0 60565 7 0
0 60565 8 0
0 13506 9 0
0 13506 10 0
0 13506 11 0
0 13506 12 0
0 13506 13 0
0 13506 14 0
0 32129 15 0
0 32129 0 0
0 32129 1 0
0 32129 2 0
0 32129 3 0
0 32129 4 0
0 54178 5 0
0 54178 6 0
0 54178 7 0
0 54178 8 0
0 54178 9 0
0 54178 10 0
0 35191 11 0
0 35191 12 0
0 35191 13 0
0 35191 14 0
0 35191 15 0
0 35191 0 0
0 44132 1 0
0 44132 2 0
0 44132 3 0
0 44132 4 0
0 44132 5 0
0 44132 6 0
0 24698 7 0
0 24698 8 0
0 24698 9 0
0 24698 10 0
0 24698 11 0
0 24698 12 0
0 26423 13 0
0 26423 14 0
0 26423 15 0
0 26423 0 0
0 26423 1 0
0 26423 2 0
0 38151 3 0
0 38151 4 0
0 38151 5 0
0 38151 6 0
0 38151 7 0
0 38151 8 0
0 33208 9 0
0 33208 10 0
0 33208 11 0
0 33208 12 0
0 33208 13 0
0 33208 14 0
0 33844 15 0
0 33844 0 0
0 33844 1 0
0 33844 2 0
0 33844 3 0
0 33844 4 0
0 59220 5 0
0 59220 6 0
0 59220 7 0
0 59220 8 0
0 59220 9 0
0 59220 10 0
0 48114 11 0
0 48114 12 0
0 48114 13 0
0 48114 14 0
0 48114 15 0
0 48114 0 0
0 39490 1 0
0 39490 2 0
0 39490 3 0
0 39490 4 0
0 39490 5 0
0 39490 6 0
0 22978 7 0
0 22978 8 0
0 22978 9 0
0 22978 10 0
0 22978 11 0
0 22978 12 0
0 13971 13 0
0 13971 14 0
0 13971 15 0
0 13971 0 0
0 13971 1 0
0 13971 2 0
0 15255 3 0
0 15255 4 0
0 15255 5 0
0 15255 6 0
0 15255 7 0
0 15255 8 0
0 56881 9 0
0 56881 10 0
0 56881 11 0
0 56881 12 0
0 56881 13 0
0 56881 14 0
0 42169 15 0
0 42169 0 0
0 42169 1 0
0 42169 2 0
0 42169 3 0
0 42169 4 0
0 34817 5 0
0 34817 6 0
0 34817 7 0
0 34817 8 0
0 34817 9 0
0 34817 10 0
0 55944 11 0
0 55944 12 0
0 55944 13 0
0 55944 14 0
0 55944 15 0
0 55944 0 0
0 62090 1 0
0 62090 2 0
0 62090 3 0
0 62090 4 0
0 62090 5 0
0 62090 6 0
0 53848 7 0
0 53848 8 0
0 53848 9 0
0 53848 10 0
0 53848 11 0
0 53848 12 0
0 41543 13 0
0 41543 14 0
0 41543 15 0
0 41543 0 0
0 41543 1 0
0 41543 2 0
0 3092 3 0
0 3092 4 0
0 3092 5 0
0 3092 6 0
0 3092 7 0
0 3092 8 0
0 47863 9 0
0 47863 10 0
0 47863 11 0
0 47863 12 0
0 47863 13 0
0 47863 14 0
0 64319 15 0
0 64319 0 0
0 64319 1 0
0 64319 2 0
0 64319 3 0
0 64319 4 0
0 37886 5 0
0 37886 6 0
0 37886 7 0
0 37886 8 0
0 37886 9 0
0 37886 10 0
0 49072 11 0
0 49072 12 0
0 49072 13 0
0 49072 14 0
0 49072 15 0
0 49072 0 0
0 51444 1 0
0 51444 2 0
0 51444 3 0
0 51444 4 0
0 51444 5 0
0 51444 6 0
0 44289 7 0
0 44289 8 0
0 44289 9 0
0 44289 10 0
0 44289 11 0
0 44289 12 0
0 59394 13 0
0 59394 14 0
0 59394 15 0
0 59394 0 0
0 59394 1 0
0 59394 2 0
0 22366 3 0
0 22366 4 0
0 22366 5 0
0 22366 6 0
0 22366 7 0
0 22366 8 0
0 41095 9 0
0 41095 10 0
0 41095 11 0
0 41095 12 0
0 41095 13 0
0 41095 14 0
0 11049 15 0
0 11049 0 0
0 11049 1 0
0 11049 2 0
0 11049 3 0
0 11049 4 0
0 47972 5 0
0 47972 6 0
0 47972 7 0
0 47972 8 0
0 47972 9 0
0 47972 10 0
0 20135 11 0
0 20135 12 0
0 20135 13 0
0 20135 14 0
0 20135 15 0
0 20135 0 0
0 43403 1 0
0 43403 2 0
0 43403 3 0
0 43403 4 0
0 43403 5 0
0 43403 6 0
0 14351 7 0
0 14351 8 0
0 14351 9 0
0 14351 10 0
0 14351 11 0
0 14351 12 0
0 59299 13 0
0 59299 14 0
0 59299 15 0
0 59299 0 0
0 59299 1 0
0 59299 2 0
0 34555 3 0
0 34555 4 0
0 34555 5 0
0 34555 6 0
0 34555 7 0
0 34555 8 0
0 27421 9 0
0 27421 10 0
0 27421 11 0
0 27421 12 0
0 27421 13 0
0 27421 14 0
0 38255 15 0
0 38255 0 0
0 38255 1 0
0 38255 2 0
0 38255 3 0
0 38255 4 0
0 13513 5 0
0 13513 6 0
0 13513 7 0
0 13513 8 0
0 13513 9 0
0 13513 10 0
0 9277 11 0
0 9277 12 0
0 9277 13 0
0 9277 14 0
0 9277 15 0
0 9277 0 0
0 38591 1 0
0 38591 2 0
0 38591 3 0
0 38591 4 0
0 38591 5 0
0 38591 6 0
0 49395 7 0
0 49395 8 0
0 49395 9 0
0 49395 10 0
0 49395 11 0
0 49395 12 0
0 2337 13 0
0 2337 14 0
0 2337 15 0
0 2337 0 0
0 2337 1 0
0 2337 2 0
0 55701 3 0
0 55701 4 0
0 55701 5 0
0 55701 6 0
0 55701 7 0
0 55701 8 0
0 64874 9 0
0 64874 10 0
0 64874 11 0
0 64874 12 0
0 64874 13 0
0 64874 14 0
0 24521 15 0
0 24521 0 0
0 24521 1 0
0 24521 2 0
0 24521 3 0
0 24521 4 0
0 7226 5 0
0 7226 6 0
0 7226 7 0
0 7226 8 0
0 7226 9 0
0 7226 10 0
0 37690 11 0
0 37690 12 0
0 37690 13 0
0 37690 14 0
0 37690 15 0
0 37690 0 0
0 55651 1 0
0 55651 2 0
0 55651 3 0
0 55651 4 0
0 55651 5 0
0 55651 6 0
0 29288 7 0
0 29288 8 0
0 29288 9 0
0 29288 10 0
0 29288 11 0
0 29288 12 0
0 64200 13 0
0 64200 14 0
0 64200 15 0
0 64200 0 0
0 64200 1 0
0 64200 2 0
0 50347 3 0
0 50347 4 0
0 50347 5 0
0 50347 6 0
0 50347 7 0
0 50347 8 0
0 5307 9 0
0 5307 10 0
0 5307 11 0
0 5307 12 0
0 5307 13 0
0 5307 14 0
0 29201 15 0
0 29201 0 0
0 29201 1 0
0 29201 2 0
0 29201 3 0
0 29201 4 0
0 40185 5 0
0 40185 6 0
0 40185 7 0
0 40185 8 0
0 40185 9 0
0 40185 10 0
0 6444 11 0
0 6444 12 0
0 6444 13 0
0 6444 14 0
0 6444 15 0
0 6444 0 0
0 28491 1 0
0 28491 2 0
0 28491 3 0
0 28491 4 0
0 28491 5 0
0 28491 6 0
0 61040 7 0
0 61040 8 0
0 61040 9 0
0 61040 10 0
0 61040 11 0
0 61040 12 0
0 4708 13 0
0 4708 14 0
0 4708 15 0
0 4708 0 0
0 4708 1 0
0 4708 2 0
0 5975 3 0
0 5975 4 0
0 5975 5 0
0 5975 6 0
0 5975 7 0
0 5975 8 0
0 60976 9 0
0 60976 10 0
0 60976 11 0
0 60976 12 0
0 60976 13 0
0 60976 14 0
0 25940 15 0
0 25940 0 0
0 25940 1 0
0 25940 2 0
0 25940 3 0
0 25940 4 0
0 46270 5 0
0 46270 6 0
0 46270 7 0
0 46270 8 0
0 46270 9 0
0 46270 10 0
0 36049 11 0
0 36049 12 0
0 36049 13 0
0 36049 14 0
0 36049 15 0
0 36049 0 0
0 33702 1 0
0 33702 2 0
0 33702 3 0
0 33702 4 0
0 33702 5 0
0 33702 6 0
0 14637 7 0
0 14637 8 0
0 14637 9 0
0 14637 10 0
0 14637 11 0
0 14637 12 0
0 15482 13 0
0 15482 14 0
0 15482 15 0
0 15482 0 0
0 15482 1 0
0 15482 2 0
0 4054 3 0
0 4054 4 0
0 4054 5 0
0 4054 6 0
0 4054 7 0
0 4054 8 0
0 49043 9 0
0 49043 10 0
0 49043 11 0
0 49043 12 0
0 49043 13 0
0 49043 14 0
0 9607 15 0
0 9607 0 0
0 9607 1 0
0 9607 2 0
0 9607 3 0
0 9607 4 0
0 53198 5 0
0 53198 6 0
0 53198 7 0
0 53198 8 0
0 53198 9 0
0 53198 10 0
0 61163 11 0
0 61163 12 0
0 61163 13 0
0 61163 14 0
0 61163 15 0
0 61163 0 0
0 1454 1 0
0 1454 2 0
0 1454 3 0
0 1454 4 0
0 1454 5 0
0 1454 6 0
0 35956 7 0
0 35956 8 0
0 35956 9 0
0 35956 10 0
0 35956 11 0
0 35956 12 0
0 27357 13 0
0 27357 14 0
0 27357 15 0
0 27357 0 0
0 27357 1 0
0 27357 2 0
0 22062 3 0
0 22062 4 0
0 22062 5 0
0 22062 6 0
0 22062 7 0
0 22062 8 0
0 6325 9 0
0 6325 10 0
0 6325 11 0
0 6325 12 0
0 6325 13 0
0 6325 14 0
0 61654 15 0
0 61654 0 0
0 61654 1 0
0 61654 2 0
0 61654 3 0
0 61654 4 0
0 8366 5 0
0 8366 6 0
0 8366 7 0
0 8366 8 0
0 8366 9 0
0 8366 10 0
0 29322 11 0
0 29322 12 0
0 29322 13 0
0 29322 14 0
0 29322 15 0
0 29322 0 0
0 49508 1 0
0 49508 2 0
0 49508 3 0
0 49508 4 0
0 49508 5 0
0 49508 6 0
0 48958 7 0
0 48958 8 0
0 48958 9 0
0 48958 10 0
0 48958 11 0
0 48958 12 0
0 58619 13 0
0 58619 14 0
0 58619 15 0
0 58619 0 0
0 58619 1 0
0 58619 2 0
0 52837 3 0
0 52837 4 0
0 52837 5 0
0 52837 6 0
0 52837 7 0
0 52837 8 0
0 14194 9 0
0 14194 10 0
0 14194 11 0
0 14194 12 0
0 14194 13 0
0 14194 14 0
0 49131 15 0
0 49131 0 0
0 49131 1 0
0 49131 2 0
0 49131 3 0
0 49131 4 0
0 11178 5 0
0 11178 6 0
0 11178 7 0
0 11178 8 0
0 11178 9 0
0 11178 10 0
0 47711 11 0
0 47711 12 0
0 47711 13 0
0 47711 14 0
0 47711 15 0
0 47711 0 0
0 28878 1 0
0 28878 2 0
0 28878 3 0
0 28878 4 0
0 28878 5 0
0 28878 6 0
0 7735 7 0
0 7735 8 0
0 7735 9 0
0 7735 10 0
0 7735 11 0
0 7735 12 0
0 49664 13 0
0 49664 14 0
0 49664 15 0
0 49664 0 0
0 49664 1 0
0 49664 2 0
0 51204 3 0
0 51204 4 0
0 51204 5 0
0 51204 6 0
0 51204 7 0
0 51204 8 0
0 52704 9 0
0 52704 10 0
0 52704 11 0
0 52704 12 0
0 52704 13 0
0 52704 14 0
0 22756 15 0
0 22756 0 0
0 22756 1 0
0 22756 2 0
0 22756 3 0
0 22756 4 0
0 47393 5 0
0 47393 6 0
0 47393 7 0
0 47393 8 0
0 47393 9 0
0 47393 10 0
0 24631 11 0
0 24631 12 0
0 24631 13 0
0 24631 14 0
0 24631 15 0
0 24631 0 0
0 50948 1 0
0 50948 2 0
0 50948 3 0
0 50948 4 0
0 50948 5 0
0 50948 6 0
0 64309 7 0
0 64309 8 0
0 64309 9 0
0 64309 10 0
0 64309 11 0
0 64309 12 0
0 53293 13 0
0 53293 14 0
0 53293 15 0
0 53293 0 0
0 53293 1 0
0 53293 2 0
0 57915 3 0
0 57915 4 0
0 57915 5 0
0 57915 6 0
0 57915 7 0
0 57915 8 0
0 32167 9 0
0 32167 10 0
0 32167 11 0
0 32167 12 0
0 32167 13 0
0 32167 14 0
0 18678 15 0
0 18678 0 0
0 18678 1 0
0 18678 2 0
0 18678 3 0
0 18678 4 0
0 56688 5 0
0 56688 6 0
0 56688 7 0
0 56688 8 0
0 56688 9 0
0 56688 10 0
0 6833 11 0
0 6833 12 0
0 6833 13 0
0 6833 14 0
0 6833 15 0
0 6833 0 0
0 52034 1 0
0 52034 2 0
0 52034 3 0
0 52034 4 0
0 52034 5 0
0 52034 6 0
0 46600 7 0
0 46600 8 0
0 46600 9 0
0 46600 10 0
0 46600 11 0
0 46600 12 0
0 23719 13 0
0 23719 14 0
0 23719 15 0
0 23719 0 0
0 23719 1 0
0 23719 2 0
0 28557 3 0
0 28557 4 0
0 28557 5 0
0 28557 6 0
0 28557 7 0
0 28557 8 0
0 48837 9 0
0 48837 10 0
0 48837 11 0
0 48837 12 0
0 48837 13 0
0 48837 14 0
0 13012 15 0
0 13012 0 0
0 13012 1 0
0 13012 2 0
0 13012 3 0
0 13012 4 0
0 40195 5 0
0 40195 6 0
0 40195 7 0
0 40195 8 0
0 40195 9 0
0 40195 10 0
0 53892 11 0
0 53892 12 0
0 53892 13 0
0 53892 14 0
0 53892 15 0
0 53892 0 0
0 11184 1 0
0 11184 2 0
0 11184 3 0
0 11184 4 0
0 11184 5 0
0 11184 6 0
0 40494 7 0
0 40494 8 0
0 40494 9 0
0 40494 10 0
0 40494 11 0
0 40494 12 0
0 4194 13 0
0 4194 14 0
0 4194 15 0
0 4194 0 0
0 4194 1 0
0 4194 2 0
0 25902 3 0
0 25902 4 0
0 25902 5 0
0 25902 6 0
0 25902 7 0
0 25902 8 0
0 55150 9 0
0 55150 10 0
0 55150 11 0
0 55150 12 0
0 55150 13 0
0 55150 14 0
0 7826 15 0
0 7826 0 0
0 7826 1 0
0 7826 2 0
0 7826 3 0
0 7826 4 0
0 60417 5 0
0 60417 6 0
0 60417 7 0
0 60417 8 0
0 60417 9 0
0 60417 10 0
0 51391 11 0
0 51391 12 0
0 51391 13 0
0 51391 14 0
0 51391 15 0
0 51391 0 0
0 46345 1 0
0 46345 2 0
0 46345 3 0
0 46345 4 0
0 46345 5 0
0 46345 6 0
0 4158 7 0
0 4158 8 0
0 4158 9 0
0 4158 10 0
0 4158 11 0
0 4158 12 0
0 25774 13 0
0 25774 14 0
0 25774 15 0
