0 0 0 0
0 0 1 0
0 0 2 0
0 0 3 0
0 0 4 0
0 2429 5 0
0 2429 6 0
0 2429 7 0
0 2429 8 0
0 2429 9 0
0 2429 10 0
0 17697 11 0
0 17697 12 0
0 17697 13 0
0 17697 14 0
0 17697 15 0
0 17697 0 0
0 49667 1 0
0 49667 2 0
0 49667 3 0
0 49667 4 0
0 49667 5 0
0 49667 6 0
0 28233 7 0
0 28233 8 0
0 28233 9 0
0 28233 10 0
0 28233 11 0
0 28233 12 0
0 58009 13 0
0 58009 14 0
0 58009 15 0
0 58009 0 0
0 58009 1 0
0 58009 2 0
0 19494 3 0
0 19494 4 0
0 19494 5 0
0 19494 6 0
0 19494 7 0
0 19494 8 0
0 42350 9 0
0 42350 10 0
0 42350 11 0
0 42350 12 0
0 42350 13 0
0 42350 14 0
0 37678 15 0
0 37678 0 0
0 37678 1 0
0 37678 2 0
0 37678 3 0
0 37678 4 0
0 39869 5 0
0 39869 6 0
0 39869 7 0
0 39869 8 0
0 39869 9 0
0 39869 10 0
0 5969 11 0
0 5969 12 0
0 5969 13 0
0 5969 14 0
0 5969 15 0
0 5969 0 0
0 2102 1 0
0 2102 2 0
0 2102 3 0
0 2102 4 0
0 2102 5 0
0 2102 6 0
0 10151 7 0
0 10151 8 0
0 10151 9 0
0 10151 10 0
0 10151 11 0
0 10151 12 0
0 30113 13 0
0 30113 14 0
0 30113 15 0
0 30113 0 0
0 30113 1 0
0 30113 2 0
0 13078 3 0
0 13078 4 0
0 13078 5 0
0 13078 6 0
0 13078 7 0
0 13078 8 0
0 56194 9 0
0 56194 10 0
0 56194 11 0
0 56194 12 0
0 56194 13 0
0 56194 14 0
0 8071 15 0
0 8071 0 0
0 8071 1 0
0 8071 2 0
0 8071 3 0
0 8071 4 0
0 44024 5 0
0 44024 6 0
0 44024 7 0
0 44024 8 0
0 44024 9 0
0 44024 10 0
0 14084 11 0
0 14084 12 0
0 14084 13 0
0 14084 14 0
0 14084 15 0
0 14084 0 0
0 44452 1 0
0 44452 2 0
0 44452 3 0
0 44452 4 0
0 44452 5 0
0 44452 6 0
0 36474 7 0
0 36474 8 0
0 36474 9 0
0 36474 10 0
0 36474 11 0
0 36474 12 0
0 43622 13 0
0 43622 14 0
0 43622 15 0
0 43622 0 0
0 43622 1 0
0 43622 2 0
0 61186 3 0
0 61186 4 0
0 61186 5 0
0 61186 6 0
0 61186 7 0
0 61186 8 0
0 2931 9 0
0 2931 10 0
0 2931 11 0
0 2931 12 0
0 2931 13 0
0 2931 14 0
0 33478 15 0
0 33478 0 0
0 33478 1 0
0 33478 2 0
0 33478 3 0
0 33478 4 0
0 43741 5 0
0 43741 6 0
0 43741 7 0
0 43741 8 0
0 43741 9 0
0 43741 10 0
0 42947 11 0
0 42947 12 0
0 42947 13 0
0 42947 14 0
0 42947 15 0
0 42947 0 0
0 44630 1 0
0 44630 2 0
0 44630 3 0
0 44630 4 0
0 44630 5 0
0 44630 6 0
0 11314 7 0
0 11314 8 0
0 11314 9 0
0 11314 10 0
0 11314 11 0
0 11314 12 0
0 17376 13 0
0 17376 14 0
0 17376 15 0
0 17376 0 0
0 17376 1 0
0 17376 2 0
0 19751 3 0
0 19751 4 0
0 19751 5 0
0 19751 6 0
0 19751 7 0
0 19751 8 0
0 36644 9 0
0 36644 10 0
0 36644 11 0
0 36644 12 0
0 36644 13 0
0 36644 14 0
0 41185 15 0
0 41185 0 0
0 41185 1 0
0 41185 2 0
0 41185 3 0
0 41185 4 0
0 17364 5 0
0 17364 6 0
0 17364 7 0
0 17364 8 0
0 17364 9 0
0 17364 10 0
0 55126 11 0
0 55126 12 0
0 55126 13 0
0 55126 14 0
0 55126 15 0
0 55126 0 0
0 41431 1 0
0 41431 2 0
0 41431 3 0
0 41431 4 0
0 41431 5 0
0 41431 6 0
0 13335 7 0
0 13335 8 0
0 13335 9 0
0 13335 10 0
0 13335 11 0
0 13335 12 0
0 60400 13 0
0 60400 14 0
0 60400 15 0
0 60400 0 0
0 60400 1 0
0 60400 2 0
0 49304 3 0
0 49304 4 0
0 49304 5 0
0 49304 6 0
0 49304 7 0
0 49304 8 0
0 20019 9 0
0 20019 10 0
0 20019 11 0
0 20019 12 0
0 20019 13 0
0 20019 14 0
0 48612 15 0
0 48612 0 0
0 48612 1 0
0 48612 2 0
0 48612 3 0
0 48612 4 0
0 25841 5 0
0 25841 6 0
0 25841 7 0
0 25841 8 0
0 25841 9 0
0 25841 10 0
0 64680 11 0
0 64680 12 0
0 64680 13 0
0 64680 14 0
0 64680 15 0
0 64680 0 0
0 51201 1 0
0 51201 2 0
0 51201 3 0
0 51201 4 0
0 51201 5 0
0 51201 6 0
0 27338 7 0
0 27338 8 0
0 27338 9 0
0 27338 10 0
0 27338 11 0
0 27338 12 0
0 22183 13 0
0 22183 14 0
0 22183 15 0
0 22183 0 0
0 22183 1 0
0 22183 2 0
0 43128 3 0
0 43128 4 0
0 43128 5 0
0 43128 6 0
0 43128 7 0
0 43128 8 0
0 64757 9 0
0 64757 10 0
0 64757 11 0
0 64757 12 0
0 64757 13 0
0 64757 14 0
0 40635 15 0
0 40635 0 0
0 40635 1 0
0 40635 2 0
0 40635 3 0
0 40635 4 0
0 11745 5 0
0 11745 6 0
0 11745 7 0
0 11745 8 0
0 11745 9 0
0 11745 10 0
0 24482 11 0
0 24482 12 0
0 24482 13 0
0 24482 14 0
0 24482 15 0
0 24482 0 0
0 31350 1 0
0 31350 2 0
0 31350 3 0
0 31350 4 0
0 31350 5 0
0 31350 6 0
0 41924 7 0
0 41924 8 0
0 41924 9 0
0 41924 10 0
0 41924 11 0
0 41924 12 0
0 29426 13 0
0 29426 14 0
0 29426 15 0
0 29426 0 0
0 29426 1 0
0 29426 2 0
0 1744 3 0
0 1744 4 0
0 1744 5 0
0 1744 6 0
0 1744 7 0
0 1744 8 0
0 31142 9 0
0 31142 10 0
0 31142 11 0
0 31142 12 0
0 31142 13 0
0 31142 14 0
0 14419 15 0
0 14419 0 0
0 14419 1 0
0 14419 2 0
0 14419 3 0
0 14419 4 0
0 13073 5 0
0 13073 6 0
0 13073 7 0
0 13073 8 0
0 13073 9 0
0 13073 10 0
0 1357 11 0
0 1357 12 0
0 1357 13 0
0 1357 14 0
0 1357 15 0
0 1357 0 0
0 42863 1 0
0 42863 2 0
0 42863 3 0
0 42863 4 0
0 42863 5 0
0 42863 6 0
0 61599 7 0
0 61599 8 0
0 61599 9 0
0 61599 10 0
0 61599 11 0
0 61599 12 0
0 2471 13 0
0 2471 14 0
0 2471 15 0
0 2471 0 0
0 2471 1 0
0 2471 2 0
0 18535 3 0
0 18535 4 0
0 18535 5 0
0 18535 6 0
0 18535 7 0
0 18535 8 0
0 21771 9 0
0 21771 10 0
0 21771 11 0
0 21771 12 0
0 21771 13 0
0 21771 14 0
0 65124 15 0
0 65124 0 0
0 65124 1 0
0 65124 2 0
0 65124 3 0
0 65124 4 0
0 16333 5 0
0 16333 6 0
0 16333 7 0
0 16333 8 0
0 16333 9 0
0 16333 10 0
0 43783 11 0
0 43783 12 0
0 43783 13 0
0 43783 14 0
0 43783 15 0
0 43783 0 0
0 9651 1 0
0 9651 2 0
0 9651 3 0
0 9651 4 0
0 9651 5 0
0 9651 6 0
0 36416 7 0
0 36416 8 0
0 36416 9 0
0 36416 10 0
0 36416 11 0
0 36416 12 0
0 30314 13 0
0 30314 14 0
0 30314 15 0
0 30314 0 0
0 30314 1 0
0 30314 2 0
0 7462 3 0
0 7462 4 0
0 7462 5 0
0 7462 6 0
0 7462 7 0
0 7462 8 0
0 4780 9 0
0 4780 10 0
0 4780 11 0
0 4780 12 0
0 4780 13 0
0 4780 14 0
0 23085 15 0
0 23085 0 0
0 23085 1 0
0 23085 2 0
0 23085 3 0
0 23085 4 0
0 8322 5 0
0 8322 6 0
0 8322 7 0
0 8322 8 0
0 8322 9 0
0 8322 10 0
0 26790 11 0
0 26790 12 0
0 26790 13 0
0 26790 14 0
0 26790 15 0
0 26790 0 0
0 64463 1 0
0 64463 2 0
0 64463 3 0
0 64463 4 0
0 64463 5 0
0 64463 6 0
0 20879 7 0
0 20879 8 0
0 20879 9 0
0 20879 10 0
0 20879 11 0
0 20879 12 0
0 20800 13 0
0 20800 14 0
0 20800 15 0
0 20800 0 0
0 20800 1 0
0 20800 2 0
0 13119 3 0
0 13119 4 0
0 13119 5 0
0 13119 6 0
0 13119 7 0
0 13119 8 0
0 16489 9 0
0 16489 10 0
0 16489 11 0
0 16489 12 0
0 16489 13 0
0 16489 14 0
0 14230 15 0
0 14230 0 0
0 14230 1 0
0 14230 2 0
0 14230 3 0
0 14230 4 0
0 3310 5 0
0 3310 6 0
0 3310 7 0
0 3310 8 0
0 3310 9 0
0 3310 10 0
0 36904 11 0
0 36904 12 0
0 36904 13 0
0 36904 14 0
0 36904 15 0
0 36904 0 0
0 39099 1 0
0 39099 2 0
0 39099 3 0
0 39099 4 0
0 39099 5 0
0 39099 6 0
0 28657 7 0
0 28657 8 0
0 28657 9 0
0 28657 10 0
0 28657 11 0
0 28657 12 0
0 26345 13 0
0 26345 14 0
0 26345 15 0
0 26345 0 0
0 26345 1 0
0 26345 2 0
0 16138 3 0
0 16138 4 0
0 16138 5 0
0 16138 6 0
0 16138 7 0
0 16138 8 0
0 16517 9 0
0 16517 10 0
0 16517 11 0
0 16517 12 0
0 16517 13 0
0 16517 14 0
0 41581 15 0
0 41581 0 0
0 41581 1 0
0 41581 2 0
0 41581 3 0
0 41581 4 0
0 12020 5 0
0 12020 6 0
0 12020 7 0
0 12020 8 0
0 12020 9 0
0 12020 10 0
0 15591 11 0
0 15591 12 0
0 15591 13 0
0 15591 14 0
0 15591 15 0
0 15591 0 0
0 53696 1 0
0 53696 2 0
0 53696 3 0
0 53696 4 0
0 53696 5 0
0 53696 6 0
0 8861 7 0
0 8861 8 0
0 8861 9 0
0 8861 10 0
0 8861 11 0
0 8861 12 0
0 20960 13 0
0 20960 14 0
0 20960 15 0
0 20960 0 0
0 20960 1 0
0 20960 2 0
0 21621 3 0
0 21621 4 0
0 21621 5 0
0 21621 6 0
0 21621 7 0
0 21621 8 0
0 9594 9 0
0 9594 10 0
0 9594 11 0
0 9594 12 0
0 9594 13 0
0 9594 14 0
0 32340 15 0
0 32340 0 0
0 32340 1 0
0 32340 2 0
0 32340 3 0
0 32340 4 0
0 19626 5 0
0 19626 6 0
0 19626 7 0
0 19626 8 0
0 19626 9 0
0 19626 10 0
0 23882 11 0
0 23882 12 0
0 23882 13 0
0 23882 14 0
0 23882 15 0
0 23882 0 0
0 38608 1 0
0 38608 2 0
0 38608 3 0
0 38608 4 0
0 38608 5 0
0 38608 6 0
0 45768 7 0
0 45768 8 0
0 45768 9 0
0 45768 10 0
0 45768 11 0
0 45768 12 0
0 26043 13 0
0 26043 14 0
0 26043 15 0
0 26043 0 0
0 26043 1 0
0 26043 2 0
0 3855 3 0
0 3855 4 0
0 3855 5 0
0 3855 6 0
0 3855 7 0
0 3855 8 0
0 41897 9 0
0 41897 10 0
0 41897 11 0
0 41897 12 0
0 41897 13 0
0 41897 14 0
0 57233 15 0
0 57233 0 0
0 57233 1 0
0 57233 2 0
0 57233 3 0
0 57233 4 0
0 36366 5 0
0 36366 6 0
0 36366 7 0
0 36366 8 0
0 36366 9 0
0 36366 10 0
0 38861 11 0
0 38861 12 0
0 38861 13 0
0 38861 14 0
0 38861 15 0
0 38861 0 0
0 65025 1 0
0 65025 2 0
0 65025 3 0
0 65025 4 0
0 65025 5 0
0 65025 6 0
0 60185 7 0
0 60185 8 0
0 60185 9 0
0 60185 10 0
0 60185 11 0
0 60185 12 0
0 59334 13 0
0 59334 14 0
0 59334 15 0
0 59334 0 0
0 59334 1 0
0 59334 2 0
0 50728 3 0
0 50728 4 0
0 50728 5 0
0 50728 6 0
0 50728 7 0
0 50728 8 0
0 8869 9 0
0 8869 10 0
0 8869 11 0
0 8869 12 0
0 8869 13 0
0 8869 14 0
0 10910 15 0
0 10910 0 0
0 10910 1 0
0 10910 2 0
0 10910 3 0
0 10910 4 0
0 18334 5 0
0 18334 6 0
0 18334 7 0
0 18334 8 0
0 18334 9 0
0 18334 10 0
0 15048 11 0
0 15048 12 0
0 15048 13 0
0 15048 14 0
0 15048 15 0
0 15048 0 0
0 30789 1 0
0 30789 2 0
0 30789 3 0
0 30789 4 0
0 30789 5 0
0 30789 6 0
0 7124 7 0
0 7124 8 0
0 7124 9 0
0 7124 10 0
0 7124 11 0
0 7124 12 0
0 14725 13 0
0 14725 14 0
0 14725 15 0
0 14725 0 0
0 14725 1 0
0 14725 2 0
0 11904 3 0
0 11904 4 0
0 11904 5 0
0 11904 6 0
0 11904 7 0
0 11904 8 0
0 54810 9 0
0 54810 10 0
0 54810 11 0
0 54810 12 0
0 54810 13 0
0 54810 14 0
0 48247 15 0
0 48247 0 0
0 48247 1 0
0 48247 2 0
0 48247 3 0
0 48247 4 0
0 13595 5 0
0 13595 6 0
0 13595 7 0
0 13595 8 0
0 13595 9 0
0 13595 10 0
0 46111 11 0
0 46111 12 0
0 46111 13 0
0 46111 14 0
0 46111 15 0
0 46111 0 0
0 62489 1 0
0 62489 2 0
0 62489 3 0
0 62489 4 0
0 62489 5 0
0 62489 6 0
0 50166 7 0
0 50166 8 0
0 50166 9 0
0 50166 10 0
0 50166 11 0
0 50166 12 0
0 61955 13 0
0 61955 14 0
0 61955 15 0
0 61955 0 0
0 61955 1 0
0 61955 2 0
0 27312 3 0
0 27312 4 0
0 27312 5 0
0 27312 6 0
0 27312 7 0
0 27312 8 0
0 4799 9 0
0 4799 10 0
0 4799 11 0
0 4799 12 0
0 4799 13 0
0 4799 14 0
0 51575 15 0
0 51575 0 0
0 51575 1 0
0 51575 2 0
0 51575 3 0
0 51575 4 0
0 59381 5 0
0 59381 6 0
0 59381 7 0
0 59381 8 0
0 59381 9 0
0 59381 10 0
0 27659 11 0
0 27659 12 0
0 27659 13 0
0 27659 14 0
0 27659 15 0
0 27659 0 0
0 39634 1 0
0 39634 2 0
0 39634 3 0
0 39634 4 0
0 39634 5 0
0 39634 6 0
0 64763 7 0
0 64763 8 0
0 64763 9 0
0 64763 10 0
0 64763 11 0
0 64763 12 0
0 60872 13 0
0 60872 14 0
0 60872 15 0
0 60872 0 0
0 60872 1 0
0 60872 2 0
0 48290 3 0
0 48290 4 0
0 48290 5 0
0 48290 6 0
0 48290 7 0
0 48290 8 0
0 4607 9 0
0 4607 10 0
0 4607 11 0
0 4607 12 0
0 4607 13 0
0 4607 14 0
0 51152 15 0
0 51152 0 0
0 51152 1 0
0 51152 2 0
0 51152 3 0
0 51152 4 0
0 29114 5 0
0 29114 6 0
0 29114 7 0
0 29114 8 0
0 29114 9 0
0 29114 10 0
0 2432 11 0
0 2432 12 0
0 2432 13 0
0 2432 14 0
0 2432 15 0
0 2432 0 0
0 36731 1 0
0 36731 2 0
0 36731 3 0
0 36731 4 0
0 36731 5 0
0 36731 6 0
0 22058 7 0
0 22058 8 0
0 22058 9 0
0 22058 10 0
0 22058 11 0
0 22058 12 0
0 49639 13 0
0 49639 14 0
0 49639 15 0
0 49639 0 0
0 49639 1 0
0 49639 2 0
0 55467 3 0
0 55467 4 0
0 55467 5 0
0 55467 6 0
0 55467 7 0
0 55467 8 0
0 46655 9 0
0 46655 10 0
0 46655 11 0
0 46655 12 0
0 46655 13 0
0 46655 14 0
0 37387 15 0
0 37387 0 0
0 37387 1 0
0 37387 2 0
0 37387 3 0
0 37387 4 0
0 13771 5 0
0 13771 6 0
0 13771 7 0
0 13771 8 0
0 13771 9 0
0 13771 10 0
0 38778 11 0
0 38778 12 0
0 38778 13 0
0 38778 14 0
0 38778 15 0
0 38778 0 0
0 36424 1 0
0 36424 2 0
0 36424 3 0
0 36424 4 0
0 36424 5 0
0 36424 6 0
0 29156 7 0
0 29156 8 0
0 29156 9 0
0 29156 10 0
0 29156 11 0
0 29156 12 0
0 53983 13 0
0 53983 14 0
0 53983 15 0
0 53983 0 0
0 53983 1 0
0 53983 2 0
0 48016 3 0
0 48016 4 0
0 48016 5 0
0 48016 6 0
0 48016 7 0
0 48016 8 0
0 46186 9 0
0 46186 10 0
0 46186 11 0
0 46186 12 0
0 46186 13 0
0 46186 14 0
0 60924 15 0
0 60924 0 0
0 60924 1 0
0 60924 2 0
0 60924 3 0
0 60924 4 0
0 61500 5 0
0 61500 6 0
0 61500 7 0
0 61500 8 0
0 61500 9 0
0 61500 10 0
0 32495 11 0
0 32495 12 0
0 32495 13 0
0 32495 14 0
0 32495 15 0
0 32495 0 0
0 65442 1 0
0 65442 2 0
0 65442 3 0
0 65442 4 0
0 65442 5 0
0 65442 6 0
0 22536 7 0
0 22536 8 0
0 22536 9 0
0 22536 10 0
0 22536 11 0
0 22536 12 0
0 55648 13 0
0 55648 14 0
0 55648 15 0
0 55648 0 0
0 55648 1 0
0 55648 2 0
0 38357 3 0
0 38357 4 0
0 38357 5 0
0 38357 6 0
0 38357 7 0
0 38357 8 0
0 9967 9 0
0 9967 10 0
0 9967 11 0
0 9967 12 0
0 9967 13 0
0 9967 14 0
0 59918 15 0
0 59918 0 0
0 59918 1 0
0 59918 2 0
0 59918 3 0
0 59918 4 0
0 43293 5 0
0 43293 6 0
0 43293 7 0
0 43293 8 0
0 43293 9 0
0 43293 10 0
0 19875 11 0
0 19875 12 0
0 19875 13 0
0 19875 14 0
0 19875 15 0
0 19875 0 0
0 14591 1 0
0 14591 2 0
0 14591 3 0
0 14591 4 0
0 14591 5 0
0 14591 6 0
0 36292 7 0
0 36292 8 0
0 36292 9 0
0 36292 10 0
0 36292 11 0
0 36292 12 0
0 19980 13 0
0 19980 14 0
0 19980 15 0
0 19980 0 0
0 19980 1 0
0 19980 2 0
0 36356 3 0
0 36356 4 0
0 36356 5 0
0 36356 6 0
0 36356 7 0
0 36356 8 0
0 21425 9 0
0 21425 10 0
0 21425 11 0
0 21425 12 0
0 21425 13 0
0 21425 14 0
0 44599 15 0
0 44599 0 0
0 44599 1 0
0 44599 2 0
0 44599 3 0
0 44599 4 0
0 32426 5 0
0 32426 6 0
0 32426 7 0
0 32426 8 0
0 32426 9 0
0 32426 10 0
0 59118 11 0
0 59118 12 0
0 59118 13 0
0 59118 14 0
0 59118 15 0
0 59118 0 0
0 59086 1 0
0 59086 2 0
0 59086 3 0
0 59086 4 0
0 59086 5 0
0 59086 6 0
0 33349 7 0
0 33349 8 0
0 33349 9 0
0 33349 10 0
0 33349 11 0
0 33349 12 0
0 13588 13 0
0 13588 14 0
0 13588 15 0
0 13588 0 0
0 13588 1 0
0 13588 2 0
0 38578 3 0
0 38578 4 0
0 38578 5 0
0 38578 6 0
0 38578 7 0
0 38578 8 0
0 43981 9 0
0 43981 10 0
0 43981 11 0
0 43981 12 0
0 43981 13 0
0 43981 14 0
0 3959 15 0
0 3959 0 0
0 3959 1 0
0 3959 2 0
0 3959 3 0
0 3959 4 0
0 1087 5 0
0 1087 6 0
0 1087 7 0
0 1087 8 0
0 1087 9 0
0 1087 10 0
0 3874 11 0
0 3874 12 0
0 3874 13 0
0 3874 14 0
0 3874 15 0
0 3874 0 0
0 62158 1 0
0 62158 2 0
0 62158 3 0
0 62158 4 0
0 62158 5 0
0 62158 6 0
0 44184 7 0
0 44184 8 0
0 44184 9 0
0 44184 10 0
0 44184 11 0
0 44184 12 0
0 6971 13 0
0 6971 14 0
0 6971 15 0
0 6971 0 0
0 6971 1 0
0 6971 2 0
0 52502 3 0
0 52502 4 0
0 52502 5 0
0 52502 6 0
0 52502 7 0
0 52502 8 0
0 1898 9 0
0 1898 10 0
0 1898 11 0
0 1898 12 0
0 1898 13 0
0 1898 14 0
0 6094 15 0
0 6094 0 0
0 6094 1 0
0 6094 2 0
0 6094 3 0
0 6094 4 0
0 7037 5 0
0 7037 6 0
0 7037 7 0
0 7037 8 0
0 7037 9 0
0 7037 10 0
0 9637 11 0
0 9637 12 0
0 9637 13 0
0 9637 14 0
0 9637 15 0
0 9637 0 0
0 12169 1 0
0 12169 2 0
0 12169 3 0
0 12169 4 0
0 12169 5 0
0 12169 6 0
0 37509 7 0
0 37509 8 0
0 37509 9 0
0 37509 10 0
0 37509 11 0
0 37509 12 0
0 44912 13 0
0 44912 14 0
0 44912 15 0
0 44912 0 0
0 44912 1 0
0 44912 2 0
0 6575 3 0
0 6575 4 0
0 6575 5 0
0 6575 6 0
0 6575 7 0
0 6575 8 0
0 41701 9 0
0 41701 10 0
0 41701 11 0
0 41701 12 0
0 41701 13 0
0 41701 14 0
0 7134 15 0
0 7134 0 0
0 7134 1 0
0 7134 2 0
0 7134 3 0
0 7134 4 0
0 40987 5 0
0 40987 6 0
0 40987 7 0
0 40987 8 0
0 40987 9 0
0 40987 10 0
0 31396 11 0
0 31396 12 0
0 31396 13 0
0 31396 14 0
0 31396 15 0
0 31396 0 0
0 51011 1 0
0 51011 2 0
0 51011 3 0
0 51011 4 0
0 51011 5 0
0 51011 6 0
0 20411 7 0
0 20411 8 0
0 20411 9 0
0 20411 10 0
0 20411 11 0
0 20411 12 0
0 47247 13 0
0 47247 14 0
0 47247 15 0
0 47247 0 0
0 47247 1 0
0 47247 2 0
0 6981 3 0
0 6981 4 0
0 6981 5 0
0 6981 6 0
0 6981 7 0
0 6981 8 0
0 35206 9 0
0 35206 10 0
0 35206 11 0
0 35206 12 0
0 35206 13 0
0 35206 14 0
0 8565 15 0
0 8565 0 0
0 8565 1 0
0 8565 2 0
0 8565 3 0
0 8565 4 0
0 46398 5 0
0 46398 6 0
0 46398 7 0
0 46398 8 0
0 46398 9 0
0 46398 10 0
0 58097 11 0
0 58097 12 0
0 58097 13 0
0 58097 14 0
0 58097 15 0
0 58097 0 0
0 9302 1 0
0 9302 2 0
0 9302 3 0
0 9302 4 0
0 9302 5 0
0 9302 6 0
0 59866 7 0
0 59866 8 0
0 59866 9 0
0 59866 10 0
0 59866 11 0
0 59866 12 0
0 30810 13 0
0 30810 14 0
0 30810 15 0
0 30810 0 0
0 30810 1 0
0 30810 2 0
0 44642 3 0
0 44642 4 0
0 44642 5 0
0 44642 6 0
0 44642 7 0
0 44642 8 0
0 32116 9 0
0 32116 10 0
0 32116 11 0
0 32116 12 0
0 32116 13 0
0 32116 14 0
0 55128 15 0
0 55128 0 0
0 55128 1 0
0 55128 2 0
0 55128 3 0
0 55128 4 0
0 52405 5 0
0 52405 6 0
0 52405 7 0
0 52405 8 0
0 52405 9 0
0 52405 10 0
0 36442 11 0
0 36442 12 0
0 36442 13 0
0 36442 14 0
0 36442 15 0
0 36442 0 0
0 16370 1 0
0 16370 2 0
0 16370 3 0
0 16370 4 0
0 16370 5 0
0 16370 6 0
0 42777 7 0
0 42777 8 0
0 42777 9 0
0 42777 10 0
0 42777 11 0
0 42777 12 0
0 59896 13 0
0 59896 14 0
0 59896 15 0
0 59896 0 0
0 59896 1 0
0 59896 2 0
0 48725 3 0
0 48725 4 0
0 48725 5 0
0 48725 6 0
0 48725 7 0
0 48725 8 0
0 59044 9 0
0 59044 10 0
0 59044 11 0
0 59044 12 0
0 59044 13 0
0 59044 14 0
0 30976 15 0
0 30976 0 0
0 30976 1 0
0 30976 2 0
0 30976 3 0
0 30976 4 0
0 4065 5 0
0 4065 6 0
0 4065 7 0
0 4065 8 0
0 4065 9 0
0 4065 10 0
0 57250 11 0
0 57250 12 0
0 57250 13 0
0 57250 14 0
0 57250 15 0
0 57250 0 0
0 34431 1 0
0 34431 2 0
0 34431 3 0
0 34431 4 0
0 34431 5 0
0 34431 6 0
0 59841 7 0
0 59841 8 0
0 59841 9 0
0 59841 10 0
0 59841 11 0
0 59841 12 0
0 47484 13 0
0 47484 14 0
0 47484 15 0
0 47484 0 0
0 47484 1 0
0 47484 2 0
0 52607 3 0
0 52607 4 0
0 52607 5 0
0 52607 6 0
0 52607 7 0
0 52607 8 0
0 33292 9 0
0 33292 10 0
0 33292 11 0
0 33292 12 0
0 33292 13 0
0 33292 14 0
0 31741 15 0
0 31741 0 0
0 31741 1 0
0 31741 2 0
0 31741 3 0
0 31741 4 0
0 62965 5 0
0 62965 6 0
0 62965 7 0
0 62965 8 0
0 62965 9 0
0 62965 10 0
0 1069 11 0
0 1069 12 0
0 1069 13 0
0 1069 14 0
0 1069 15 0
0 1069 0 0
0 35120 1 0
0 35120 2 0
0 35120 3 0
0 35120 4 0
0 35120 5 0
0 35120 6 0
0 41155 7 0
0 41155 8 0
0 41155 9 0
0 41155 10 0
0 41155 11 0
0 41155 12 0
0 29460 13 0
0 29460 14 0
0 29460 15 0
0 29460 0 0
0 29460 1 0
0 29460 2 0
0 24029 3 0
0 24029 4 0
0 24029 5 0
0 24029 6 0
0 24029 7 0
0 24029 8 0
0 41592 9 0
0 41592 10 0
0 41592 11 0
0 41592 12 0
0 41592 13 0
0 41592 14 0
0 20116 15 0
0 20116 0 0
0 20116 1 0
0 20116 2 0
0 20116 3 0
0 20116 4 0
0 54982 5 0
0 54982 6 0
0 54982 7 0
0 54982 8 0
0 54982 9 0
0 54982 10 0
0 40974 11 0
0 40974 12 0
0 40974 13 0
0 40974 14 0
0 40974 15 0
0 40974 0 0
0 24737 1 0
0 24737 2 0
0 24737 3 0
0 24737 4 0
0 24737 5 0
0 24737 6 0
0 8545 7 0
0 8545 8 0
0 8545 9 0
0 8545 10 0
0 8545 11 0
0 8545 12 0
0 58105 13 0
0 58105 14 0
0 58105 15 0
0 58105 0 0
0 58105 1 0
0 58105 2 0
0 65239 3 0
0 65239 4 0
0 65239 5 0
0 65239 6 0
0 65239 7 0
0 65239 8 0
0 54109 9 0
0 54109 10 0
0 54109 11 0
0 54109 12 0
0 54109 13 0
0 54109 14 0
0 62687 15 0
0 62687 0 0
0 62687 1 0
0 62687 2 0
0 62687 3 0
0 62687 4 0
0 6645 5 0
0 6645 6 0
0 6645 7 0
0 6645 8 0
0 6645 9 0
0 6645 10 0
0 35700 11 0
0 35700 12 0
0 35700 13 0
0 35700 14 0
0 35700 15 0
0 35700 0 0
0 27268 1 0
0 27268 2 0
0 27268 3 0
0 27268 4 0
0 27268 5 0
0 27268 6 0
0 871 7 0
0 871 8 0
0 871 9 0
0 871 10 0
0 871 11 0
0 871 12 0
0 4673 13 0
0 4673 14 0
0 4673 15 0
0 4673 0 0
0 4673 1 0
0 4673 2 0
0 40103 3 0
0 40103 4 0
0 40103 5 0
0 40103 6 0
0 40103 7 0
0 40103 8 0
0 20831 9 0
0 20831 10 0
0 20831 11 0
0 20831 12 0
0 20831 13 0
0 20831 14 0
0 39447 15 0
0 39447 0 0
0 39447 1 0
0 39447 2 0
0 39447 3 0
0 39447 4 0
0 16818 5 0
0 16818 6 0
0 16818 7 0
0 16818 8 0
0 16818 9 0
0 16818 10 0
0 19997 11 0
0 19997 12 0
0 19997 13 0
0 19997 14 0
0 19997 15 0
0 19997 0 0
0 63210 1 0
0 63210 2 0
0 63210 3 0
0 63210 4 0
0 63210 5 0
0 63210 6 0
0 46149 7 0
0 46149 8 0
0 46149 9 0
0 46149 10 0
0 46149 11 0
0 46149 12 0
0 28406 13 0
0 28406 14 0
0 28406 15 0
0 28406 0 0
0 28406 1 0
0 28406 2 0
0 3191 3 0
0 3191 4 0
0 3191 5 0
0 3191 6 0
0 3191 7 0
0 3191 8 0
0 17394 9 0
0 17394 10 0
0 17394 11 0
0 17394 12 0
0 17394 13 0
0 17394 14 0
0 62793 15 0
0 62793 0 0
0 62793 1 0
0 62793 2 0
0 62793 3 0
0 62793 4 0
0 181 5 0
0 181 6 0
0 181 7 0
0 181 8 0
0 181 9 0
0 181 10 0
0 78 11 0
0 78 12 0
0 78 13 0
0 78 14 0
0 78 15 0
0 78 0 0
0 30776 1 0
0 30776 2 0
0 30776 3 0
0 30776 4 0
0 30776 5 0
0 30776 6 0
0 4771 7 0
0 4771 8 0
0 4771 9 0
0 4771 10 0
0 4771 11 0
0 4771 12 0
0 56745 13 0
0 56745 14 0
0 56745 15 0
0 56745 0 0
0 56745 1 0
0 56745 2 0
0 8503 3 0
0 8503 4 0
0 8503 5 0
0 8503 6 0
0 8503 7 0
0 8503 8 0
0 43178 9 0
0 43178 10 0
0 43178 11 0
0 43178 12 0
0 43178 13 0
0 43178 14 0
0 51094 15 0
0 51094 0 0
0 51094 1 0
0 51094 2 0
0 51094 3 0
0 51094 4 0
0 8544 5 0
0 8544 6 0
0 8544 7 0
0 8544 8 0
0 8544 9 0
0 8544 10 0
0 41451 11 0
0 41451 12 0
0 41451 13 0
0 41451 14 0
0 41451 15 0
0 41451 0 0
0 20008 1 0
0 20008 2 0
0 20008 3 0
0 20008 4 0
0 20008 5 0
0 20008 6 0
0 17432 7 0
0 17432 8 0
0 17432 9 0
0 17432 10 0
0 17432 11 0
0 17432 12 0
0 4253 13 0
0 4253 14 0
0 4253 15 0
0 4253 0 0
0 4253 1 0
0 4253 2 0
0 53393 3 0
0 53393 4 0
0 53393 5 0
0 53393 6 0
0 53393 7 0
0 53393 8 0
0 56252 9 0
0 56252 10 0
0 56252 11 0
0 56252 12 0
0 56252 13 0
0 56252 14 0
0 28669 15 0
0 28669 0 0
0 28669 1 0
0 28669 2 0
0 28669 3 0
0 28669 4 0
0 2878 5 0
0 2878 6 0
0 2878 7 0
0 2878 8 0
0 2878 9 0
0 2878 10 0
0 19574 11 0
0 19574 12 0
0 19574 13 0
0 19574 14 0
0 19574 15 0
0 19574 0 0
0 59307 1 0
0 59307 2 0
0 59307 3 0
0 59307 4 0
0 59307 5 0
0 59307 6 0
0 31335 7 0
0 31335 8 0
0 31335 9 0
0 31335 10 0
0 31335 11 0
0 31335 12 0
0 36039 13 0
0 36039 14 0
0 36039 15 0
0 36039 0 0
0 36039 1 0
0 36039 2 0
0 3167 3 0
0 3167 4 0
0 3167 5 0
0 3167 6 0
0 3167 7 0
0 3167 8 0
0 43642 9 0
0 43642 10 0
0 43642 11 0
0 43642 12 0
0 43642 13 0
0 43642 14 0
0 46669 15 0
0 46669 0 0
0 46669 1 0
0 46669 2 0
0 46669 3 0
0 46669 4 0
0 39567 5 0
0 39567 6 0
0 39567 7 0
0 39567 8 0
0 39567 9 0
0 39567 10 0
0 32006 11 0
0 32006 12 0
0 32006 13 0
0 32006 14 0
0 32006 15 0
0 32006 0 0
0 43290 1 0
0 43290 2 0
0 43290 3 0
0 43290 4 0
0 43290 5 0
0 43290 6 0
0 65326 7 0
0 65326 8 0
0 65326 9 0
0 65326 10 0
0 65326 11 0
0 65326 12 0
0 23074 13 0
0 23074 14 0
0 23074 15 0
0 23074 0 0
0 23074 1 0
0 23074 2 0
0 11985 3 0
0 11985 4 0
0 11985 5 0
0 11985 6 0
0 11985 7 0
0 11985 8 0
0 5479 9 0
0 5479 10 0
0 5479 11 0
0 5479 12 0
0 5479 13 0
0 5479 14 0
0 40491 15 0
0 40491 0 0
0 40491 1 0
0 40491 2 0
0 40491 3 0
0 40491 4 0
0 28470 5 0
0 28470 6 0
0 28470 7 0
0 28470 8 0
0 28470 9 0
0 28470 10 0
0 60024 11 0
0 60024 12 0
0 60024 13 0
0 60024 14 0
0 60024 15 0
0 60024 0 0
0 57701 1 0
0 57701 2 0
0 57701 3 0
0 57701 4 0
0 57701 5 0
0 57701 6 0
0 17055 7 0
0 17055 8 0
0 17055 9 0
0 17055 10 0
0 17055 11 0
0 17055 12 0
0 3246 13 0
0 3246 14 0
0 3246 15 0
0 3246 0 0
0 3246 1 0
0 3246 2 0
0 39972 3 0
0 39972 4 0
0 39972 5 0
0 39972 6 0
0 39972 7 0
0 39972 8 0
0 23216 9 0
0 23216 10 0
0 23216 11 0
0 23216 12 0
0 23216 13 0
0 23216 14 0
0 15195 15 0
0 15195 0 0
0 15195 1 0
0 15195 2 0
0 15195 3 0
0 15195 4 0
0 54660 5 0
0 54660 6 0
0 54660 7 0
0 54660 8 0
0 54660 9 0
0 54660 10 0
0 58890 11 0
0 58890 12 0
0 58890 13 0
0 58890 14 0
0 58890 15 0
0 58890 0 0
0 57023 1 0
0 57023 2 0
0 57023 3 0
0 57023 4 0
0 57023 5 0
0 57023 6 0
0 9177 7 0
0 9177 8 0
0 9177 9 0
0 9177 10 0
0 9177 11 0
0 9177 12 0
0 16223 13 0
0 16223 14 0
0 16223 15 0
0 16223 0 0
0 16223 1 0
0 16223 2 0
0 40124 3 0
0 40124 4 0
0 40124 5 0
0 40124 6 0
0 40124 7 0
0 40124 8 0
0 17822 9 0
0 17822 10 0
0 17822 11 0
0 17822 12 0
0 17822 13 0
0 17822 14 0
0 8325 15 0
0 8325 0 0
0 8325 1 0
0 8325 2 0
0 8325 3 0
0 8325 4 0
0 26417 5 0
0 26417 6 0
0 26417 7 0
0 26417 8 0
0 26417 9 0
0 26417 10 0
0 38417 11 0
0 38417 12 0
0 38417 13 0
0 38417 14 0
0 38417 15 0
0 38417 0 0
0 20732 1 0
0 20732 2 0
0 20732 3 0
0 20732 4 0
0 20732 5 0
0 20732 6 0
0 5796 7 0
0 5796 8 0
0 5796 9 0
0 5796 10 0
0 5796 11 0
0 5796 12 0
0 32957 13 0
0 32957 14 0
0 32957 15 0
0 32957 0 0
0 32957 1 0
0 32957 2 0
0 16896 3 0
0 16896 4 0
0 16896 5 0
0 16896 6 0
0 16896 7 0
0 16896 8 0
0 59145 9 0
0 59145 10 0
0 59145 11 0
0 59145 12 0
0 59145 13 0
0 59145 14 0
0 26620 15 0
0 26620 0 0
0 26620 1 0
0 26620 2 0
0 26620 3 0
0 26620 4 0
0 32176 5 0
0 32176 6 0
0 32176 7 0
0 32176 8 0
0 32176 9 0
0 32176 10 0
0 9364 11 0
0 9364 12 0
0 9364 13 0
0 9364 14 0
0 9364 15 0
0 9364 0 0
0 56356 1 0
0 56356 2 0
0 56356 3 0
0 56356 4 0
0 56356 5 0
0 56356 6 0
0 215 7 0
0 215 8 0
0 215 9 0
0 215 10 0
0 215 11 0
0 215 12 0
0 43745 13 0
0 43745 14 0
0 43745 15 0
0 43745 0 0
0 43745 1 0
0 43745 2 0
0 303 3 0
0 303 4 0
0 303 5 0
0 303 6 0
0 303 7 0
0 303 8 0
0 35458 9 0
0 35458 10 0
0 35458 11 0
0 35458 12 0
0 35458 13 0
0 35458 14 0
0 41833 15 0
0 41833 0 0
0 41833 1 0
0 41833 2 0
0 41833 3 0
0 41833 4 0
0 24970 5 0
0 24970 6 0
0 24970 7 0
0 24970 8 0
0 24970 9 0
0 24970 10 0
0 65167 11 0
0 65167 12 0
0 65167 13 0
0 65167 14 0
0 65167 15 0
0 65167 0 0
0 39652 1 0
0 39652 2 0
0 39652 3 0
0 39652 4 0
0 39652 5 0
0 39652 6 0
0 52776 7 0
0 52776 8 0
0 52776 9 0
0 52776 10 0
0 52776 11 0
0 52776 12 0
0 49558 13 0
0 49558 14 0
0 49558 15 0
0 49558 0 0
0 49558 1 0
0 49558 2 0
0 58838 3 0
0 58838 4 0
0 58838 5 0
0 58838 6 0
0 58838 7 0
0 58838 8 0
0 11945 9 0
0 11945 10 0
0 11945 11 0
0 11945 12 0
0 11945 13 0
0 11945 14 0
0 6503 15 0
0 6503 0 0
0 6503 1 0
0 6503 2 0
0 6503 3 0
0 6503 4 0
0 34228 5 0
0 34228 6 0
0 34228 7 0
0 34228 8 0
0 34228 9 0
0 34228 10 0
0 1055 11 0
0 1055 12 0
0 1055 13 0
0 1055 14 0
0 1055 15 0
0 1055 0 0
0 58932 1 0
0 58932 2 0
0 58932 3 0
0 58932 4 0
0 58932 5 0
0 58932 6 0
0 31506 7 0
0 31506 8 0
0 31506 9 0
0 31506 10 0
0 31506 11 0
0 31506 12 0
0 59542 13 0
0 59542 14 0
0 59542 15 0
