0 0 0 0
0 0 1 0
0 0 2 0
0 0 3 0
0 0 4 0
0 7948 5 0
0 7948 6 0
0 7948 7 0
0 7948 8 0
0 7948 9 0
0 7948 10 0
0 10972 11 0
0 10972 12 0
0 10972 13 0
0 10972 14 0
0 10972 15 0
0 10972 0 0
0 25912 1 0
0 25912 2 0
0 25912 3 0
0 25912 4 0
0 25912 5 0
0 25912 6 0
0 122 7 0
0 122 8 0
0 122 9 0
0 122 10 0
0 122 11 0
0 122 12 0
0 10830 13 0
0 10830 14 0
0 10830 15 0
0 10830 0 0
0 10830 1 0
0 10830 2 0
0 54244 3 0
0 54244 4 0
0 54244 5 0
0 54244 6 0
0 54244 7 0
0 54244 8 0
0 35594 9 0
0 35594 10 0
0 35594 11 0
0 35594 12 0
0 35594 13 0
0 35594 14 0
0 27173 15 0
0 27173 0 0
0 27173 1 0
0 27173 2 0
0 27173 3 0
0 27173 4 0
0 15124 5 0
0 15124 6 0
0 15124 7 0
0 15124 8 0
0 15124 9 0
0 15124 10 0
0 44228 11 0
0 44228 12 0
0 44228 13 0
0 44228 14 0
0 44228 15 0
0 44228 0 0
0 30720 1 0
0 30720 2 0
0 30720 3 0
0 30720 4 0
0 30720 5 0
0 30720 6 0
0 43800 7 0
0 43800 8 0
0 43800 9 0
0 43800 10 0
0 43800 11 0
0 43800 12 0
0 62667 13 0
0 62667 14 0
0 62667 15 0
0 62667 0 0
0 62667 1 0
0 62667 2 0
0 51395 3 0
0 51395 4 0
0 51395 5 0
0 51395 6 0
0 51395 7 0
0 51395 8 0
0 25201 9 0
0 25201 10 0
0 25201 11 0
0 25201 12 0
0 25201 13 0
0 25201 14 0
0 30240 15 0
0 30240 0 0
0 30240 1 0
0 30240 2 0
0 30240 3 0
0 30240 4 0
0 51311 5 0
0 51311 6 0
0 51311 7 0
0 51311 8 0
0 51311 9 0
0 51311 10 0
0 9288 11 0
0 9288 12 0
0 9288 13 0
0 9288 14 0
0 9288 15 0
0 9288 0 0
0 63512 1 0
0 63512 2 0
0 63512 3 0
0 63512 4 0
0 63512 5 0
0 63512 6 0
0 63528 7 0
0 63528 8 0
0 63528 9 0
0 63528 10 0
0 63528 11 0
0 63528 12 0
0 2253 13 0
0 2253 14 0
0 2253 15 0
0 2253 0 0
0 2253 1 0
0 2253 2 0
0 57459 3 0
0 57459 4 0
0 57459 5 0
0 57459 6 0
0 57459 7 0
0 57459 8 0
0 25847 9 0
0 25847 10 0
0 25847 11 0
0 25847 12 0
0 25847 13 0
0 25847 14 0
0 227 15 0
0 227 0 0
0 227 1 0
0 227 2 0
0 227 3 0
0 227 4 0
0 25827 5 0
0 25827 6 0
0 25827 7 0
0 25827 8 0
0 25827 9 0
0 25827 10 0
0 29712 11 0
0 29712 12 0
0 29712 13 0
0 29712 14 0
0 29712 15 0
0 29712 0 0
0 40483 1 0
0 40483 2 0
0 40483 3 0
0 40483 4 0
0 40483 5 0
0 40483 6 0
0 21869 7 0
0 21869 8 0
0 21869 9 0
0 21869 10 0
0 21869 11 0
0 21869 12 0
0 12001 13 0
0 12001 14 0
0 12001 15 0
0 12001 0 0
0 12001 1 0
0 12001 2 0
0 63506 3 0
0 63506 4 0
0 63506 5 0
0 63506 6 0
0 63506 7 0
0 63506 8 0
0 51512 9 0
0 51512 10 0
0 51512 11 0
0 51512 12 0
0 51512 13 0
0 51512 14 0
0 51204 15 0
0 51204 0 0
0 51204 1 0
0 51204 2 0
0 51204 3 0
0 51204 4 0
0 22758 5 0
0 22758 6 0
0 22758 7 0
0 22758 8 0
0 22758 9 0
0 22758 10 0
0 3743 11 0
0 3743 12 0
0 3743 13 0
0 3743 14 0
0 3743 15 0
0 3743 0 0
0 8123 1 0
0 8123 2 0
0 8123 3 0
0 8123 4 0
0 8123 5 0
0 8123 6 0
0 10196 7 0
0 10196 8 0
0 10196 9 0
0 10196 10 0
0 10196 11 0
0 10196 12 0
0 12948 13 0
0 12948 14 0
0 12948 15 0
0 12948 0 0
0 12948 1 0
0 12948 2 0
0 64885 3 0
0 64885 4 0
0 64885 5 0
0 64885 6 0
0 64885 7 0
0 64885 8 0
0 12479 9 0
0 12479 10 0
0 12479 11 0
0 12479 12 0
0 12479 13 0
0 12479 14 0
0 9453 15 0
0 9453 0 0
0 9453 1 0
0 9453 2 0
0 9453 3 0
0 9453 4 0
0 26871 5 0
0 26871 6 0
0 26871 7 0
0 26871 8 0
0 26871 9 0
0 26871 10 0
0 51436 11 0
0 51436 12 0
0 51436 13 0
0 51436 14 0
0 51436 15 0
0 51436 0 0
0 42111 1 0
0 42111 2 0
0 42111 3 0
0 42111 4 0
0 42111 5 0
0 42111 6 0
0 35954 7 0
0 35954 8 0
0 35954 9 0
0 35954 10 0
0 35954 11 0
0 35954 12 0
0 7237 13 0
0 7237 14 0
0 7237 15 0
0 7237 0 0
0 7237 1 0
0 7237 2 0
0 62462 3 0
0 62462 4 0
0 62462 5 0
0 62462 6 0
0 62462 7 0
0 62462 8 0
0 42777 9 0
0 42777 10 0
0 42777 11 0
0 42777 12 0
0 42777 13 0
0 42777 14 0
0 12802 15 0
0 12802 0 0
0 12802 1 0
0 12802 2 0
0 12802 3 0
0 12802 4 0
0 44644 5 0
0 44644 6 0
0 44644 7 0
0 44644 8 0
0 44644 9 0
0 44644 10 0
0 34001 11 0
0 34001 12 0
0 34001 13 0
0 34001 14 0
0 34001 15 0
0 34001 0 0
0 2571 1 0
0 2571 2 0
0 2571 3 0
0 2571 4 0
0 2571 5 0
0 2571 6 0
0 35415 7 0
0 35415 8 0
0 35415 9 0
0 35415 10 0
0 35415 11 0
0 35415 12 0
0 7868 13 0
0 7868 14 0
0 7868 15 0
0 7868 0 0
0 7868 1 0
0 7868 2 0
0 4415 3 0
0 4415 4 0
0 4415 5 0
0 4415 6 0
0 4415 7 0
0 4415 8 0
0 52858 9 0
0 52858 10 0
0 52858 11 0
0 52858 12 0
0 52858 13 0
0 52858 14 0
0 45696 15 0
0 45696 0 0
0 45696 1 0
0 45696 2 0
0 45696 3 0
0 45696 4 0
0 713 5 0
0 713 6 0
0 713 7 0
0 713 8 0
0 713 9 0
0 713 10 0
0 61884 11 0
0 61884 12 0
0 61884 13 0
0 61884 14 0
0 61884 15 0
0 61884 0 0
0 45994 1 0
0 45994 2 0
0 45994 3 0
0 45994 4 0
0 45994 5 0
0 45994 6 0
0 24356 7 0
0 24356 8 0
0 24356 9 0
0 24356 10 0
0 24356 11 0
0 24356 12 0
0 32012 13 0
0 32012 14 0
0 32012 15 0
0 32012 0 0
0 32012 1 0
0 32012 2 0
0 24310 3 0
0 24310 4 0
0 24310 5 0
0 24310 6 0
0 24310 7 0
0 24310 8 0
0 21624 9 0
0 21624 10 0
0 21624 11 0
0 21624 12 0
0 21624 13 0
0 21624 14 0
0 36070 15 0
0 36070 0 0
0 36070 1 0
0 36070 2 0
0 36070 3 0
0 36070 4 0
0 57477 5 0
0 57477 6 0
0 57477 7 0
0 57477 8 0
0 57477 9 0
0 57477 10 0
0 60259 11 0
0 60259 12 0
0 60259 13 0
0 60259 14 0
0 60259 15 0
0 60259 0 0
0 18019 1 0
0 18019 2 0
0 18019 3 0
0 18019 4 0
0 18019 5 0
0 18019 6 0
0 28344 7 0
0 28344 8 0
0 28344 9 0
0 28344 10 0
0 28344 11 0
0 28344 12 0
0 35428 13 0
0 35428 14 0
0 35428 15 0
0 35428 0 0
0 35428 1 0
0 35428 2 0
0 24486 3 0
0 24486 4 0
0 24486 5 0
0 24486 6 0
0 24486 7 0
0 24486 8 0
0 16217 9 0
0 16217 10 0
0 16217 11 0
0 16217 12 0
0 16217 13 0
0 16217 14 0
0 29103 15 0
0 29103 0 0
0 29103 1 0
0 29103 2 0
0 29103 3 0
0 29103 4 0
0 18294 5 0
0 18294 6 0
0 18294 7 0
0 18294 8 0
0 18294 9 0
0 18294 10 0
0 10929 11 0
0 10929 12 0
0 10929 13 0
0 10929 14 0
0 10929 15 0
0 10929 0 0
0 35330 1 0
0 35330 2 0
0 35330 3 0
0 35330 4 0
0 35330 5 0
0 35330 6 0
0 58888 7 0
0 58888 8 0
0 58888 9 0
0 58888 10 0
0 58888 11 0
0 58888 12 0
0 61656 13 0
0 61656 14 0
0 61656 15 0
0 61656 0 0
0 61656 1 0
0 61656 2 0
0 45247 3 0
0 45247 4 0
0 45247 5 0
0 45247 6 0
0 45247 7 0
0 45247 8 0
0 1162 9 0
0 1162 10 0
0 1162 11 0
0 1162 12 0
0 1162 13 0
0 1162 14 0
0 18860 15 0
0 18860 0 0
0 18860 1 0
0 18860 2 0
0 18860 3 0
0 18860 4 0
0 25625 5 0
0 25625 6 0
0 25625 7 0
0 25625 8 0
0 25625 9 0
0 25625 10 0
0 45956 11 0
0 45956 12 0
0 45956 13 0
0 45956 14 0
0 45956 15 0
0 45956 0 0
0 32332 1 0
0 32332 2 0
0 32332 3 0
0 32332 4 0
0 32332 5 0
0 32332 6 0
0 5691 7 0
0 5691 8 0
0 5691 9 0
0 5691 10 0
0 5691 11 0
0 5691 12 0
0 2437 13 0
0 2437 14 0
0 2437 15 0
0 2437 0 0
0 2437 1 0
0 2437 2 0
0 33756 3 0
0 33756 4 0
0 33756 5 0
0 33756 6 0
0 33756 7 0
0 33756 8 0
0 24574 9 0
0 24574 10 0
0 24574 11 0
0 24574 12 0
0 24574 13 0
0 24574 14 0
0 4842 15 0
0 4842 0 0
0 4842 1 0
0 4842 2 0
0 4842 3 0
0 4842 4 0
0 57471 5 0
0 57471 6 0
0 57471 7 0
0 57471 8 0
0 57471 9 0
0 57471 10 0
0 34060 11 0
0 34060 12 0
0 34060 13 0
0 34060 14 0
0 34060 15 0
0 34060 0 0
0 46977 1 0
0 46977 2 0
0 46977 3 0
0 46977 4 0
0 46977 5 0
0 46977 6 0
0 13864 7 0
0 13864 8 0
0 13864 9 0
0 13864 10 0
0 13864 11 0
0 13864 12 0
0 49232 13 0
0 49232 14 0
0 49232 15 0
0 49232 0 0
0 49232 1 0
0 49232 2 0
0 35441 3 0
0 35441 4 0
0 35441 5 0
0 35441 6 0
0 35441 7 0
0 35441 8 0
0 42338 9 0
0 42338 10 0
0 42338 11 0
0 42338 12 0
0 42338 13 0
0 42338 14 0
0 52639 15 0
0 52639 0 0
0 52639 1 0
0 52639 2 0
0 52639 3 0
0 52639 4 0
0 44694 5 0
0 44694 6 0
0 44694 7 0
0 44694 8 0
0 44694 9 0
0 44694 10 0
0 49308 11 0
0 49308 12 0
0 49308 13 0
0 49308 14 0
0 49308 15 0
0 49308 0 0
0 46166 1 0
0 46166 2 0
0 46166 3 0
0 46166 4 0
0 46166 5 0
0 46166 6 0
0 41590 7 0
0 41590 8 0
0 41590 9 0
0 41590 10 0
0 41590 11 0
0 41590 12 0
0 25315 13 0
0 25315 14 0
0 25315 15 0
0 25315 0 0
0 25315 1 0
0 25315 2 0
0 39842 3 0
0 39842 4 0
0 39842 5 0
0 39842 6 0
0 39842 7 0
0 39842 8 0
0 64120 9 0
0 64120 10 0
0 64120 11 0
0 64120 12 0
0 64120 13 0
0 64120 14 0
0 25784 15 0
0 25784 0 0
0 25784 1 0
0 25784 2 0
0 25784 3 0
0 25784 4 0
0 6198 5 0
0 6198 6 0
0 6198 7 0
0 6198 8 0
0 6198 9 0
0 6198 10 0
0 5774 11 0
0 5774 12 0
0 5774 13 0
0 5774 14 0
0 5774 15 0
0 5774 0 0
0 36522 1 0
0 36522 2 0
0 36522 3 0
0 36522 4 0
0 36522 5 0
0 36522 6 0
0 46749 7 0
0 46749 8 0
0 46749 9 0
0 46749 10 0
0 46749 11 0
0 46749 12 0
0 20498 13 0
0 20498 14 0
0 20498 15 0
0 20498 0 0
0 20498 1 0
0 20498 2 0
0 62131 3 0
0 62131 4 0
0 62131 5 0
0 62131 6 0
0 62131 7 0
0 62131 8 0
0 39825 9 0
0 39825 10 0
0 39825 11 0
0 39825 12 0
0 39825 13 0
0 39825 14 0
0 50227 15 0
0 50227 0 0
0 50227 1 0
0 50227 2 0
0 50227 3 0
0 50227 4 0
0 32234 5 0
0 32234 6 0
0 32234 7 0
0 32234 8 0
0 32234 9 0
0 32234 10 0
0 3205 11 0
0 3205 12 0
0 3205 13 0
0 3205 14 0
0 3205 15 0
0 3205 0 0
0 19673 1 0
0 19673 2 0
0 19673 3 0
0 19673 4 0
0 19673 5 0
0 19673 6 0
0 35820 7 0
0 35820 8 0
0 35820 9 0
0 35820 10 0
0 35820 11 0
0 35820 12 0
0 22713 13 0
0 22713 14 0
0 22713 15 0
0 22713 0 0
0 22713 1 0
0 22713 2 0
0 53194 3 0
0 53194 4 0
0 53194 5 0
0 53194 6 0
0 53194 7 0
0 53194 8 0
0 39871 9 0
0 39871 10 0
0 39871 11 0
0 39871 12 0
0 39871 13 0
0 39871 14 0
0 34590 15 0
0 34590 0 0
0 34590 1 0
0 34590 2 0
0 34590 3 0
0 34590 4 0
0 2464 5 0
0 2464 6 0
0 2464 7 0
0 2464 8 0
0 2464 9 0
0 2464 10 0
0 45499 11 0
0 45499 12 0
0 45499 13 0
0 45499 14 0
0 45499 15 0
0 45499 0 0
0 14303 1 0
0 14303 2 0
0 14303 3 0
0 14303 4 0
0 14303 5 0
0 14303 6 0
0 48093 7 0
0 48093 8 0
0 48093 9 0
0 48093 10 0
0 48093 11 0
0 48093 12 0
0 45046 13 0
0 45046 14 0
0 45046 15 0
0 45046 0 0
0 45046 1 0
0 45046 2 0
0 42864 3 0
0 42864 4 0
0 42864 5 0
0 42864 6 0
0 42864 7 0
0 42864 8 0
0 29218 9 0
0 29218 10 0
0 29218 11 0
0 29218 12 0
0 29218 13 0
0 29218 14 0
0 31138 15 0
0 31138 0 0
0 31138 1 0
0 31138 2 0
0 31138 3 0
0 31138 4 0
0 33219 5 0
0 33219 6 0
0 33219 7 0
0 33219 8 0
0 33219 9 0
0 33219 10 0
0 2376 11 0
0 2376 12 0
0 2376 13 0
0 2376 14 0
0 2376 15 0
0 2376 0 0
0 21781 1 0
0 21781 2 0
0 21781 3 0
0 21781 4 0
0 21781 5 0
0 21781 6 0
0 41276 7 0
0 41276 8 0
0 41276 9 0
0 41276 10 0
0 41276 11 0
0 41276 12 0
0 27335 13 0
0 27335 14 0
0 27335 15 0
0 27335 0 0
0 27335 1 0
0 27335 2 0
0 34657 3 0
0 34657 4 0
0 34657 5 0
0 34657 6 0
0 34657 7 0
0 34657 8 0
0 45078 9 0
0 45078 10 0
0 45078 11 0
0 45078 12 0
0 45078 13 0
0 45078 14 0
0 32062 15 0
0 32062 0 0
0 32062 1 0
0 32062 2 0
0 32062 3 0
0 32062 4 0
0 51319 5 0
0 51319 6 0
0 51319 7 0
0 51319 8 0
0 51319 9 0
0 51319 10 0
0 45167 11 0
0 45167 12 0
0 45167 13 0
0 45167 14 0
0 45167 15 0
0 45167 0 0
0 49644 1 0
0 49644 2 0
0 49644 3 0
0 49644 4 0
0 49644 5 0
0 49644 6 0
0 42002 7 0
0 42002 8 0
0 42002 9 0
0 42002 10 0
0 42002 11 0
0 42002 12 0
0 43321 13 0
0 43321 14 0
0 43321 15 0
0 43321 0 0
0 43321 1 0
0 43321 2 0
0 57104 3 0
0 57104 4 0
0 57104 5 0
0 57104 6 0
0 57104 7 0
0 57104 8 0
0 53027 9 0
0 53027 10 0
0 53027 11 0
0 53027 12 0
0 53027 13 0
0 53027 14 0
0 38366 15 0
0 38366 0 0
0 38366 1 0
0 38366 2 0
0 38366 3 0
0 38366 4 0
0 30598 5 0
0 30598 6 0
0 30598 7 0
0 30598 8 0
0 30598 9 0
0 30598 10 0
0 13866 11 0
0 13866 12 0
0 13866 13 0
0 13866 14 0
0 13866 15 0
0 13866 0 0
0 36534 1 0
0 36534 2 0
0 36534 3 0
0 36534 4 0
0 36534 5 0
0 36534 6 0
0 11200 7 0
0 11200 8 0
0 11200 9 0
0 11200 10 0
0 11200 11 0
0 11200 12 0
0 44779 13 0
0 44779 14 0
0 44779 15 0
0 44779 0 0
0 44779 1 0
0 44779 2 0
0 60215 3 0
0 60215 4 0
0 60215 5 0
0 60215 6 0
0 60215 7 0
0 60215 8 0
0 19358 9 0
0 19358 10 0
0 19358 11 0
0 19358 12 0
0 19358 13 0
0 19358 14 0
0 63936 15 0
0 63936 0 0
0 63936 1 0
0 63936 2 0
0 63936 3 0
0 63936 4 0
0 10915 5 0
0 10915 6 0
0 10915 7 0
0 10915 8 0
0 10915 9 0
0 10915 10 0
0 33558 11 0
0 33558 12 0
0 33558 13 0
0 33558 14 0
0 33558 15 0
0 33558 0 0
0 27886 1 0
0 27886 2 0
0 27886 3 0
0 27886 4 0
0 27886 5 0
0 27886 6 0
0 21406 7 0
0 21406 8 0
0 21406 9 0
0 21406 10 0
0 21406 11 0
0 21406 12 0
0 15507 13 0
0 15507 14 0
0 15507 15 0
0 15507 0 0
0 15507 1 0
0 15507 2 0
0 35189 3 0
0 35189 4 0
0 35189 5 0
0 35189 6 0
0 35189 7 0
0 35189 8 0
0 42638 9 0
0 42638 10 0
0 42638 11 0
0 42638 12 0
0 42638 13 0
0 42638 14 0
0 2086 15 0
0 2086 0 0
0 2086 1 0
0 2086 2 0
0 2086 3 0
0 2086 4 0
0 44671 5 0
0 44671 6 0
0 44671 7 0
0 44671 8 0
0 44671 9 0
0 44671 10 0
0 78 11 0
0 78 12 0
0 78 13 0
0 78 14 0
0 78 15 0
0 78 0 0
0 20131 1 0
0 20131 2 0
0 20131 3 0
0 20131 4 0
0 20131 5 0
0 20131 6 0
0 47146 7 0
0 47146 8 0
0 47146 9 0
0 47146 10 0
0 47146 11 0
0 47146 12 0
0 63043 13 0
0 63043 14 0
0 63043 15 0
0 63043 0 0
0 63043 1 0
0 63043 2 0
0 13386 3 0
0 13386 4 0
0 13386 5 0
0 13386 6 0
0 13386 7 0
0 13386 8 0
0 31872 9 0
0 31872 10 0
0 31872 11 0
0 31872 12 0
0 31872 13 0
0 31872 14 0
0 50765 15 0
0 50765 0 0
0 50765 1 0
0 50765 2 0
0 50765 3 0
0 50765 4 0
0 30259 5 0
0 30259 6 0
0 30259 7 0
0 30259 8 0
0 30259 9 0
0 30259 10 0
0 34666 11 0
0 34666 12 0
0 34666 13 0
0 34666 14 0
0 34666 15 0
0 34666 0 0
0 6673 1 0
0 6673 2 0
0 6673 3 0
0 6673 4 0
0 6673 5 0
0 6673 6 0
0 756 7 0
0 756 8 0
0 756 9 0
0 756 10 0
0 756 11 0
0 756 12 0
0 45274 13 0
0 45274 14 0
0 45274 15 0
0 45274 0 0
0 45274 1 0
0 45274 2 0
0 35199 3 0
0 35199 4 0
0 35199 5 0
0 35199 6 0
0 35199 7 0
0 35199 8 0
0 41917 9 0
0 41917 10 0
0 41917 11 0
0 41917 12 0
0 41917 13 0
0 41917 14 0
0 4042 15 0
0 4042 0 0
0 4042 1 0
0 4042 2 0
0 4042 3 0
0 4042 4 0
0 234 5 0
0 234 6 0
0 234 7 0
0 234 8 0
0 234 9 0
0 234 10 0
0 50841 11 0
0 50841 12 0
0 50841 13 0
0 50841 14 0
0 50841 15 0
0 50841 0 0
0 31500 1 0
0 31500 2 0
0 31500 3 0
0 31500 4 0
0 31500 5 0
0 31500 6 0
0 60376 7 0
0 60376 8 0
0 60376 9 0
0 60376 10 0
0 60376 11 0
0 60376 12 0
0 63485 13 0
0 63485 14 0
0 63485 15 0
0 63485 0 0
0 63485 1 0
0 63485 2 0
0 38261 3 0
0 38261 4 0
0 38261 5 0
0 38261 6 0
0 38261 7 0
0 38261 8 0
0 16612 9 0
0 16612 10 0
0 16612 11 0
0 16612 12 0
0 16612 13 0
0 16612 14 0
0 50555 15 0
0 50555 0 0
0 50555 1 0
0 50555 2 0
0 50555 3 0
0 50555 4 0
0 3566 5 0
0 3566 6 0
0 3566 7 0
0 3566 8 0
0 3566 9 0
0 3566 10 0
0 28533 11 0
0 28533 12 0
0 28533 13 0
0 28533 14 0
0 28533 15 0
0 28533 0 0
0 29843 1 0
0 29843 2 0
0 29843 3 0
0 29843 4 0
0 29843 5 0
0 29843 6 0
0 55402 7 0
0 55402 8 0
0 55402 9 0
0 55402 10 0
0 55402 11 0
0 55402 12 0
0 8453 13 0
0 8453 14 0
0 8453 15 0
0 8453 0 0
0 8453 1 0
0 8453 2 0
0 12163 3 0
0 12163 4 0
0 12163 5 0
0 12163 6 0
0 12163 7 0
0 12163 8 0
0 40740 9 0
0 40740 10 0
0 40740 11 0
0 40740 12 0
0 40740 13 0
0 40740 14 0
0 9416 15 0
0 9416 0 0
0 9416 1 0
0 9416 2 0
0 9416 3 0
0 9416 4 0
0 44274 5 0
0 44274 6 0
0 44274 7 0
0 44274 8 0
0 44274 9 0
0 44274 10 0
0 17369 11 0
0 17369 12 0
0 17369 13 0
0 17369 14 0
0 17369 15 0
0 17369 0 0
0 56267 1 0
0 56267 2 0
0 56267 3 0
0 56267 4 0
0 56267 5 0
0 56267 6 0
0 15081 7 0
0 15081 8 0
0 15081 9 0
0 15081 10 0
0 15081 11 0
0 15081 12 0
0 14772 13 0
0 14772 14 0
0 14772 15 0
0 14772 0 0
0 14772 1 0
0 14772 2 0
0 27832 3 0
0 27832 4 0
0 27832 5 0
0 27832 6 0
0 27832 7 0
0 27832 8 0
0 13429 9 0
0 13429 10 0
0 13429 11 0
0 13429 12 0
0 13429 13 0
0 13429 14 0
0 22834 15 0
0 22834 0 0
0 22834 1 0
0 22834 2 0
0 22834 3 0
0 22834 4 0
0 25318 5 0
0 25318 6 0
0 25318 7 0
0 25318 8 0
0 25318 9 0
0 25318 10 0
0 26281 11 0
0 26281 12 0
0 26281 13 0
0 26281 14 0
0 26281 15 0
0 26281 0 0
0 48275 1 0
0 48275 2 0
0 48275 3 0
0 48275 4 0
0 48275 5 0
0 48275 6 0
0 10262 7 0
0 10262 8 0
0 10262 9 0
0 10262 10 0
0 10262 11 0
0 10262 12 0
0 32720 13 0
0 32720 14 0
0 32720 15 0
0 32720 0 0
0 32720 1 0
0 32720 2 0
0 35952 3 0
0 35952 4 0
0 35952 5 0
0 35952 6 0
0 35952 7 0
0 35952 8 0
0 25629 9 0
0 25629 10 0
0 25629 11 0
0 25629 12 0
0 25629 13 0
0 25629 14 0
0 25270 15 0
0 25270 0 0
0 25270 1 0
0 25270 2 0
0 25270 3 0
0 25270 4 0
0 36007 5 0
0 36007 6 0
0 36007 7 0
0 36007 8 0
0 36007 9 0
0 36007 10 0
0 10349 11 0
0 10349 12 0
0 10349 13 0
0 10349 14 0
0 10349 15 0
0 10349 0 0
0 27669 1 0
0 27669 2 0
0 27669 3 0
0 27669 4 0
0 27669 5 0
0 27669 6 0
0 62856 7 0
0 62856 8 0
0 62856 9 0
0 62856 10 0
0 62856 11 0
0 62856 12 0
0 31187 13 0
0 31187 14 0
0 31187 15 0
0 31187 0 0
0 31187 1 0
0 31187 2 0
0 9272 3 0
0 9272 4 0
0 9272 5 0
0 9272 6 0
0 9272 7 0
0 9272 8 0
0 45327 9 0
0 45327 10 0
0 45327 11 0
0 45327 12 0
0 45327 13 0
0 45327 14 0
0 184 15 0
0 184 0 0
0 184 1 0
0 184 2 0
0 184 3 0
0 184 4 0
0 40087 5 0
0 40087 6 0
0 40087 7 0
0 40087 8 0
0 40087 9 0
0 40087 10 0
0 22570 11 0
0 22570 12 0
0 22570 13 0
0 22570 14 0
0 22570 15 0
0 22570 0 0
0 27611 1 0
0 27611 2 0
0 27611 3 0
0 27611 4 0
0 27611 5 0
0 27611 6 0
0 2342 7 0
0 2342 8 0
0 2342 9 0
0 2342 10 0
0 2342 11 0
0 2342 12 0
0 61325 13 0
0 61325 14 0
0 61325 15 0
0 61325 0 0
0 61325 1 0
0 61325 2 0
0 45272 3 0
0 45272 4 0
0 45272 5 0
0 45272 6 0
0 45272 7 0
0 45272 8 0
0 29692 9 0
0 29692 10 0
0 29692 11 0
0 29692 12 0
0 29692 13 0
0 29692 14 0
0 52702 15 0
0 52702 0 0
0 52702 1 0
0 52702 2 0
0 52702 3 0
0 52702 4 0
0 18264 5 0
0 18264 6 0
0 18264 7 0
0 18264 8 0
0 18264 9 0
0 18264 10 0
0 48126 11 0
0 48126 12 0
0 48126 13 0
0 48126 14 0
0 48126 15 0
0 48126 0 0
0 20995 1 0
0 20995 2 0
0 20995 3 0
0 20995 4 0
0 20995 5 0
0 20995 6 0
0 64954 7 0
0 64954 8 0
0 64954 9 0
0 64954 10 0
0 64954 11 0
0 64954 12 0
0 9773 13 0
0 9773 14 0
0 9773 15 0
0 9773 0 0
0 9773 1 0
0 9773 2 0
0 27267 3 0
0 27267 4 0
0 27267 5 0
0 27267 6 0
0 27267 7 0
0 27267 8 0
0 65387 9 0
0 65387 10 0
0 65387 11 0
0 65387 12 0
0 65387 13 0
0 65387 14 0
0 47506 15 0
0 47506 0 0
0 47506 1 0
0 47506 2 0
0 47506 3 0
0 47506 4 0
0 61853 5 0
0 61853 6 0
0 61853 7 0
0 61853 8 0
0 61853 9 0
0 61853 10 0
0 54680 11 0
0 54680 12 0
0 54680 13 0
0 54680 14 0
0 54680 15 0
0 54680 0 0
0 33398 1 0
0 33398 2 0
0 33398 3 0
0 33398 4 0
0 33398 5 0
0 33398 6 0
0 23021 7 0
0 23021 8 0
0 23021 9 0
0 23021 10 0
0 23021 11 0
0 23021 12 0
0 466 13 0
0 466 14 0
0 466 15 0
0 466 0 0
0 466 1 0
0 466 2 0
0 64130 3 0
0 64130 4 0
0 64130 5 0
0 64130 6 0
0 64130 7 0
0 64130 8 0
0 34617 9 0
0 34617 10 0
0 34617 11 0
0 34617 12 0
0 34617 13 0
0 34617 14 0
0 5309 15 0
0 5309 0 0
0 5309 1 0
0 5309 2 0
0 5309 3 0
0 5309 4 0
0 9346 5 0
0 9346 6 0
0 9346 7 0
0 9346 8 0
0 9346 9 0
0 9346 10 0
0 4209 11 0
0 4209 12 0
0 4209 13 0
0 4209 14 0
0 4209 15 0
0 4209 0 0
0 45151 1 0
0 45151 2 0
0 45151 3 0
0 45151 4 0
0 45151 5 0
0 45151 6 0
0 63304 7 0
0 63304 8 0
0 63304 9 0
0 63304 10 0
0 63304 11 0
0 63304 12 0
0 57203 13 0
0 57203 14 0
0 57203 15 0
0 57203 0 0
0 57203 1 0
0 57203 2 0
0 63777 3 0
0 63777 4 0
0 63777 5 0
0 63777 6 0
0 63777 7 0
0 63777 8 0
0 16191 9 0
0 16191 10 0
0 16191 11 0
0 16191 12 0
0 16191 13 0
0 16191 14 0
0 26417 15 0
0 26417 0 0
0 26417 1 0
0 26417 2 0
0 26417 3 0
0 26417 4 0
0 6466 5 0
0 6466 6 0
0 6466 7 0
0 6466 8 0
0 6466 9 0
0 6466 10 0
0 48491 11 0
0 48491 12 0
0 48491 13 0
0 48491 14 0
0 48491 15 0
0 48491 0 0
0 51023 1 0
0 51023 2 0
0 51023 3 0
0 51023 4 0
0 51023 5 0
0 51023 6 0
0 34054 7 0
0 34054 8 0
0 34054 9 0
0 34054 10 0
0 34054 11 0
0 34054 12 0
0 45140 13 0
0 45140 14 0
0 45140 15 0
0 45140 0 0
0 45140 1 0
0 45140 2 0
0 44464 3 0
0 44464 4 0
0 44464 5 0
0 44464 6 0
0 44464 7 0
0 44464 8 0
0 18384 9 0
0 18384 10 0
0 18384 11 0
0 18384 12 0
0 18384 13 0
0 18384 14 0
0 43103 15 0
0 43103 0 0
0 43103 1 0
0 43103 2 0
0 43103 3 0
0 43103 4 0
0 19653 5 0
0 19653 6 0
0 19653 7 0
0 19653 8 0
0 19653 9 0
0 19653 10 0
0 15899 11 0
0 15899 12 0
0 15899 13 0
0 15899 14 0
0 15899 15 0
0 15899 0 0
0 46774 1 0
0 46774 2 0
0 46774 3 0
0 46774 4 0
0 46774 5 0
0 46774 6 0
0 11969 7 0
0 11969 8 0
0 11969 9 0
0 11969 10 0
0 11969 11 0
0 11969 12 0
0 35440 13 0
0 35440 14 0
0 35440 15 0
0 35440 0 0
0 35440 1 0
0 35440 2 0
0 46013 3 0
0 46013 4 0
0 46013 5 0
0 46013 6 0
0 46013 7 0
0 46013 8 0
0 52342 9 0
0 52342 10 0
0 52342 11 0
0 52342 12 0
0 52342 13 0
0 52342 14 0
0 13635 15 0
0 13635 0 0
0 13635 1 0
0 13635 2 0
0 13635 3 0
0 13635 4 0
0 41117 5 0
0 41117 6 0
0 41117 7 0
0 41117 8 0
0 41117 9 0
0 41117 10 0
0 18551 11 0
0 18551 12 0
0 18551 13 0
0 18551 14 0
0 18551 15 0
0 18551 0 0
0 51075 1 0
0 51075 2 0
0 51075 3 0
0 51075 4 0
0 51075 5 0
0 51075 6 0
0 37085 7 0
0 37085 8 0
0 37085 9 0
0 37085 10 0
0 37085 11 0
0 37085 12 0
0 33193 13 0
0 33193 14 0
0 33193 15 0
0 33193 0 0
0 33193 1 0
0 33193 2 0
0 46877 3 0
0 46877 4 0
0 46877 5 0
0 46877 6 0
0 46877 7 0
0 46877 8 0
0 21271 9 0
0 21271 10 0
0 21271 11 0
0 21271 12 0
0 21271 13 0
0 21271 14 0
0 7417 15 0
0 7417 0 0
0 7417 1 0
0 7417 2 0
0 7417 3 0
0 7417 4 0
0 14540 5 0
0 14540 6 0
0 14540 7 0
0 14540 8 0
0 14540 9 0
0 14540 10 0
0 25413 11 0
0 25413 12 0
0 25413 13 0
0 25413 14 0
0 25413 15 0
0 25413 0 0
0 62022 1 0
0 62022 2 0
0 62022 3 0
0 62022 4 0
0 62022 5 0
0 62022 6 0
0 12149 7 0
0 12149 8 0
0 12149 9 0
0 12149 10 0
0 12149 11 0
0 12149 12 0
0 41204 13 0
0 41204 14 0
0 41204 15 0
0 41204 0 0
0 41204 1 0
0 41204 2 0
0 29023 3 0
0 29023 4 0
0 29023 5 0
0 29023 6 0
0 29023 7 0
0 29023 8 0
0 33377 9 0
0 33377 10 0
0 33377 11 0
0 33377 12 0
0 33377 13 0
0 33377 14 0
0 58061 15 0
0 58061 0 0
0 58061 1 0
0 58061 2 0
0 58061 3 0
0 58061 4 0
0 22060 5 0
0 22060 6 0
0 22060 7 0
0 22060 8 0
0 22060 9 0
0 22060 10 0
0 56109 11 0
0 56109 12 0
0 56109 13 0
0 56109 14 0
0 56109 15 0
0 56109 0 0
0 26678 1 0
0 26678 2 0
0 26678 3 0
0 26678 4 0
0 26678 5 0
0 26678 6 0
0 59600 7 0
0 59600 8 0
0 59600 9 0
0 59600 10 0
0 59600 11 0
0 59600 12 0
0 24525 13 0
0 24525 14 0
0 24525 15 0
0 24525 0 0
0 24525 1 0
0 24525 2 0
0 63523 3 0
0 63523 4 0
0 63523 5 0
0 63523 6 0
0 63523 7 0
0 63523 8 0
0 17130 9 0
0 17130 10 0
0 17130 11 0
0 17130 12 0
0 17130 13 0
0 17130 14 0
0 62028 15 0
0 62028 0 0
0 62028 1 0
0 62028 2 0
0 62028 3 0
0 62028 4 0
0 63097 5 0
0 63097 6 0
0 63097 7 0
0 63097 8 0
0 63097 9 0
0 63097 10 0
0 47155 11 0
0 47155 12 0
0 47155 13 0
0 47155 14 0
0 47155 15 0
0 47155 0 0
0 4340 1 0
0 4340 2 0
0 4340 3 0
0 4340 4 0
0 4340 5 0
0 4340 6 0
0 27551 7 0
0 27551 8 0
0 27551 9 0
0 27551 10 0
0 27551 11 0
0 27551 12 0
0 21549 13 0
0 21549 14 0
0 21549 15 0
0 21549 0 0
0 21549 1 0
0 21549 2 0
0 8580 3 0
0 8580 4 0
0 8580 5 0
0 8580 6 0
0 8580 7 0
0 8580 8 0
0 41202 9 0
0 41202 10 0
0 41202 11 0
0 41202 12 0
0 41202 13 0
0 41202 14 0
0 49658 15 0
0 49658 0 0
0 49658 1 0
0 49658 2 0
0 49658 3 0
0 49658 4 0
0 65239 5 0
0 65239 6 0
0 65239 7 0
0 65239 8 0
0 65239 9 0
0 65239 10 0
0 52045 11 0
0 52045 12 0
0 52045 13 0
0 52045 14 0
0 52045 15 0
0 52045 0 0
0 52856 1 0
0 52856 2 0
0 52856 3 0
0 52856 4 0
0 52856 5 0
0 52856 6 0
0 4697 7 0
0 4697 8 0
0 4697 9 0
0 4697 10 0
0 4697 11 0
0 4697 12 0
0 41657 13 0
0 41657 14 0
0 41657 15 0
0 41657 0 0
0 41657 1 0
0 41657 2 0
0 18831 3 0
0 18831 4 0
0 18831 5 0
0 18831 6 0
0 18831 7 0
0 18831 8 0
0 20942 9 0
0 20942 10 0
0 20942 11 0
0 20942 12 0
0 20942 13 0
0 20942 14 0
0 34369 15 0
0 34369 0 0
0 34369 1 0
0 34369 2 0
0 34369 3 0
0 34369 4 0
0 21371 5 0
0 21371 6 0
0 21371 7 0
0 21371 8 0
0 21371 9 0
0 21371 10 0
0 22124 11 0
0 22124 12 0
0 22124 13 0
0 22124 14 0
0 22124 15 0
0 22124 0 0
0 60500 1 0
0 60500 2 0
0 60500 3 0
0 60500 4 0
0 60500 5 0
0 60500 6 0
0 13091 7 0
0 13091 8 0
0 13091 9 0
0 13091 10 0
0 13091 11 0
0 13091 12 0
0 46042 13 0
0 46042 14 0
0 46042 15 0
0 46042 0 0
0 46042 1 0
0 46042 2 0
0 29370 3 0
0 29370 4 0
0 29370 5 0
0 29370 6 0
0 29370 7 0
0 29370 8 0
0 52989 9 0
0 52989 10 0
0 52989 11 0
0 52989 12 0
0 52989 13 0
0 52989 14 0
0 41992 15 0
0 41992 0 0
0 41992 1 0
0 41992 2 0
0 41992 3 0
0 41992 4 0
0 17929 5 0
0 17929 6 0
0 17929 7 0
0 17929 8 0
0 17929 9 0
0 17929 10 0
0 58267 11 0
0 58267 12 0
0 58267 13 0
0 58267 14 0
0 58267 15 0
0 58267 0 0
0 14221 1 0
0 14221 2 0
0 14221 3 0
0 14221 4 0
0 14221 5 0
0 14221 6 0
0 52150 7 0
0 52150 8 0
0 52150 9 0
0 52150 10 0
0 52150 11 0
0 52150 12 0
0 49173 13 0
0 49173 14 0
0 49173 15 0
0 49173 0 0
0 49173 1 0
0 49173 2 0
0 38334 3 0
0 38334 4 0
0 38334 5 0
0 38334 6 0
0 38334 7 0
0 38334 8 0
0 43527 9 0
0 43527 10 0
0 43527 11 0
0 43527 12 0
0 43527 13 0
0 43527 14 0
0 57923 15 0
0 57923 0 0
0 57923 1 0
0 57923 2 0
0 57923 3 0
0 57923 4 0
0 41815 5 0
0 41815 6 0
0 41815 7 0
0 41815 8 0
0 41815 9 0
0 41815 10 0
0 50604 11 0
0 50604 12 0
0 50604 13 0
0 50604 14 0
0 50604 15 0
0 50604 0 0
0 59757 1 0
0 59757 2 0
0 59757 3 0
0 59757 4 0
0 59757 5 0
0 59757 6 0
0 13933 7 0
0 13933 8 0
0 13933 9 0
0 13933 10 0
0 13933 11 0
0 13933 12 0
0 16497 13 0
0 16497 14 0
0 16497 15 0
0 16497 0 0
0 16497 1 0
0 16497 2 0
0 65207 3 0
0 65207 4 0
0 65207 5 0
0 65207 6 0
0 65207 7 0
0 65207 8 0
0 63460 9 0
0 63460 10 0
0 63460 11 0
0 63460 12 0
0 63460 13 0
0 63460 14 0
0 57899 15 0
0 57899 0 0
0 57899 1 0
0 57899 2 0
0 57899 3 0
0 57899 4 0
0 23130 5 0
0 23130 6 0
0 23130 7 0
0 23130 8 0
0 23130 9 0
0 23130 10 0
0 28084 11 0
0 28084 12 0
0 28084 13 0
0 28084 14 0
0 28084 15 0
0 28084 0 0
0 22643 1 0
0 22643 2 0
0 22643 3 0
0 22643 4 0
0 22643 5 0
0 22643 6 0
0 14727 7 0
0 14727 8 0
0 14727 9 0
0 14727 10 0
0 14727 11 0
0 14727 12 0
0 45636 13 0
0 45636 14 0
0 45636 15 0
