0 0 0 0
0 0 1 0
0 0 2 0
0 0 3 0
0 0 4 0
0 9507 5 0
0 9507 6 0
0 9507 7 0
0 9507 8 0
0 9507 9 0
0 9507 10 0
0 49673 11 0
0 49673 12 0
0 49673 13 0
0 49673 14 0
0 49673 15 0
0 49673 0 0
0 23494 1 0
0 23494 2 0
0 23494 3 0
0 23494 4 0
0 23494 5 0
0 23494 6 0
0 16476 7 0
0 16476 8 0
0 16476 9 0
0 16476 10 0
0 16476 11 0
0 16476 12 0
0 26506 13 0
0 26506 14 0
0 26506 15 0
0 26506 0 0
0 26506 1 0
0 26506 2 0
0 36553 3 0
0 36553 4 0
0 36553 5 0
0 36553 6 0
0 36553 7 0
0 36553 8 0
0 54826 9 0
0 54826 10 0
0 54826 11 0
0 54826 12 0
0 54826 13 0
0 54826 14 0
0 63528 15 0
0 63528 0 0
0 63528 1 0
0 63528 2 0
0 63528 3 0
0 63528 4 0
0 57188 5 0
0 57188 6 0
0 57188 7 0
0 57188 8 0
0 57188 9 0
0 57188 10 0
0 26579 11 0
0 26579 12 0
0 26579 13 0
0 26579 14 0
0 26579 15 0
0 26579 0 0
0 10628 1 0
0 10628 2 0
0 10628 3 0
0 10628 4 0
0 10628 5 0
0 10628 6 0
0 6620 7 0
0 6620 8 0
0 6620 9 0
0 6620 10 0
0 6620 11 0
0 6620 12 0
0 41724 13 0
0 41724 14 0
0 41724 15 0
0 41724 0 0
0 41724 1 0
0 41724 2 0
0 42745 3 0
0 42745 4 0
0 42745 5 0
0 42745 6 0
0 42745 7 0
0 42745 8 0
0 1933 9 0
0 1933 10 0
0 1933 11 0
0 1933 12 0
0 1933 13 0
0 1933 14 0
0 62440 15 0
0 62440 0 0
0 62440 1 0
0 62440 2 0
0 62440 3 0
0 62440 4 0
0 51348 5 0
0 51348 6 0
0 51348 7 0
0 51348 8 0
0 51348 9 0
0 51348 10 0
0 37204 11 0
0 37204 12 0
0 37204 13 0
0 37204 14 0
0 37204 15 0
0 37204 0 0
0 32244 1 0
0 32244 2 0
0 32244 3 0
0 32244 4 0
0 32244 5 0
0 32244 6 0
0 61980 7 0
0 61980 8 0
0 61980 9 0
0 61980 10 0
0 61980 11 0
0 61980 12 0
0 20717 13 0
0 20717 14 0
0 20717 15 0
0 20717 0 0
0 20717 1 0
0 20717 2 0
0 29077 3 0
0 29077 4 0
0 29077 5 0
0 29077 6 0
0 29077 7 0
0 29077 8 0
0 47817 9 0
0 47817 10 0
0 47817 11 0
0 47817 12 0
0 47817 13 0
0 47817 14 0
0 23753 15 0
0 23753 0 0
0 23753 1 0
0 23753 2 0
0 23753 3 0
0 23753 4 0
0 11529 5 0
0 11529 6 0
0 11529 7 0
0 11529 8 0
0 11529 9 0
0 11529 10 0
0 42764 11 0
0 42764 12 0
0 42764 13 0
0 42764 14 0
0 42764 15 0
0 42764 0 0
0 44667 1 0
0 44667 2 0
0 44667 3 0
0 44667 4 0
0 44667 5 0
0 44667 6 0
0 50355 7 0
0 50355 8 0
0 50355 9 0
0 50355 10 0
0 50355 11 0
0 50355 12 0
0 54608 13 0
0 54608 14 0
0 54608 15 0
0 54608 0 0
0 54608 1 0
0 54608 2 0
0 60165 3 0
0 60165 4 0
0 60165 5 0
0 60165 6 0
0 60165 7 0
0 60165 8 0
0 47436 9 0
0 47436 10 0
0 47436 11 0
0 47436 12 0
0 47436 13 0
0 47436 14 0
0 3438 15 0
0 3438 0 0
0 3438 1 0
0 3438 2 0
0 3438 3 0
0 3438 4 0
0 11659 5 0
0 11659 6 0
0 11659 7 0
0 11659 8 0
0 11659 9 0
0 11659 10 0
0 9167 11 0
0 9167 12 0
0 9167 13 0
0 9167 14 0
0 9167 15 0
0 9167 0 0
0 58775 1 0
0 58775 2 0
0 58775 3 0
0 58775 4 0
0 58775 5 0
0 58775 6 0
0 35939 7 0
0 35939 8 0
0 35939 9 0
0 35939 10 0
0 35939 11 0
0 35939 12 0
0 26013 13 0
0 26013 14 0
0 26013 15 0
0 26013 0 0
0 26013 1 0
0 26013 2 0
0 62886 3 0
0 62886 4 0
0 62886 5 0
0 62886 6 0
0 62886 7 0
0 62886 8 0
0 63512 9 0
0 63512 10 0
0 63512 11 0
0 63512 12 0
0 63512 13 0
0 63512 14 0
0 38850 15 0
0 38850 0 0
0 38850 1 0
0 38850 2 0
0 38850 3 0
0 38850 4 0
0 26938 5 0
0 26938 6 0
0 26938 7 0
0 26938 8 0
0 26938 9 0
0 26938 10 0
0 57043 11 0
0 57043 12 0
0 57043 13 0
0 57043 14 0
0 57043 15 0
0 57043 0 0
0 9591 1 0
0 9591 2 0
0 9591 3 0
0 9591 4 0
0 9591 5 0
0 9591 6 0
0 28590 7 0
0 28590 8 0
0 28590 9 0
0 28590 10 0
0 28590 11 0
0 28590 12 0
0 60010 13 0
0 60010 14 0
0 60010 15 0
0 60010 0 0
0 60010 1 0
0 60010 2 0
0 4777 3 0
0 4777 4 0
0 4777 5 0
0 4777 6 0
0 4777 7 0
0 4777 8 0
0 29395 9 0
0 29395 10 0
0 29395 11 0
0 29395 12 0
0 29395 13 0
0 29395 14 0
0 16047 15 0
0 16047 0 0
0 16047 1 0
0 16047 2 0
0 16047 3 0
0 16047 4 0
0 47473 5 0
0 47473 6 0
0 47473 7 0
0 47473 8 0
0 47473 9 0
0 47473 10 0
0 42974 11 0
0 42974 12 0
0 42974 13 0
0 42974 14 0
0 42974 15 0
0 42974 0 0
0 36185 1 0
0 36185 2 0
0 36185 3 0
0 36185 4 0
0 36185 5 0
0 36185 6 0
0 53002 7 0
0 53002 8 0
0 53002 9 0
0 53002 10 0
0 53002 11 0
0 53002 12 0
0 42319 13 0
0 42319 14 0
0 42319 15 0
0 42319 0 0
0 42319 1 0
0 42319 2 0
0 26321 3 0
0 26321 4 0
0 26321 5 0
0 26321 6 0
0 26321 7 0
0 26321 8 0
0 60975 9 0
0 60975 10 0
0 60975 11 0
0 60975 12 0
0 60975 13 0
0 60975 14 0
0 20015 15 0
0 20015 0 0
0 20015 1 0
0 20015 2 0
0 20015 3 0
0 20015 4 0
0 11888 5 0
0 11888 6 0
0 11888 7 0
0 11888 8 0
0 11888 9 0
0 11888 10 0
0 26206 11 0
0 26206 12 0
0 26206 13 0
0 26206 14 0
0 26206 15 0
0 26206 0 0
0 27401 1 0
0 27401 2 0
0 27401 3 0
0 27401 4 0
0 27401 5 0
0 27401 6 0
0 60523 7 0
0 60523 8 0
0 60523 9 0
0 60523 10 0
0 60523 11 0
0 60523 12 0
0 30525 13 0
0 30525 14 0
0 30525 15 0
0 30525 0 0
0 30525 1 0
0 30525 2 0
0 32684 3 0
0 32684 4 0
0 32684 5 0
0 32684 6 0
0 32684 7 0
0 32684 8 0
0 21378 9 0
0 21378 10 0
0 21378 11 0
0 21378 12 0
0 21378 13 0
0 21378 14 0
0 56508 15 0
0 56508 0 0
0 56508 1 0
0 56508 2 0
0 56508 3 0
0 56508 4 0
0 10547 5 0
0 10547 6 0
0 10547 7 0
0 10547 8 0
0 10547 9 0
0 10547 10 0
0 29509 11 0
0 29509 12 0
0 29509 13 0
0 29509 14 0
0 29509 15 0
0 29509 0 0
0 24171 1 0
0 24171 2 0
0 24171 3 0
0 24171 4 0
0 24171 5 0
0 24171 6 0
0 59880 7 0
0 59880 8 0
0 59880 9 0
0 59880 10 0
0 59880 11 0
0 59880 12 0
0 12262 13 0
0 12262 14 0
0 12262 15 0
0 12262 0 0
0 12262 1 0
0 12262 2 0
0 31184 3 0
0 31184 4 0
0 31184 5 0
0 31184 6 0
0 31184 7 0
0 31184 8 0
0 44121 9 0
0 44121 10 0
0 44121 11 0
0 44121 12 0
0 44121 13 0
0 44121 14 0
0 36233 15 0
0 36233 0 0
0 36233 1 0
0 36233 2 0
0 36233 3 0
0 36233 4 0
0 3894 5 0
0 3894 6 0
0 3894 7 0
0 3894 8 0
0 3894 9 0
0 3894 10 0
0 17443 11 0
0 17443 12 0
0 17443 13 0
0 17443 14 0
0 17443 15 0
0 17443 0 0
0 2530 1 0
0 2530 2 0
0 2530 3 0
0 2530 4 0
0 2530 5 0
0 2530 6 0
0 23909 7 0
0 23909 8 0
0 23909 9 0
0 23909 10 0
0 23909 11 0
0 23909 12 0
0 9725 13 0
0 9725 14 0
0 9725 15 0
0 9725 0 0
0 9725 1 0
0 9725 2 0
0 7599 3 0
0 7599 4 0
0 7599 5 0
0 7599 6 0
0 7599 7 0
0 7599 8 0
0 30776 9 0
0 30776 10 0
0 30776 11 0
0 30776 12 0
0 30776 13 0
0 30776 14 0
0 46670 15 0
0 46670 0 0
0 46670 1 0
0 46670 2 0
0 46670 3 0
0 46670 4 0
0 59848 5 0
0 59848 6 0
0 59848 7 0
0 59848 8 0
0 59848 9 0
0 59848 10 0
0 53263 11 0
0 53263 12 0
0 53263 13 0
0 53263 14 0
0 53263 15 0
0 53263 0 0
0 64176 1 0
0 64176 2 0
0 64176 3 0
0 64176 4 0
0 64176 5 0
0 64176 6 0
0 36715 7 0
0 36715 8 0
0 36715 9 0
0 36715 10 0
0 36715 11 0
0 36715 12 0
0 24375 13 0
0 24375 14 0
0 24375 15 0
0 24375 0 0
0 24375 1 0
0 24375 2 0
0 40113 3 0
0 40113 4 0
0 40113 5 0
0 40113 6 0
0 40113 7 0
0 40113 8 0
0 61659 9 0
0 61659 10 0
0 61659 11 0
0 61659 12 0
0 61659 13 0
0 61659 14 0
0 57394 15 0
0 57394 0 0
0 57394 1 0
0 57394 2 0
0 57394 3 0
0 57394 4 0
0 64684 5 0
0 64684 6 0
0 64684 7 0
0 64684 8 0
0 64684 9 0
0 64684 10 0
0 25253 11 0
0 25253 12 0
0 25253 13 0
0 25253 14 0
0 25253 15 0
0 25253 0 0
0 40952 1 0
0 40952 2 0
0 40952 3 0
0 40952 4 0
0 40952 5 0
0 40952 6 0
0 21034 7 0
0 21034 8 0
0 21034 9 0
0 21034 10 0
0 21034 11 0
0 21034 12 0
0 27591 13 0
0 27591 14 0
0 27591 15 0
0 27591 0 0
0 27591 1 0
0 27591 2 0
0 23508 3 0
0 23508 4 0
0 23508 5 0
0 23508 6 0
0 23508 7 0
0 23508 8 0
0 36548 9 0
0 36548 10 0
0 36548 11 0
0 36548 12 0
0 36548 13 0
0 36548 14 0
0 16382 15 0
0 16382 0 0
0 16382 1 0
0 16382 2 0
0 16382 3 0
0 16382 4 0
0 57311 5 0
0 57311 6 0
0 57311 7 0
0 57311 8 0
0 57311 9 0
0 57311 10 0
0 46286 11 0
0 46286 12 0
0 46286 13 0
0 46286 14 0
0 46286 15 0
0 46286 0 0
0 61950 1 0
0 61950 2 0
0 61950 3 0
0 61950 4 0
0 61950 5 0
0 61950 6 0
0 57288 7 0
0 57288 8 0
0 57288 9 0
0 57288 10 0
0 57288 11 0
0 57288 12 0
0 13789 13 0
0 13789 14 0
0 13789 15 0
0 13789 0 0
0 13789 1 0
0 13789 2 0
0 53280 3 0
0 53280 4 0
0 53280 5 0
0 53280 6 0
0 53280 7 0
0 53280 8 0
0 36816 9 0
0 36816 10 0
0 36816 11 0
0 36816 12 0
0 36816 13 0
0 36816 14 0
0 23292 15 0
0 23292 0 0
0 23292 1 0
0 23292 2 0
0 23292 3 0
0 23292 4 0
0 51693 5 0
0 51693 6 0
0 51693 7 0
0 51693 8 0
0 51693 9 0
0 51693 10 0
0 7966 11 0
0 7966 12 0
0 7966 13 0
0 7966 14 0
0 7966 15 0
0 7966 0 0
0 2171 1 0
0 2171 2 0
0 2171 3 0
0 2171 4 0
0 2171 5 0
0 2171 6 0
0 34553 7 0
0 34553 8 0
0 34553 9 0
0 34553 10 0
0 34553 11 0
0 34553 12 0
0 43649 13 0
0 43649 14 0
0 43649 15 0
0 43649 0 0
0 43649 1 0
0 43649 2 0
0 23289 3 0
0 23289 4 0
0 23289 5 0
0 23289 6 0
0 23289 7 0
0 23289 8 0
0 40595 9 0
0 40595 10 0
0 40595 11 0
0 40595 12 0
0 40595 13 0
0 40595 14 0
0 59462 15 0
0 59462 0 0
0 59462 1 0
0 59462 2 0
0 59462 3 0
0 59462 4 0
0 45105 5 0
0 45105 6 0
0 45105 7 0
0 45105 8 0
0 45105 9 0
0 45105 10 0
0 43770 11 0
0 43770 12 0
0 43770 13 0
0 43770 14 0
0 43770 15 0
0 43770 0 0
0 54300 1 0
0 54300 2 0
0 54300 3 0
0 54300 4 0
0 54300 5 0
0 54300 6 0
0 52485 7 0
0 52485 8 0
0 52485 9 0
0 52485 10 0
0 52485 11 0
0 52485 12 0
0 10887 13 0
0 10887 14 0
0 10887 15 0
0 10887 0 0
0 10887 1 0
0 10887 2 0
0 23405 3 0
0 23405 4 0
0 23405 5 0
0 23405 6 0
0 23405 7 0
0 23405 8 0
0 20445 9 0
0 20445 10 0
0 20445 11 0
0 20445 12 0
0 20445 13 0
0 20445 14 0
0 32524 15 0
0 32524 0 0
0 32524 1 0
0 32524 2 0
0 32524 3 0
0 32524 4 0
0 14753 5 0
0 14753 6 0
0 14753 7 0
0 14753 8 0
0 14753 9 0
0 14753 10 0
0 40781 11 0
0 40781 12 0
0 40781 13 0
0 40781 14 0
0 40781 15 0
0 40781 0 0
0 32624 1 0
0 32624 2 0
0 32624 3 0
0 32624 4 0
0 32624 5 0
0 32624 6 0
0 8568 7 0
0 8568 8 0
0 8568 9 0
0 8568 10 0
0 8568 11 0
0 8568 12 0
0 62098 13 0
0 62098 14 0
0 62098 15 0
0 62098 0 0
0 62098 1 0
0 62098 2 0
0 64921 3 0
0 64921 4 0
0 64921 5 0
0 64921 6 0
0 64921 7 0
0 64921 8 0
0 1436 9 0
0 1436 10 0
0 1436 11 0
0 1436 12 0
0 1436 13 0
0 1436 14 0
0 38439 15 0
0 38439 0 0
0 38439 1 0
0 38439 2 0
0 38439 3 0
0 38439 4 0
0 21257 5 0
0 21257 6 0
0 21257 7 0
0 21257 8 0
0 21257 9 0
0 21257 10 0
0 2316 11 0
0 2316 12 0
0 2316 13 0
0 2316 14 0
0 2316 15 0
0 2316 0 0
0 64825 1 0
0 64825 2 0
0 64825 3 0
0 64825 4 0
0 64825 5 0
0 64825 6 0
0 13885 7 0
0 13885 8 0
0 13885 9 0
0 13885 10 0
0 13885 11 0
0 13885 12 0
0 19676 13 0
0 19676 14 0
0 19676 15 0
0 19676 0 0
0 19676 1 0
0 19676 2 0
0 52589 3 0
0 52589 4 0
0 52589 5 0
0 52589 6 0
0 52589 7 0
0 52589 8 0
0 39157 9 0
0 39157 10 0
0 39157 11 0
0 39157 12 0
0 39157 13 0
0 39157 14 0
0 29748 15 0
0 29748 0 0
0 29748 1 0
0 29748 2 0
0 29748 3 0
0 29748 4 0
0 62782 5 0
0 62782 6 0
0 62782 7 0
0 62782 8 0
0 62782 9 0
0 62782 10 0
0 48487 11 0
0 48487 12 0
0 48487 13 0
0 48487 14 0
0 48487 15 0
0 48487 0 0
0 52685 1 0
0 52685 2 0
0 52685 3 0
0 52685 4 0
0 52685 5 0
0 52685 6 0
0 40607 7 0
0 40607 8 0
0 40607 9 0
0 40607 10 0
0 40607 11 0
0 40607 12 0
0 5256 13 0
0 5256 14 0
0 5256 15 0
0 5256 0 0
0 5256 1 0
0 5256 2 0
0 5603 3 0
0 5603 4 0
0 5603 5 0
0 5603 6 0
0 5603 7 0
0 5603 8 0
0 1361 9 0
0 1361 10 0
0 1361 11 0
0 1361 12 0
0 1361 13 0
0 1361 14 0
0 47479 15 0
0 47479 0 0
0 47479 1 0
0 47479 2 0
0 47479 3 0
0 47479 4 0
0 15647 5 0
0 15647 6 0
0 15647 7 0
0 15647 8 0
0 15647 9 0
0 15647 10 0
0 24352 11 0
0 24352 12 0
0 24352 13 0
0 24352 14 0
0 24352 15 0
0 24352 0 0
0 35365 1 0
0 35365 2 0
0 35365 3 0
0 35365 4 0
0 35365 5 0
0 35365 6 0
0 655 7 0
0 655 8 0
0 655 9 0
0 655 10 0
0 655 11 0
0 655 12 0
0 34462 13 0
0 34462 14 0
0 34462 15 0
0 34462 0 0
0 34462 1 0
0 34462 2 0
0 4228 3 0
0 4228 4 0
0 4228 5 0
0 4228 6 0
0 4228 7 0
0 4228 8 0
0 55231 9 0
0 55231 10 0
0 55231 11 0
0 55231 12 0
0 55231 13 0
0 55231 14 0
0 54501 15 0
0 54501 0 0
0 54501 1 0
0 54501 2 0
0 54501 3 0
0 54501 4 0
0 476 5 0
0 476 6 0
0 476 7 0
0 476 8 0
0 476 9 0
0 476 10 0
0 8237 11 0
0 8237 12 0
0 8237 13 0
0 8237 14 0
0 8237 15 0
0 8237 0 0
0 55657 1 0
0 55657 2 0
0 55657 3 0
0 55657 4 0
0 55657 5 0
0 55657 6 0
0 35901 7 0
0 35901 8 0
0 35901 9 0
0 35901 10 0
0 35901 11 0
0 35901 12 0
0 25919 13 0
0 25919 14 0
0 25919 15 0
0 25919 0 0
0 25919 1 0
0 25919 2 0
0 32141 3 0
0 32141 4 0
0 32141 5 0
0 32141 6 0
0 32141 7 0
0 32141 8 0
0 40208 9 0
0 40208 10 0
0 40208 11 0
0 40208 12 0
0 40208 13 0
0 40208 14 0
0 14646 15 0
0 14646 0 0
0 14646 1 0
0 14646 2 0
0 14646 3 0
0 14646 4 0
0 9628 5 0
0 9628 6 0
0 9628 7 0
0 9628 8 0
0 9628 9 0
0 9628 10 0
0 48172 11 0
0 48172 12 0
0 48172 13 0
0 48172 14 0
0 48172 15 0
0 48172 0 0
0 52809 1 0
0 52809 2 0
0 52809 3 0
0 52809 4 0
0 52809 5 0
0 52809 6 0
0 6734 7 0
0 6734 8 0
0 6734 9 0
0 6734 10 0
0 6734 11 0
0 6734 12 0
0 45525 13 0
0 45525 14 0
0 45525 15 0
0 45525 0 0
0 45525 1 0
0 45525 2 0
0 30239 3 0
0 30239 4 0
0 30239 5 0
0 30239 6 0
0 30239 7 0
0 30239 8 0
0 37453 9 0
0 37453 10 0
0 37453 11 0
0 37453 12 0
0 37453 13 0
0 37453 14 0
0 49949 15 0
0 49949 0 0
0 49949 1 0
0 49949 2 0
0 49949 3 0
0 49949 4 0
0 842 5 0
0 842 6 0
0 842 7 0
0 842 8 0
0 842 9 0
0 842 10 0
0 60880 11 0
0 60880 12 0
0 60880 13 0
0 60880 14 0
0 60880 15 0
0 60880 0 0
0 41671 1 0
0 41671 2 0
0 41671 3 0
0 41671 4 0
0 41671 5 0
0 41671 6 0
0 16730 7 0
0 16730 8 0
0 16730 9 0
0 16730 10 0
0 16730 11 0
0 16730 12 0
0 12720 13 0
0 12720 14 0
0 12720 15 0
0 12720 0 0
0 12720 1 0
0 12720 2 0
0 3415 3 0
0 3415 4 0
0 3415 5 0
0 3415 6 0
0 3415 7 0
0 3415 8 0
0 49191 9 0
0 49191 10 0
0 49191 11 0
0 49191 12 0
0 49191 13 0
0 49191 14 0
0 16410 15 0
0 16410 0 0
0 16410 1 0
0 16410 2 0
0 16410 3 0
0 16410 4 0
0 37915 5 0
0 37915 6 0
0 37915 7 0
0 37915 8 0
0 37915 9 0
0 37915 10 0
0 429 11 0
0 429 12 0
0 429 13 0
0 429 14 0
0 429 15 0
0 429 0 0
0 48266 1 0
0 48266 2 0
0 48266 3 0
0 48266 4 0
0 48266 5 0
0 48266 6 0
0 39721 7 0
0 39721 8 0
0 39721 9 0
0 39721 10 0
0 39721 11 0
0 39721 12 0
0 59874 13 0
0 59874 14 0
0 59874 15 0
0 59874 0 0
0 59874 1 0
0 59874 2 0
0 24309 3 0
0 24309 4 0
0 24309 5 0
0 24309 6 0
0 24309 7 0
0 24309 8 0
0 16041 9 0
0 16041 10 0
0 16041 11 0
0 16041 12 0
0 16041 13 0
0 16041 14 0
0 36048 15 0
0 36048 0 0
0 36048 1 0
0 36048 2 0
0 36048 3 0
0 36048 4 0
0 18797 5 0
0 18797 6 0
0 18797 7 0
0 18797 8 0
0 18797 9 0
0 18797 10 0
0 63001 11 0
0 63001 12 0
0 63001 13 0
0 63001 14 0
0 63001 15 0
0 63001 0 0
0 38944 1 0
0 38944 2 0
0 38944 3 0
0 38944 4 0
0 38944 5 0
0 38944 6 0
0 3157 7 0
0 3157 8 0
0 3157 9 0
0 3157 10 0
0 3157 11 0
0 3157 12 0
0 14637 13 0
0 14637 14 0
0 14637 15 0
0 14637 0 0
0 14637 1 0
0 14637 2 0
0 31053 3 0
0 31053 4 0
0 31053 5 0
0 31053 6 0
0 31053 7 0
0 31053 8 0
0 56404 9 0
0 56404 10 0
0 56404 11 0
0 56404 12 0
0 56404 13 0
0 56404 14 0
0 53673 15 0
0 53673 0 0
0 53673 1 0
0 53673 2 0
0 53673 3 0
0 53673 4 0
0 7116 5 0
0 7116 6 0
0 7116 7 0
0 7116 8 0
0 7116 9 0
0 7116 10 0
0 50509 11 0
0 50509 12 0
0 50509 13 0
0 50509 14 0
0 50509 15 0
0 50509 0 0
0 45596 1 0
0 45596 2 0
0 45596 3 0
0 45596 4 0
0 45596 5 0
0 45596 6 0
0 8292 7 0
0 8292 8 0
0 8292 9 0
0 8292 10 0
0 8292 11 0
0 8292 12 0
0 46163 13 0
0 46163 14 0
0 46163 15 0
0 46163 0 0
0 46163 1 0
0 46163 2 0
0 27821 3 0
0 27821 4 0
0 27821 5 0
0 27821 6 0
0 27821 7 0
0 27821 8 0
0 46160 9 0
0 46160 10 0
0 46160 11 0
0 46160 12 0
0 46160 13 0
0 46160 14 0
0 20352 15 0
0 20352 0 0
0 20352 1 0
0 20352 2 0
0 20352 3 0
0 20352 4 0
0 52968 5 0
0 52968 6 0
0 52968 7 0
0 52968 8 0
0 52968 9 0
0 52968 10 0
0 62501 11 0
0 62501 12 0
0 62501 13 0
0 62501 14 0
0 62501 15 0
0 62501 0 0
0 27725 1 0
0 27725 2 0
0 27725 3 0
0 27725 4 0
0 27725 5 0
0 27725 6 0
0 2825 7 0
0 2825 8 0
0 2825 9 0
0 2825 10 0
0 2825 11 0
0 2825 12 0
0 61391 13 0
0 61391 14 0
0 61391 15 0
0 61391 0 0
0 61391 1 0
0 61391 2 0
0 34146 3 0
0 34146 4 0
0 34146 5 0
0 34146 6 0
0 34146 7 0
0 34146 8 0
0 62006 9 0
0 62006 10 0
0 62006 11 0
0 62006 12 0
0 62006 13 0
0 62006 14 0
0 32241 15 0
0 32241 0 0
0 32241 1 0
0 32241 2 0
0 32241 3 0
0 32241 4 0
0 39634 5 0
0 39634 6 0
0 39634 7 0
0 39634 8 0
0 39634 9 0
0 39634 10 0
0 37110 11 0
0 37110 12 0
0 37110 13 0
0 37110 14 0
0 37110 15 0
0 37110 0 0
0 22564 1 0
0 22564 2 0
0 22564 3 0
0 22564 4 0
0 22564 5 0
0 22564 6 0
0 7140 7 0
0 7140 8 0
0 7140 9 0
0 7140 10 0
0 7140 11 0
0 7140 12 0
0 20930 13 0
0 20930 14 0
0 20930 15 0
0 20930 0 0
0 20930 1 0
0 20930 2 0
0 22228 3 0
0 22228 4 0
0 22228 5 0
0 22228 6 0
0 22228 7 0
0 22228 8 0
0 21133 9 0
0 21133 10 0
0 21133 11 0
0 21133 12 0
0 21133 13 0
0 21133 14 0
0 44209 15 0
0 44209 0 0
0 44209 1 0
0 44209 2 0
0 44209 3 0
0 44209 4 0
0 30063 5 0
0 30063 6 0
0 30063 7 0
0 30063 8 0
0 30063 9 0
0 30063 10 0
0 40799 11 0
0 40799 12 0
0 40799 13 0
0 40799 14 0
0 40799 15 0
0 40799 0 0
0 6027 1 0
0 6027 2 0
0 6027 3 0
0 6027 4 0
0 6027 5 0
0 6027 6 0
0 58943 7 0
0 58943 8 0
0 58943 9 0
0 58943 10 0
0 58943 11 0
0 58943 12 0
0 18633 13 0
0 18633 14 0
0 18633 15 0
0 18633 0 0
0 18633 1 0
0 18633 2 0
0 45008 3 0
0 45008 4 0
0 45008 5 0
0 45008 6 0
0 45008 7 0
0 45008 8 0
0 6240 9 0
0 6240 10 0
0 6240 11 0
0 6240 12 0
0 6240 13 0
0 6240 14 0
0 19481 15 0
0 19481 0 0
0 19481 1 0
0 19481 2 0
0 19481 3 0
0 19481 4 0
0 55547 5 0
0 55547 6 0
0 55547 7 0
0 55547 8 0
0 55547 9 0
0 55547 10 0
0 26395 11 0
0 26395 12 0
0 26395 13 0
0 26395 14 0
0 26395 15 0
0 26395 0 0
0 59407 1 0
0 59407 2 0
0 59407 3 0
0 59407 4 0
0 59407 5 0
0 59407 6 0
0 53797 7 0
0 53797 8 0
0 53797 9 0
0 53797 10 0
0 53797 11 0
0 53797 12 0
0 24873 13 0
0 24873 14 0
0 24873 15 0
0 24873 0 0
0 24873 1 0
0 24873 2 0
0 48134 3 0
0 48134 4 0
0 48134 5 0
0 48134 6 0
0 48134 7 0
0 48134 8 0
0 41131 9 0
0 41131 10 0
0 41131 11 0
0 41131 12 0
0 41131 13 0
0 41131 14 0
0 38230 15 0
0 38230 0 0
0 38230 1 0
0 38230 2 0
0 38230 3 0
0 38230 4 0
0 51501 5 0
0 51501 6 0
0 51501 7 0
0 51501 8 0
0 51501 9 0
0 51501 10 0
0 30812 11 0
0 30812 12 0
0 30812 13 0
0 30812 14 0
0 30812 15 0
0 30812 0 0
0 55468 1 0
0 55468 2 0
0 55468 3 0
0 55468 4 0
0 55468 5 0
0 55468 6 0
0 41514 7 0
0 41514 8 0
0 41514 9 0
0 41514 10 0
0 41514 11 0
0 41514 12 0
0 7502 13 0
0 7502 14 0
0 7502 15 0
0 7502 0 0
0 7502 1 0
0 7502 2 0
0 18205 3 0
0 18205 4 0
0 18205 5 0
0 18205 6 0
0 18205 7 0
0 18205 8 0
0 22833 9 0
0 22833 10 0
0 22833 11 0
0 22833 12 0
0 22833 13 0
0 22833 14 0
0 12386 15 0
0 12386 0 0
0 12386 1 0
0 12386 2 0
0 12386 3 0
0 12386 4 0
0 53058 5 0
0 53058 6 0
0 53058 7 0
0 53058 8 0
0 53058 9 0
0 53058 10 0
0 62265 11 0
0 62265 12 0
0 62265 13 0
0 62265 14 0
0 62265 15 0
0 62265 0 0
0 31047 1 0
0 31047 2 0
0 31047 3 0
0 31047 4 0
0 31047 5 0
0 31047 6 0
0 1755 7 0
0 1755 8 0
0 1755 9 0
0 1755 10 0
0 1755 11 0
0 1755 12 0
0 54299 13 0
0 54299 14 0
0 54299 15 0
0 54299 0 0
0 54299 1 0
0 54299 2 0
0 9706 3 0
0 9706 4 0
0 9706 5 0
0 9706 6 0
0 9706 7 0
0 9706 8 0
0 63585 9 0
0 63585 10 0
0 63585 11 0
0 63585 12 0
0 63585 13 0
0 63585 14 0
0 40175 15 0
0 40175 0 0
0 40175 1 0
0 40175 2 0
0 40175 3 0
0 40175 4 0
0 23634 5 0
0 23634 6 0
0 23634 7 0
0 23634 8 0
0 23634 9 0
0 23634 10 0
0 10280 11 0
0 10280 12 0
0 10280 13 0
0 10280 14 0
0 10280 15 0
0 10280 0 0
0 61061 1 0
0 61061 2 0
0 61061 3 0
0 61061 4 0
0 61061 5 0
0 61061 6 0
0 45103 7 0
0 45103 8 0
0 45103 9 0
0 45103 10 0
0 45103 11 0
0 45103 12 0
0 53914 13 0
0 53914 14 0
0 53914 15 0
0 53914 0 0
0 53914 1 0
0 53914 2 0
0 46638 3 0
0 46638 4 0
0 46638 5 0
0 46638 6 0
0 46638 7 0
0 46638 8 0
0 44816 9 0
0 44816 10 0
0 44816 11 0
0 44816 12 0
0 44816 13 0
0 44816 14 0
0 13530 15 0
0 13530 0 0
0 13530 1 0
0 13530 2 0
0 13530 3 0
0 13530 4 0
0 3729 5 0
0 3729 6 0
0 3729 7 0
0 3729 8 0
0 3729 9 0
0 3729 10 0
0 58703 11 0
0 58703 12 0
0 58703 13 0
0 58703 14 0
0 58703 15 0
0 58703 0 0
0 58407 1 0
0 58407 2 0
0 58407 3 0
0 58407 4 0
0 58407 5 0
0 58407 6 0
0 5870 7 0
0 5870 8 0
0 5870 9 0
0 5870 10 0
0 5870 11 0
0 5870 12 0
0 12021 13 0
0 12021 14 0
0 12021 15 0
0 12021 0 0
0 12021 1 0
0 12021 2 0
0 1443 3 0
0 1443 4 0
0 1443 5 0
0 1443 6 0
0 1443 7 0
0 1443 8 0
0 17732 9 0
0 17732 10 0
0 17732 11 0
0 17732 12 0
0 17732 13 0
0 17732 14 0
0 8963 15 0
0 8963 0 0
0 8963 1 0
0 8963 2 0
0 8963 3 0
0 8963 4 0
0 49504 5 0
0 49504 6 0
0 49504 7 0
0 49504 8 0
0 49504 9 0
0 49504 10 0
0 34891 11 0
0 34891 12 0
0 34891 13 0
0 34891 14 0
0 34891 15 0
0 34891 0 0
0 36902 1 0
0 36902 2 0
0 36902 3 0
0 36902 4 0
0 36902 5 0
0 36902 6 0
0 19050 7 0
0 19050 8 0
0 19050 9 0
0 19050 10 0
0 19050 11 0
0 19050 12 0
0 36747 13 0
0 36747 14 0
0 36747 15 0
0 36747 0 0
0 36747 1 0
0 36747 2 0
0 65500 3 0
0 65500 4 0
0 65500 5 0
0 65500 6 0
0 65500 7 0
0 65500 8 0
0 64410 9 0
0 64410 10 0
0 64410 11 0
0 64410 12 0
0 64410 13 0
0 64410 14 0
0 58079 15 0
0 58079 0 0
0 58079 1 0
0 58079 2 0
0 58079 3 0
0 58079 4 0
0 49152 5 0
0 49152 6 0
0 49152 7 0
0 49152 8 0
0 49152 9 0
0 49152 10 0
0 46887 11 0
0 46887 12 0
0 46887 13 0
0 46887 14 0
0 46887 15 0
0 46887 0 0
0 44744 1 0
0 44744 2 0
0 44744 3 0
0 44744 4 0
0 44744 5 0
0 44744 6 0
0 46337 7 0
0 46337 8 0
0 46337 9 0
0 46337 10 0
0 46337 11 0
0 46337 12 0
0 20678 13 0
0 20678 14 0
0 20678 15 0
0 20678 0 0
0 20678 1 0
0 20678 2 0
0 51518 3 0
0 51518 4 0
0 51518 5 0
0 51518 6 0
0 51518 7 0
0 51518 8 0
0 9972 9 0
0 9972 10 0
0 9972 11 0
0 9972 12 0
0 9972 13 0
0 9972 14 0
0 61502 15 0
0 61502 0 0
0 61502 1 0
0 61502 2 0
0 61502 3 0
0 61502 4 0
0 41599 5 0
0 41599 6 0
0 41599 7 0
0 41599 8 0
0 41599 9 0
0 41599 10 0
0 62954 11 0
0 62954 12 0
0 62954 13 0
0 62954 14 0
0 62954 15 0
0 62954 0 0
0 8540 1 0
0 8540 2 0
0 8540 3 0
0 8540 4 0
0 8540 5 0
0 8540 6 0
0 9007 7 0
0 9007 8 0
0 9007 9 0
0 9007 10 0
0 9007 11 0
0 9007 12 0
0 30998 13 0
0 30998 14 0
0 30998 15 0
0 30998 0 0
0 30998 1 0
0 30998 2 0
0 9099 3 0
0 9099 4 0
0 9099 5 0
0 9099 6 0
0 9099 7 0
0 9099 8 0
0 46656 9 0
0 46656 10 0
0 46656 11 0
0 46656 12 0
0 46656 13 0
0 46656 14 0
0 36681 15 0
0 36681 0 0
0 36681 1 0
0 36681 2 0
0 36681 3 0
0 36681 4 0
0 22517 5 0
0 22517 6 0
0 22517 7 0
0 22517 8 0
0 22517 9 0
0 22517 10 0
0 25759 11 0
0 25759 12 0
0 25759 13 0
0 25759 14 0
0 25759 15 0
0 25759 0 0
0 53736 1 0
0 53736 2 0
0 53736 3 0
0 53736 4 0
0 53736 5 0
0 53736 6 0
0 10055 7 0
0 10055 8 0
0 10055 9 0
0 10055 10 0
0 10055 11 0
0 10055 12 0
0 49737 13 0
0 49737 14 0
0 49737 15 0
0 49737 0 0
0 49737 1 0
0 49737 2 0
0 1895 3 0
0 1895 4 0
0 1895 5 0
0 1895 6 0
0 1895 7 0
0 1895 8 0
0 25444 9 0
0 25444 10 0
0 25444 11 0
0 25444 12 0
0 25444 13 0
0 25444 14 0
0 42564 15 0
0 42564 0 0
0 42564 1 0
0 42564 2 0
0 42564 3 0
0 42564 4 0
0 21626 5 0
0 21626 6 0
0 21626 7 0
0 21626 8 0
0 21626 9 0
0 21626 10 0
0 7943 11 0
0 7943 12 0
0 7943 13 0
0 7943 14 0
0 7943 15 0
0 7943 0 0
0 12275 1 0
0 12275 2 0
0 12275 3 0
0 12275 4 0
0 12275 5 0
0 12275 6 0
0 51926 7 0
0 51926 8 0
0 51926 9 0
0 51926 10 0
0 51926 11 0
0 51926 12 0
0 5675 13 0
0 5675 14 0
0 5675 15 0
0 5675 0 0
0 5675 1 0
0 5675 2 0
0 47312 3 0
0 47312 4 0
0 47312 5 0
0 47312 6 0
0 47312 7 0
0 47312 8 0
0 10354 9 0
0 10354 10 0
0 10354 11 0
0 10354 12 0
0 10354 13 0
0 10354 14 0
0 20935 15 0
0 20935 0 0
0 20935 1 0
0 20935 2 0
0 20935 3 0
0 20935 4 0
0 10903 5 0
0 10903 6 0
0 10903 7 0
0 10903 8 0
0 10903 9 0
0 10903 10 0
0 37539 11 0
0 37539 12 0
0 37539 13 0
0 37539 14 0
0 37539 15 0
0 37539 0 0
0 57453 1 0
0 57453 2 0
0 57453 3 0
0 57453 4 0
0 57453 5 0
0 57453 6 0
0 1687 7 0
0 1687 8 0
0 1687 9 0
0 1687 10 0
0 1687 11 0
0 1687 12 0
0 14052 13 0
0 14052 14 0
0 14052 15 0
0 14052 0 0
0 14052 1 0
0 14052 2 0
0 21772 3 0
0 21772 4 0
0 21772 5 0
0 21772 6 0
0 21772 7 0
0 21772 8 0
0 14 9 0
0 14 10 0
0 14 11 0
0 14 12 0
0 14 13 0
0 14 14 0
0 27844 15 0
0 27844 0 0
0 27844 1 0
0 27844 2 0
0 27844 3 0
0 27844 4 0
0 39282 5 0
0 39282 6 0
0 39282 7 0
0 39282 8 0
0 39282 9 0
0 39282 10 0
0 12641 11 0
0 12641 12 0
0 12641 13 0
0 12641 14 0
0 12641 15 0
0 12641 0 0
0 42790 1 0
0 42790 2 0
0 42790 3 0
0 42790 4 0
0 42790 5 0
0 42790 6 0
0 22140 7 0
0 22140 8 0
0 22140 9 0
0 22140 10 0
0 22140 11 0
0 22140 12 0
0 45905 13 0
0 45905 14 0
0 45905 15 0
0 45905 0 0
0 45905 1 0
0 45905 2 0
0 31633 3 0
0 31633 4 0
0 31633 5 0
0 31633 6 0
0 31633 7 0
0 31633 8 0
0 5552 9 0
0 5552 10 0
0 5552 11 0
0 5552 12 0
0 5552 13 0
0 5552 14 0
0 52638 15 0
0 52638 0 0
0 52638 1 0
0 52638 2 0
0 52638 3 0
0 52638 4 0
0 49645 5 0
0 49645 6 0
0 49645 7 0
0 49645 8 0
0 49645 9 0
0 49645 10 0
0 12962 11 0
0 12962 12 0
0 12962 13 0
0 12962 14 0
0 12962 15 0
0 12962 0 0
0 14871 1 0
0 14871 2 0
0 14871 3 0
0 14871 4 0
0 14871 5 0
0 14871 6 0
0 49203 7 0
0 49203 8 0
0 49203 9 0
0 49203 10 0
0 49203 11 0
0 49203 12 0
0 14152 13 0
0 14152 14 0
0 14152 15 0
0 14152 0 0
0 14152 1 0
0 14152 2 0
0 8017 3 0
0 8017 4 0
0 8017 5 0
0 8017 6 0
0 8017 7 0
0 8017 8 0
0 60123 9 0
0 60123 10 0
0 60123 11 0
0 60123 12 0
0 60123 13 0
0 60123 14 0
0 10521 15 0
0 10521 0 0
0 10521 1 0
0 10521 2 0
0 10521 3 0
0 10521 4 0
0 46623 5 0
0 46623 6 0
0 46623 7 0
0 46623 8 0
0 46623 9 0
0 46623 10 0
0 30179 11 0
0 30179 12 0
0 30179 13 0
0 30179 14 0
0 30179 15 0
0 30179 0 0
0 57090 1 0
0 57090 2 0
0 57090 3 0
0 57090 4 0
0 57090 5 0
0 57090 6 0
0 35557 7 0
0 35557 8 0
0 35557 9 0
0 35557 10 0
0 35557 11 0
0 35557 12 0
0 6051 13 0
0 6051 14 0
0 6051 15 0
