0 0 0 0
0 0 1 0
0 0 2 0
0 0 3 0
0 0 4 0
0 16801 5 0
0 16801 6 0
0 16801 7 0
0 16801 8 0
0 16801 9 0
0 16801 10 0
0 23901 11 0
0 23901 12 0
0 23901 13 0
0 23901 14 0
0 23901 15 0
0 23901 0 0
0 58004 1 0
0 58004 2 0
0 58004 3 0
0 58004 4 0
0 58004 5 0
0 58004 6 0
0 29119 7 0
0 29119 8 0
0 29119 9 0
0 29119 10 0
0 29119 11 0
0 29119 12 0
0 29289 13 0
0 29289 14 0
0 29289 15 0
0 29289 0 0
0 29289 1 0
0 29289 2 0
0 53497 3 0
0 53497 4 0
0 53497 5 0
0 53497 6 0
0 53497 7 0
0 53497 8 0
0 61581 9 0
0 61581 10 0
0 61581 11 0
0 61581 12 0
0 61581 13 0
0 61581 14 0
0 23575 15 0
0 23575 0 0
0 23575 1 0
0 23575 2 0
0 23575 3 0
0 23575 4 0
0 5863 5 0
0 5863 6 0
0 5863 7 0
0 5863 8 0
0 5863 9 0
0 5863 10 0
0 34946 11 0
0 34946 12 0
0 34946 13 0
0 34946 14 0
0 34946 15 0
0 34946 0 0
0 38177 1 0
0 38177 2 0
0 38177 3 0
0 38177 4 0
0 38177 5 0
0 38177 6 0
0 12376 7 0
0 12376 8 0
0 12376 9 0
0 12376 10 0
0 12376 11 0
0 12376 12 0
0 2790 13 0
0 2790 14 0
0 2790 15 0
0 2790 0 0
0 2790 1 0
0 2790 2 0
0 64432 3 0
0 64432 4 0
0 64432 5 0
0 64432 6 0
0 64432 7 0
0 64432 8 0
0 36241 9 0
0 36241 10 0
0 36241 11 0
0 36241 12 0
0 36241 13 0
0 36241 14 0
0 55920 15 0
0 55920 0 0
0 55920 1 0
0 55920 2 0
0 55920 3 0
0 55920 4 0
0 5181 5 0
0 5181 6 0
0 5181 7 0
0 5181 8 0
0 5181 9 0
0 5181 10 0
0 32910 11 0
0 32910 12 0
0 32910 13 0
0 32910 14 0
0 32910 15 0
0 32910 0 0
0 62655 1 0
0 62655 2 0
0 62655 3 0
0 62655 4 0
0 62655 5 0
0 62655 6 0
0 5549 7 0
0 5549 8 0
0 5549 9 0
0 5549 10 0
0 5549 11 0
0 5549 12 0
0 61954 13 0
0 61954 14 0
0 61954 15 0
0 61954 0 0
0 61954 1 0
0 61954 2 0
0 63154 3 0
0 63154 4 0
0 63154 5 0
0 63154 6 0
0 63154 7 0
0 63154 8 0
0 44104 9 0
0 44104 10 0
0 44104 11 0
0 44104 12 0
0 44104 13 0
0 44104 14 0
0 62383 15 0
0 62383 0 0
0 62383 1 0
0 62383 2 0
0 62383 3 0
0 62383 4 0
0 55458 5 0
0 55458 6 0
0 55458 7 0
0 55458 8 0
0 55458 9 0
0 55458 10 0
0 36119 11 0
0 36119 12 0
0 36119 13 0
0 36119 14 0
0 36119 15 0
0 36119 0 0
0 4993 1 0
0 4993 2 0
0 4993 3 0
0 4993 4 0
0 4993 5 0
0 4993 6 0
0 9431 7 0
0 9431 8 0
0 9431 9 0
0 9431 10 0
0 9431 11 0
0 9431 12 0
0 11488 13 0
0 11488 14 0
0 11488 15 0
0 11488 0 0
0 11488 1 0
0 11488 2 0
0 29914 3 0
0 29914 4 0
0 29914 5 0
0 29914 6 0
0 29914 7 0
0 29914 8 0
0 24646 9 0
0 24646 10 0
0 24646 11 0
0 24646 12 0
0 24646 13 0
0 24646 14 0
0 28297 15 0
0 28297 0 0
0 28297 1 0
0 28297 2 0
0 28297 3 0
0 28297 4 0
0 35900 5 0
0 35900 6 0
0 35900 7 0
0 35900 8 0
0 35900 9 0
0 35900 10 0
0 41441 11 0
0 41441 12 0
0 41441 13 0
0 41441 14 0
0 41441 15 0
0 41441 0 0
0 22922 1 0
0 22922 2 0
0 22922 3 0
0 22922 4 0
0 22922 5 0
0 22922 6 0
0 53105 7 0
0 53105 8 0
0 53105 9 0
0 53105 10 0
0 53105 11 0
0 53105 12 0
0 29894 13 0
0 29894 14 0
0 29894 15 0
0 29894 0 0
0 29894 1 0
0 29894 2 0
0 31888 3 0
0 31888 4 0
0 31888 5 0
0 31888 6 0
0 31888 7 0
0 31888 8 0
0 11569 9 0
0 11569 10 0
0 11569 11 0
0 11569 12 0
0 11569 13 0
0 11569 14 0
0 3001 15 0
0 3001 0 0
0 3001 1 0
0 3001 2 0
0 3001 3 0
0 3001 4 0
0 47991 5 0
0 47991 6 0
0 47991 7 0
0 47991 8 0
0 47991 9 0
0 47991 10 0
0 1723 11 0
0 1723 12 0
0 1723 13 0
0 1723 14 0
0 1723 15 0
0 1723 0 0
0 23615 1 0
0 23615 2 0
0 23615 3 0
0 23615 4 0
0 23615 5 0
0 23615 6 0
0 40403 7 0
0 40403 8 0
0 40403 9 0
0 40403 10 0
0 40403 11 0
0 40403 12 0
0 52713 13 0
0 52713 14 0
0 52713 15 0
0 52713 0 0
0 52713 1 0
0 52713 2 0
0 62212 3 0
0 62212 4 0
0 62212 5 0
0 62212 6 0
0 62212 7 0
0 62212 8 0
0 7878 9 0
0 7878 10 0
0 7878 11 0
0 7878 12 0
0 7878 13 0
0 7878 14 0
0 18999 15 0
0 18999 0 0
0 18999 1 0
0 18999 2 0
0 18999 3 0
0 18999 4 0
0 47756 5 0
0 47756 6 0
0 47756 7 0
0 47756 8 0
0 47756 9 0
0 47756 10 0
0 16165 11 0
0 16165 12 0
0 16165 13 0
0 16165 14 0
0 16165 15 0
0 16165 0 0
0 40103 1 0
0 40103 2 0
0 40103 3 0
0 40103 4 0
0 40103 5 0
0 40103 6 0
0 19082 7 0
0 19082 8 0
0 19082 9 0
0 19082 10 0
0 19082 11 0
0 19082 12 0
0 50207 13 0
0 50207 14 0
0 50207 15 0
0 50207 0 0
0 50207 1 0
0 50207 2 0
0 55042 3 0
0 55042 4 0
0 55042 5 0
0 55042 6 0
0 55042 7 0
0 55042 8 0
0 63884 9 0
0 63884 10 0
0 63884 11 0
0 63884 12 0
0 63884 13 0
0 63884 14 0
0 61506 15 0
0 61506 0 0
0 61506 1 0
0 61506 2 0
0 61506 3 0
0 61506 4 0
0 42432 5 0
0 42432 6 0
0 42432 7 0
0 42432 8 0
0 42432 9 0
0 42432 10 0
0 22238 11 0
0 22238 12 0
0 22238 13 0
0 22238 14 0
0 22238 15 0
0 22238 0 0
0 32730 1 0
0 32730 2 0
0 32730 3 0
0 32730 4 0
0 32730 5 0
0 32730 6 0
0 45063 7 0
0 45063 8 0
0 45063 9 0
0 45063 10 0
0 45063 11 0
0 45063 12 0
0 41726 13 0
0 41726 14 0
0 41726 15 0
0 41726 0 0
0 41726 1 0
0 41726 2 0
0 22515 3 0
0 22515 4 0
0 22515 5 0
0 22515 6 0
0 22515 7 0
0 22515 8 0
0 53275 9 0
0 53275 10 0
0 53275 11 0
0 53275 12 0
0 53275 13 0
0 53275 14 0
0 50103 15 0
0 50103 0 0
0 50103 1 0
0 50103 2 0
0 50103 3 0
0 50103 4 0
0 43716 5 0
0 43716 6 0
0 43716 7 0
0 43716 8 0
0 43716 9 0
0 43716 10 0
0 42819 11 0
0 42819 12 0
0 42819 13 0
0 42819 14 0
0 42819 15 0
0 42819 0 0
0 53413 1 0
0 53413 2 0
0 53413 3 0
0 53413 4 0
0 53413 5 0
0 53413 6 0
0 18737 7 0
0 18737 8 0
0 18737 9 0
0 18737 10 0
0 18737 11 0
0 18737 12 0
0 58092 13 0
0 58092 14 0
0 58092 15 0
0 58092 0 0
0 58092 1 0
0 58092 2 0
0 10432 3 0
0 10432 4 0
0 10432 5 0
0 10432 6 0
0 10432 7 0
0 10432 8 0
0 39832 9 0
0 39832 10 0
0 39832 11 0
0 39832 12 0
0 39832 13 0
0 39832 14 0
0 50218 15 0
0 50218 0 0
0 50218 1 0
0 50218 2 0
0 50218 3 0
0 50218 4 0
0 25618 5 0
0 25618 6 0
0 25618 7 0
0 25618 8 0
0 25618 9 0
0 25618 10 0
0 3292 11 0
0 3292 12 0
0 3292 13 0
0 3292 14 0
0 3292 15 0
0 3292 0 0
0 57566 1 0
0 57566 2 0
0 57566 3 0
0 57566 4 0
0 57566 5 0
0 57566 6 0
0 28994 7 0
0 28994 8 0
0 28994 9 0
0 28994 10 0
0 28994 11 0
0 28994 12 0
0 40081 13 0
0 40081 14 0
0 40081 15 0
0 40081 0 0
0 40081 1 0
0 40081 2 0
0 1399 3 0
0 1399 4 0
0 1399 5 0
0 1399 6 0
0 1399 7 0
0 1399 8 0
0 1168 9 0
0 1168 10 0
0 1168 11 0
0 1168 12 0
0 1168 13 0
0 1168 14 0
0 38323 15 0
0 38323 0 0
0 38323 1 0
0 38323 2 0
0 38323 3 0
0 38323 4 0
0 80 5 0
0 80 6 0
0 80 7 0
0 80 8 0
0 80 9 0
0 80 10 0
0 8083 11 0
0 8083 12 0
0 8083 13 0
0 8083 14 0
0 8083 15 0
0 8083 0 0
0 31531 1 0
0 31531 2 0
0 31531 3 0
0 31531 4 0
0 31531 5 0
0 31531 6 0
0 43442 7 0
0 43442 8 0
0 43442 9 0
0 43442 10 0
0 43442 11 0
0 43442 12 0
0 47440 13 0
0 47440 14 0
0 47440 15 0
0 47440 0 0
0 47440 1 0
0 47440 2 0
0 45965 3 0
0 45965 4 0
0 45965 5 0
0 45965 6 0
0 45965 7 0
0 45965 8 0
0 11038 9 0
0 11038 10 0
0 11038 11 0
0 11038 12 0
0 11038 13 0
0 11038 14 0
0 36732 15 0
0 36732 0 0
0 36732 1 0
0 36732 2 0
0 36732 3 0
0 36732 4 0
0 2840 5 0
0 2840 6 0
0 2840 7 0
0 2840 8 0
0 2840 9 0
0 2840 10 0
0 17851 11 0
0 17851 12 0
0 17851 13 0
0 17851 14 0
0 17851 15 0
0 17851 0 0
0 7774 1 0
0 7774 2 0
0 7774 3 0
0 7774 4 0
0 7774 5 0
0 7774 6 0
0 9040 7 0
0 9040 8 0
0 9040 9 0
0 9040 10 0
0 9040 11 0
0 9040 12 0
0 43772 13 0
0 43772 14 0
0 43772 15 0
0 43772 0 0
0 43772 1 0
0 43772 2 0
0 10002 3 0
0 10002 4 0
0 10002 5 0
0 10002 6 0
0 10002 7 0
0 10002 8 0
0 35200 9 0
0 35200 10 0
0 35200 11 0
0 35200 12 0
0 35200 13 0
0 35200 14 0
0 18974 15 0
0 18974 0 0
0 18974 1 0
0 18974 2 0
0 18974 3 0
0 18974 4 0
0 45165 5 0
0 45165 6 0
0 45165 7 0
0 45165 8 0
0 45165 9 0
0 45165 10 0
0 32241 11 0
0 32241 12 0
0 32241 13 0
0 32241 14 0
0 32241 15 0
0 32241 0 0
0 798 1 0
0 798 2 0
0 798 3 0
0 798 4 0
0 798 5 0
0 798 6 0
0 57341 7 0
0 57341 8 0
0 57341 9 0
0 57341 10 0
0 57341 11 0
0 57341 12 0
0 44566 13 0
0 44566 14 0
0 44566 15 0
0 44566 0 0
0 44566 1 0
0 44566 2 0
0 56071 3 0
0 56071 4 0
0 56071 5 0
0 56071 6 0
0 56071 7 0
0 56071 8 0
0 52100 9 0
0 52100 10 0
0 52100 11 0
0 52100 12 0
0 52100 13 0
0 52100 14 0
0 50421 15 0
0 50421 0 0
0 50421 1 0
0 50421 2 0
0 50421 3 0
0 50421 4 0
0 60663 5 0
0 60663 6 0
0 60663 7 0
0 60663 8 0
0 60663 9 0
0 60663 10 0
0 15304 11 0
0 15304 12 0
0 15304 13 0
0 15304 14 0
0 15304 15 0
0 15304 0 0
0 692 1 0
0 692 2 0
0 692 3 0
0 692 4 0
0 692 5 0
0 692 6 0
0 57916 7 0
0 57916 8 0
0 57916 9 0
0 57916 10 0
0 57916 11 0
0 57916 12 0
0 34150 13 0
0 34150 14 0
0 34150 15 0
0 34150 0 0
0 34150 1 0
0 34150 2 0
0 14901 3 0
0 14901 4 0
0 14901 5 0
0 14901 6 0
0 14901 7 0
0 14901 8 0
0 47051 9 0
0 47051 10 0
0 47051 11 0
0 47051 12 0
0 47051 13 0
0 47051 14 0
0 9714 15 0
0 9714 0 0
0 9714 1 0
0 9714 2 0
0 9714 3 0
0 9714 4 0
0 64269 5 0
0 64269 6 0
0 64269 7 0
0 64269 8 0
0 64269 9 0
0 64269 10 0
0 43866 11 0
0 43866 12 0
0 43866 13 0
0 43866 14 0
0 43866 15 0
0 43866 0 0
0 51759 1 0
0 51759 2 0
0 51759 3 0
0 51759 4 0
0 51759 5 0
0 51759 6 0
0 49648 7 0
0 49648 8 0
0 49648 9 0
0 49648 10 0
0 49648 11 0
0 49648 12 0
0 13257 13 0
0 13257 14 0
0 13257 15 0
0 13257 0 0
0 13257 1 0
0 13257 2 0
0 77 3 0
0 77 4 0
0 77 5 0
0 77 6 0
0 77 7 0
0 77 8 0
0 23539 9 0
0 23539 10 0
0 23539 11 0
0 23539 12 0
0 23539 13 0
0 23539 14 0
0 53863 15 0
0 53863 0 0
0 53863 1 0
0 53863 2 0
0 53863 3 0
0 53863 4 0
0 53094 5 0
0 53094 6 0
0 53094 7 0
0 53094 8 0
0 53094 9 0
0 53094 10 0
0 45240 11 0
0 45240 12 0
0 45240 13 0
0 45240 14 0
0 45240 15 0
0 45240 0 0
0 4373 1 0
0 4373 2 0
0 4373 3 0
0 4373 4 0
0 4373 5 0
0 4373 6 0
0 7538 7 0
0 7538 8 0
0 7538 9 0
0 7538 10 0
0 7538 11 0
0 7538 12 0
0 20793 13 0
0 20793 14 0
0 20793 15 0
0 20793 0 0
0 20793 1 0
0 20793 2 0
0 46407 3 0
0 46407 4 0
0 46407 5 0
0 46407 6 0
0 46407 7 0
0 46407 8 0
0 23470 9 0
0 23470 10 0
0 23470 11 0
0 23470 12 0
0 23470 13 0
0 23470 14 0
0 59932 15 0
0 59932 0 0
0 59932 1 0
0 59932 2 0
0 59932 3 0
0 59932 4 0
0 38109 5 0
0 38109 6 0
0 38109 7 0
0 38109 8 0
0 38109 9 0
0 38109 10 0
0 63309 11 0
0 63309 12 0
0 63309 13 0
0 63309 14 0
0 63309 15 0
0 63309 0 0
0 40991 1 0
0 40991 2 0
0 40991 3 0
0 40991 4 0
0 40991 5 0
0 40991 6 0
0 39116 7 0
0 39116 8 0
0 39116 9 0
0 39116 10 0
0 39116 11 0
0 39116 12 0
0 13264 13 0
0 13264 14 0
0 13264 15 0
0 13264 0 0
0 13264 1 0
0 13264 2 0
0 47621 3 0
0 47621 4 0
0 47621 5 0
0 47621 6 0
0 47621 7 0
0 47621 8 0
0 22718 9 0
0 22718 10 0
0 22718 11 0
0 22718 12 0
0 22718 13 0
0 22718 14 0
0 64760 15 0
0 64760 0 0
0 64760 1 0
0 64760 2 0
0 64760 3 0
0 64760 4 0
0 4800 5 0
0 4800 6 0
0 4800 7 0
0 4800 8 0
0 4800 9 0
0 4800 10 0
0 60006 11 0
0 60006 12 0
0 60006 13 0
0 60006 14 0
0 60006 15 0
0 60006 0 0
0 56579 1 0
0 56579 2 0
0 56579 3 0
0 56579 4 0
0 56579 5 0
0 56579 6 0
0 35109 7 0
0 35109 8 0
0 35109 9 0
0 35109 10 0
0 35109 11 0
0 35109 12 0
0 48391 13 0
0 48391 14 0
0 48391 15 0
0 48391 0 0
0 48391 1 0
0 48391 2 0
0 25496 3 0
0 25496 4 0
0 25496 5 0
0 25496 6 0
0 25496 7 0
0 25496 8 0
0 927 9 0
0 927 10 0
0 927 11 0
0 927 12 0
0 927 13 0
0 927 14 0
0 48892 15 0
0 48892 0 0
0 48892 1 0
0 48892 2 0
0 48892 3 0
0 48892 4 0
0 32358 5 0
0 32358 6 0
0 32358 7 0
0 32358 8 0
0 32358 9 0
0 32358 10 0
0 15138 11 0
0 15138 12 0
0 15138 13 0
0 15138 14 0
0 15138 15 0
0 15138 0 0
0 26982 1 0
0 26982 2 0
0 26982 3 0
0 26982 4 0
0 26982 5 0
0 26982 6 0
0 50214 7 0
0 50214 8 0
0 50214 9 0
0 50214 10 0
0 50214 11 0
0 50214 12 0
0 40360 13 0
0 40360 14 0
0 40360 15 0
0 40360 0 0
0 40360 1 0
0 40360 2 0
0 22317 3 0
0 22317 4 0
0 22317 5 0
0 22317 6 0
0 22317 7 0
0 22317 8 0
0 3902 9 0
0 3902 10 0
0 3902 11 0
0 3902 12 0
0 3902 13 0
0 3902 14 0
0 54950 15 0
0 54950 0 0
0 54950 1 0
0 54950 2 0
0 54950 3 0
0 54950 4 0
0 48860 5 0
0 48860 6 0
0 48860 7 0
0 48860 8 0
0 48860 9 0
0 48860 10 0
0 60053 11 0
0 60053 12 0
0 60053 13 0
0 60053 14 0
0 60053 15 0
0 60053 0 0
0 23332 1 0
0 23332 2 0
0 23332 3 0
0 23332 4 0
0 23332 5 0
0 23332 6 0
0 53291 7 0
0 53291 8 0
0 53291 9 0
0 53291 10 0
0 53291 11 0
0 53291 12 0
0 38786 13 0
0 38786 14 0
0 38786 15 0
0 38786 0 0
0 38786 1 0
0 38786 2 0
0 25592 3 0
0 25592 4 0
0 25592 5 0
0 25592 6 0
0 25592 7 0
0 25592 8 0
0 35076 9 0
0 35076 10 0
0 35076 11 0
0 35076 12 0
0 35076 13 0
0 35076 14 0
0 45166 15 0
0 45166 0 0
0 45166 1 0
0 45166 2 0
0 45166 3 0
0 45166 4 0
0 40961 5 0
0 40961 6 0
0 40961 7 0
0 40961 8 0
0 40961 9 0
0 40961 10 0
0 49263 11 0
0 49263 12 0
0 49263 13 0
0 49263 14 0
0 49263 15 0
0 49263 0 0
0 54940 1 0
0 54940 2 0
0 54940 3 0
0 54940 4 0
0 54940 5 0
0 54940 6 0
0 14808 7 0
0 14808 8 0
0 14808 9 0
0 14808 10 0
0 14808 11 0
0 14808 12 0
0 49496 13 0
0 49496 14 0
0 49496 15 0
0 49496 0 0
0 49496 1 0
0 49496 2 0
0 26892 3 0
0 26892 4 0
0 26892 5 0
0 26892 6 0
0 26892 7 0
0 26892 8 0
0 4715 9 0
0 4715 10 0
0 4715 11 0
0 4715 12 0
0 4715 13 0
0 4715 14 0
0 27329 15 0
0 27329 0 0
0 27329 1 0
0 27329 2 0
0 27329 3 0
0 27329 4 0
0 64294 5 0
0 64294 6 0
0 64294 7 0
0 64294 8 0
0 64294 9 0
0 64294 10 0
0 44209 11 0
0 44209 12 0
0 44209 13 0
0 44209 14 0
0 44209 15 0
0 44209 0 0
0 29899 1 0
0 29899 2 0
0 29899 3 0
0 29899 4 0
0 29899 5 0
0 29899 6 0
0 32732 7 0
0 32732 8 0
0 32732 9 0
0 32732 10 0
0 32732 11 0
0 32732 12 0
0 64361 13 0
0 64361 14 0
0 64361 15 0
0 64361 0 0
0 64361 1 0
0 64361 2 0
0 62487 3 0
0 62487 4 0
0 62487 5 0
0 62487 6 0
0 62487 7 0
0 62487 8 0
0 32717 9 0
0 32717 10 0
0 32717 11 0
0 32717 12 0
0 32717 13 0
0 32717 14 0
0 14364 15 0
0 14364 0 0
0 14364 1 0
0 14364 2 0
0 14364 3 0
0 14364 4 0
0 17513 5 0
0 17513 6 0
0 17513 7 0
0 17513 8 0
0 17513 9 0
0 17513 10 0
0 19640 11 0
0 19640 12 0
0 19640 13 0
0 19640 14 0
0 19640 15 0
0 19640 0 0
0 35567 1 0
0 35567 2 0
0 35567 3 0
0 35567 4 0
0 35567 5 0
0 35567 6 0
0 41553 7 0
0 41553 8 0
0 41553 9 0
0 41553 10 0
0 41553 11 0
0 41553 12 0
0 16872 13 0
0 16872 14 0
0 16872 15 0
0 16872 0 0
0 16872 1 0
0 16872 2 0
0 5493 3 0
0 5493 4 0
0 5493 5 0
0 5493 6 0
0 5493 7 0
0 5493 8 0
0 49202 9 0
0 49202 10 0
0 49202 11 0
0 49202 12 0
0 49202 13 0
0 49202 14 0
0 21755 15 0
0 21755 0 0
0 21755 1 0
0 21755 2 0
0 21755 3 0
0 21755 4 0
0 49204 5 0
0 49204 6 0
0 49204 7 0
0 49204 8 0
0 49204 9 0
0 49204 10 0
0 60892 11 0
0 60892 12 0
0 60892 13 0
0 60892 14 0
0 60892 15 0
0 60892 0 0
0 5281 1 0
0 5281 2 0
0 5281 3 0
0 5281 4 0
0 5281 5 0
0 5281 6 0
0 33669 7 0
0 33669 8 0
0 33669 9 0
0 33669 10 0
0 33669 11 0
0 33669 12 0
0 61328 13 0
0 61328 14 0
0 61328 15 0
0 61328 0 0
0 61328 1 0
0 61328 2 0
0 48332 3 0
0 48332 4 0
0 48332 5 0
0 48332 6 0
0 48332 7 0
0 48332 8 0
0 40072 9 0
0 40072 10 0
0 40072 11 0
0 40072 12 0
0 40072 13 0
0 40072 14 0
0 51152 15 0
0 51152 0 0
0 51152 1 0
0 51152 2 0
0 51152 3 0
0 51152 4 0
0 56640 5 0
0 56640 6 0
0 56640 7 0
0 56640 8 0
0 56640 9 0
0 56640 10 0
0 8465 11 0
0 8465 12 0
0 8465 13 0
0 8465 14 0
0 8465 15 0
0 8465 0 0
0 55004 1 0
0 55004 2 0
0 55004 3 0
0 55004 4 0
0 55004 5 0
0 55004 6 0
0 61492 7 0
0 61492 8 0
0 61492 9 0
0 61492 10 0
0 61492 11 0
0 61492 12 0
0 39886 13 0
0 39886 14 0
0 39886 15 0
0 39886 0 0
0 39886 1 0
0 39886 2 0
0 32570 3 0
0 32570 4 0
0 32570 5 0
0 32570 6 0
0 32570 7 0
0 32570 8 0
0 2384 9 0
0 2384 10 0
0 2384 11 0
0 2384 12 0
0 2384 13 0
0 2384 14 0
0 54539 15 0
0 54539 0 0
0 54539 1 0
0 54539 2 0
0 54539 3 0
0 54539 4 0
0 38482 5 0
0 38482 6 0
0 38482 7 0
0 38482 8 0
0 38482 9 0
0 38482 10 0
0 58668 11 0
0 58668 12 0
0 58668 13 0
0 58668 14 0
0 58668 15 0
0 58668 0 0
0 63236 1 0
0 63236 2 0
0 63236 3 0
0 63236 4 0
0 63236 5 0
0 63236 6 0
0 50621 7 0
0 50621 8 0
0 50621 9 0
0 50621 10 0
0 50621 11 0
0 50621 12 0
0 43482 13 0
0 43482 14 0
0 43482 15 0
0 43482 0 0
0 43482 1 0
0 43482 2 0
0 45883 3 0
0 45883 4 0
0 45883 5 0
0 45883 6 0
0 45883 7 0
0 45883 8 0
0 16708 9 0
0 16708 10 0
0 16708 11 0
0 16708 12 0
0 16708 13 0
0 16708 14 0
0 45217 15 0
0 45217 0 0
0 45217 1 0
0 45217 2 0
0 45217 3 0
0 45217 4 0
0 40353 5 0
0 40353 6 0
0 40353 7 0
0 40353 8 0
0 40353 9 0
0 40353 10 0
0 60405 11 0
0 60405 12 0
0 60405 13 0
0 60405 14 0
0 60405 15 0
0 60405 0 0
0 18706 1 0
0 18706 2 0
0 18706 3 0
0 18706 4 0
0 18706 5 0
0 18706 6 0
0 26849 7 0
0 26849 8 0
0 26849 9 0
0 26849 10 0
0 26849 11 0
0 26849 12 0
0 40259 13 0
0 40259 14 0
0 40259 15 0
0 40259 0 0
0 40259 1 0
0 40259 2 0
0 11158 3 0
0 11158 4 0
0 11158 5 0
0 11158 6 0
0 11158 7 0
0 11158 8 0
0 59960 9 0
0 59960 10 0
0 59960 11 0
0 59960 12 0
0 59960 13 0
0 59960 14 0
0 18343 15 0
0 18343 0 0
0 18343 1 0
0 18343 2 0
0 18343 3 0
0 18343 4 0
0 32945 5 0
0 32945 6 0
0 32945 7 0
0 32945 8 0
0 32945 9 0
0 32945 10 0
0 15283 11 0
0 15283 12 0
0 15283 13 0
0 15283 14 0
0 15283 15 0
0 15283 0 0
0 21550 1 0
0 21550 2 0
0 21550 3 0
0 21550 4 0
0 21550 5 0
0 21550 6 0
0 47110 7 0
0 47110 8 0
0 47110 9 0
0 47110 10 0
0 47110 11 0
0 47110 12 0
0 62576 13 0
0 62576 14 0
0 62576 15 0
0 62576 0 0
0 62576 1 0
0 62576 2 0
0 5324 3 0
0 5324 4 0
0 5324 5 0
0 5324 6 0
0 5324 7 0
0 5324 8 0
0 24089 9 0
0 24089 10 0
0 24089 11 0
0 24089 12 0
0 24089 13 0
0 24089 14 0
0 54965 15 0
0 54965 0 0
0 54965 1 0
0 54965 2 0
0 54965 3 0
0 54965 4 0
0 26346 5 0
0 26346 6 0
0 26346 7 0
0 26346 8 0
0 26346 9 0
0 26346 10 0
0 35158 11 0
0 35158 12 0
0 35158 13 0
0 35158 14 0
0 35158 15 0
0 35158 0 0
0 1217 1 0
0 1217 2 0
0 1217 3 0
0 1217 4 0
0 1217 5 0
0 1217 6 0
0 45943 7 0
0 45943 8 0
0 45943 9 0
0 45943 10 0
0 45943 11 0
0 45943 12 0
0 128 13 0
0 128 14 0
0 128 15 0
0 128 0 0
0 128 1 0
0 128 2 0
0 41779 3 0
0 41779 4 0
0 41779 5 0
0 41779 6 0
0 41779 7 0
0 41779 8 0
0 43096 9 0
0 43096 10 0
0 43096 11 0
0 43096 12 0
0 43096 13 0
0 43096 14 0
0 12953 15 0
0 12953 0 0
0 12953 1 0
0 12953 2 0
0 12953 3 0
0 12953 4 0
0 25176 5 0
0 25176 6 0
0 25176 7 0
0 25176 8 0
0 25176 9 0
0 25176 10 0
0 11785 11 0
0 11785 12 0
0 11785 13 0
0 11785 14 0
0 11785 15 0
0 11785 0 0
0 50123 1 0
0 50123 2 0
0 50123 3 0
0 50123 4 0
0 50123 5 0
0 50123 6 0
0 5486 7 0
0 5486 8 0
0 5486 9 0
0 5486 10 0
0 5486 11 0
0 5486 12 0
0 50796 13 0
0 50796 14 0
0 50796 15 0
0 50796 0 0
0 50796 1 0
0 50796 2 0
0 37693 3 0
0 37693 4 0
0 37693 5 0
0 37693 6 0
0 37693 7 0
0 37693 8 0
0 32225 9 0
0 32225 10 0
0 32225 11 0
0 32225 12 0
0 32225 13 0
0 32225 14 0
0 16541 15 0
0 16541 0 0
0 16541 1 0
0 16541 2 0
0 16541 3 0
0 16541 4 0
0 12993 5 0
0 12993 6 0
0 12993 7 0
0 12993 8 0
0 12993 9 0
0 12993 10 0
0 45372 11 0
0 45372 12 0
0 45372 13 0
0 45372 14 0
0 45372 15 0
0 45372 0 0
0 27453 1 0
0 27453 2 0
0 27453 3 0
0 27453 4 0
0 27453 5 0
0 27453 6 0
0 24816 7 0
0 24816 8 0
0 24816 9 0
0 24816 10 0
0 24816 11 0
0 24816 12 0
0 54017 13 0
0 54017 14 0
0 54017 15 0
0 54017 0 0
0 54017 1 0
0 54017 2 0
0 21236 3 0
0 21236 4 0
0 21236 5 0
0 21236 6 0
0 21236 7 0
0 21236 8 0
0 57285 9 0
0 57285 10 0
0 57285 11 0
0 57285 12 0
0 57285 13 0
0 57285 14 0
0 2545 15 0
0 2545 0 0
0 2545 1 0
0 2545 2 0
0 2545 3 0
0 2545 4 0
0 36010 5 0
0 36010 6 0
0 36010 7 0
0 36010 8 0
0 36010 9 0
0 36010 10 0
0 32897 11 0
0 32897 12 0
0 32897 13 0
0 32897 14 0
0 32897 15 0
0 32897 0 0
0 11175 1 0
0 11175 2 0
0 11175 3 0
0 11175 4 0
0 11175 5 0
0 11175 6 0
0 300 7 0
0 300 8 0
0 300 9 0
0 300 10 0
0 300 11 0
0 300 12 0
0 59254 13 0
0 59254 14 0
0 59254 15 0
0 59254 0 0
0 59254 1 0
0 59254 2 0
0 38662 3 0
0 38662 4 0
0 38662 5 0
0 38662 6 0
0 38662 7 0
0 38662 8 0
0 36208 9 0
0 36208 10 0
0 36208 11 0
0 36208 12 0
0 36208 13 0
0 36208 14 0
0 48031 15 0
0 48031 0 0
0 48031 1 0
0 48031 2 0
0 48031 3 0
0 48031 4 0
0 5326 5 0
0 5326 6 0
0 5326 7 0
0 5326 8 0
0 5326 9 0
0 5326 10 0
0 54903 11 0
0 54903 12 0
0 54903 13 0
0 54903 14 0
0 54903 15 0
0 54903 0 0
0 4271 1 0
0 4271 2 0
0 4271 3 0
0 4271 4 0
0 4271 5 0
0 4271 6 0
0 5550 7 0
0 5550 8 0
0 5550 9 0
0 5550 10 0
0 5550 11 0
0 5550 12 0
0 25850 13 0
0 25850 14 0
0 25850 15 0
0 25850 0 0
0 25850 1 0
0 25850 2 0
0 226 3 0
0 226 4 0
0 226 5 0
0 226 6 0
0 226 7 0
0 226 8 0
0 18996 9 0
0 18996 10 0
0 18996 11 0
0 18996 12 0
0 18996 13 0
0 18996 14 0
0 11286 15 0
0 11286 0 0
0 11286 1 0
0 11286 2 0
0 11286 3 0
0 11286 4 0
0 26387 5 0
0 26387 6 0
0 26387 7 0
0 26387 8 0
0 26387 9 0
0 26387 10 0
0 51834 11 0
0 51834 12 0
0 51834 13 0
0 51834 14 0
0 51834 15 0
0 51834 0 0
0 53373 1 0
0 53373 2 0
0 53373 3 0
0 53373 4 0
0 53373 5 0
0 53373 6 0
0 41397 7 0
0 41397 8 0
0 41397 9 0
0 41397 10 0
0 41397 11 0
0 41397 12 0
0 14170 13 0
0 14170 14 0
0 14170 15 0
0 14170 0 0
0 14170 1 0
0 14170 2 0
0 13194 3 0
0 13194 4 0
0 13194 5 0
0 13194 6 0
0 13194 7 0
0 13194 8 0
0 31710 9 0
0 31710 10 0
0 31710 11 0
0 31710 12 0
0 31710 13 0
0 31710 14 0
0 41381 15 0
0 41381 0 0
0 41381 1 0
0 41381 2 0
0 41381 3 0
0 41381 4 0
0 10980 5 0
0 10980 6 0
0 10980 7 0
0 10980 8 0
0 10980 9 0
0 10980 10 0
0 23514 11 0
0 23514 12 0
0 23514 13 0
0 23514 14 0
0 23514 15 0
0 23514 0 0
0 23521 1 0
0 23521 2 0
0 23521 3 0
0 23521 4 0
0 23521 5 0
0 23521 6 0
0 30856 7 0
0 30856 8 0
0 30856 9 0
0 30856 10 0
0 30856 11 0
0 30856 12 0
0 63680 13 0
0 63680 14 0
0 63680 15 0
0 63680 0 0
0 63680 1 0
0 63680 2 0
0 12277 3 0
0 12277 4 0
0 12277 5 0
0 12277 6 0
0 12277 7 0
0 12277 8 0
0 56627 9 0
0 56627 10 0
0 56627 11 0
0 56627 12 0
0 56627 13 0
0 56627 14 0
0 30364 15 0
0 30364 0 0
0 30364 1 0
0 30364 2 0
0 30364 3 0
0 30364 4 0
0 43855 5 0
0 43855 6 0
0 43855 7 0
0 43855 8 0
0 43855 9 0
0 43855 10 0
0 35550 11 0
0 35550 12 0
0 35550 13 0
0 35550 14 0
0 35550 15 0
0 35550 0 0
0 50048 1 0
0 50048 2 0
0 50048 3 0
0 50048 4 0
0 50048 5 0
0 50048 6 0
0 58185 7 0
0 58185 8 0
0 58185 9 0
0 58185 10 0
0 58185 11 0
0 58185 12 0
0 14335 13 0
0 14335 14 0
0 14335 15 0
0 14335 0 0
0 14335 1 0
0 14335 2 0
0 21 3 0
0 21 4 0
0 21 5 0
0 21 6 0
0 21 7 0
0 21 8 0
0 53589 9 0
0 53589 10 0
0 53589 11 0
0 53589 12 0
0 53589 13 0
0 53589 14 0
0 10580 15 0
0 10580 0 0
0 10580 1 0
0 10580 2 0
0 10580 3 0
0 10580 4 0
0 45171 5 0
0 45171 6 0
0 45171 7 0
0 45171 8 0
0 45171 9 0
0 45171 10 0
0 38590 11 0
0 38590 12 0
0 38590 13 0
0 38590 14 0
0 38590 15 0
0 38590 0 0
0 7554 1 0
0 7554 2 0
0 7554 3 0
0 7554 4 0
0 7554 5 0
0 7554 6 0
0 6154 7 0
0 6154 8 0
0 6154 9 0
0 6154 10 0
0 6154 11 0
0 6154 12 0
0 48716 13 0
0 48716 14 0
0 48716 15 0
0 48716 0 0
0 48716 1 0
0 48716 2 0
0 23931 3 0
0 23931 4 0
0 23931 5 0
0 23931 6 0
0 23931 7 0
0 23931 8 0
0 12953 9 0
0 12953 10 0
0 12953 11 0
0 12953 12 0
0 12953 13 0
0 12953 14 0
0 32378 15 0
0 32378 0 0
0 32378 1 0
0 32378 2 0
0 32378 3 0
0 32378 4 0
0 47039 5 0
0 47039 6 0
0 47039 7 0
0 47039 8 0
0 47039 9 0
0 47039 10 0
0 4555 11 0
0 4555 12 0
0 4555 13 0
0 4555 14 0
0 4555 15 0
0 4555 0 0
0 43474 1 0
0 43474 2 0
0 43474 3 0
0 43474 4 0
0 43474 5 0
0 43474 6 0
0 30947 7 0
0 30947 8 0
0 30947 9 0
0 30947 10 0
0 30947 11 0
0 30947 12 0
0 29335 13 0
0 29335 14 0
0 29335 15 0
0 29335 0 0
0 29335 1 0
0 29335 2 0
0 41536 3 0
0 41536 4 0
0 41536 5 0
0 41536 6 0
0 41536 7 0
0 41536 8 0
0 11726 9 0
0 11726 10 0
0 11726 11 0
0 11726 12 0
0 11726 13 0
0 11726 14 0
0 10582 15 0
0 10582 0 0
0 10582 1 0
0 10582 2 0
0 10582 3 0
0 10582 4 0
0 7170 5 0
0 7170 6 0
0 7170 7 0
0 7170 8 0
0 7170 9 0
0 7170 10 0
0 12956 11 0
0 12956 12 0
0 12956 13 0
0 12956 14 0
0 12956 15 0
0 12956 0 0
0 42105 1 0
0 42105 2 0
0 42105 3 0
0 42105 4 0
0 42105 5 0
0 42105 6 0
0 65517 7 0
0 65517 8 0
0 65517 9 0
0 65517 10 0
0 65517 11 0
0 65517 12 0
0 51163 13 0
0 51163 14 0
0 51163 15 0
0 51163 0 0
0 51163 1 0
0 51163 2 0
0 52942 3 0
0 52942 4 0
0 52942 5 0
0 52942 6 0
0 52942 7 0
0 52942 8 0
0 65221 9 0
0 65221 10 0
0 65221 11 0
0 65221 12 0
0 65221 13 0
0 65221 14 0
0 44879 15 0
0 44879 0 0
0 44879 1 0
0 44879 2 0
0 44879 3 0
0 44879 4 0
0 47059 5 0
0 47059 6 0
0 47059 7 0
0 47059 8 0
0 47059 9 0
0 47059 10 0
0 6086 11 0
0 6086 12 0
0 6086 13 0
0 6086 14 0
0 6086 15 0
0 6086 0 0
0 17295 1 0
0 17295 2 0
0 17295 3 0
0 17295 4 0
0 17295 5 0
0 17295 6 0
0 58767 7 0
0 58767 8 0
0 58767 9 0
0 58767 10 0
0 58767 11 0
0 58767 12 0
0 12205 13 0
0 12205 14 0
0 12205 15 0
0 12205 0 0
0 12205 1 0
0 12205 2 0
0 44740 3 0
0 44740 4 0
0 44740 5 0
0 44740 6 0
0 44740 7 0
0 44740 8 0
0 17896 9 0
0 17896 10 0
0 17896 11 0
0 17896 12 0
0 17896 13 0
0 17896 14 0
0 54161 15 0
0 54161 0 0
0 54161 1 0
0 54161 2 0
0 54161 3 0
0 54161 4 0
0 44846 5 0
0 44846 6 0
0 44846 7 0
0 44846 8 0
0 44846 9 0
0 44846 10 0
0 4097 11 0
0 4097 12 0
0 4097 13 0
0 4097 14 0
0 4097 15 0
0 4097 0 0
0 58213 1 0
0 58213 2 0
0 58213 3 0
0 58213 4 0
0 58213 5 0
0 58213 6 0
0 53369 7 0
0 53369 8 0
0 53369 9 0
0 53369 10 0
0 53369 11 0
0 53369 12 0
0 22611 13 0
0 22611 14 0
0 22611 15 0
0 22611 0 0
0 22611 1 0
0 22611 2 0
0 46726 3 0
0 46726 4 0
0 46726 5 0
0 46726 6 0
0 46726 7 0
0 46726 8 0
0 61158 9 0
0 61158 10 0
0 61158 11 0
0 61158 12 0
0 61158 13 0
0 61158 14 0
0 60960 15 0
0 60960 0 0
0 60960 1 0
0 60960 2 0
0 60960 3 0
0 60960 4 0
0 31378 5 0
0 31378 6 0
0 31378 7 0
0 31378 8 0
0 31378 9 0
0 31378 10 0
0 46555 11 0
0 46555 12 0
0 46555 13 0
0 46555 14 0
0 46555 15 0
0 46555 0 0
0 1698 1 0
0 1698 2 0
0 1698 3 0
0 1698 4 0
0 1698 5 0
0 1698 6 0
0 28824 7 0
0 28824 8 0
0 28824 9 0
0 28824 10 0
0 28824 11 0
0 28824 12 0
0 9974 13 0
0 9974 14 0
0 9974 15 0
