0 0 0 0
0 0 1 0
0 0 2 0
0 0 3 0
0 0 4 0
0 20254 5 0
0 20254 6 0
0 20254 7 0
0 20254 8 0
0 20254 9 0
0 20254 10 0
0 64060 11 0
0 64060 12 0
0 64060 13 0
0 64060 14 0
0 64060 15 0
0 64060 0 0
0 33078 1 0
0 33078 2 0
0 33078 3 0
0 33078 4 0
0 33078 5 0
0 33078 6 0
0 64389 7 0
0 64389 8 0
0 64389 9 0
0 64389 10 0
0 64389 11 0
0 64389 12 0
0 44714 13 0
0 44714 14 0
0 44714 15 0
0 44714 0 0
0 44714 1 0
0 44714 2 0
0 29369 3 0
0 29369 4 0
0 29369 5 0
0 29369 6 0
0 29369 7 0
0 29369 8 0
0 5887 9 0
0 5887 10 0
0 5887 11 0
0 5887 12 0
0 5887 13 0
0 5887 14 0
0 47286 15 0
0 47286 0 0
0 47286 1 0
0 47286 2 0
0 47286 3 0
0 47286 4 0
0 34577 5 0
0 34577 6 0
0 34577 7 0
0 34577 8 0
0 34577 9 0
0 34577 10 0
0 51621 11 0
0 51621 12 0
0 51621 13 0
0 51621 14 0
0 51621 15 0
0 51621 0 0
0 12608 1 0
0 12608 2 0
0 12608 3 0
0 12608 4 0
0 12608 5 0
0 12608 6 0
0 40202 7 0
0 40202 8 0
0 40202 9 0
0 40202 10 0
0 40202 11 0
0 40202 12 0
0 17004 13 0
0 17004 14 0
0 17004 15 0
0 17004 0 0
0 17004 1 0
0 17004 2 0
0 18305 3 0
0 18305 4 0
0 18305 5 0
0 18305 6 0
0 18305 7 0
0 18305 8 0
0 19058 9 0
0 19058 10 0
0 19058 11 0
0 19058 12 0
0 19058 13 0
0 19058 14 0
0 8368 15 0
0 8368 0 0
0 8368 1 0
0 8368 2 0
0 8368 3 0
0 8368 4 0
0 44559 5 0
0 44559 6 0
0 44559 7 0
0 44559 8 0
0 44559 9 0
0 44559 10 0
0 25501 11 0
0 25501 12 0
0 25501 13 0
0 25501 14 0
0 25501 15 0
0 25501 0 0
0 5802 1 0
0 5802 2 0
0 5802 3 0
0 5802 4 0
0 5802 5 0
0 5802 6 0
0 3536 7 0
0 3536 8 0
0 3536 9 0
0 3536 10 0
0 3536 11 0
0 3536 12 0
0 64177 13 0
0 64177 14 0
0 64177 15 0
0 64177 0 0
0 64177 1 0
0 64177 2 0
0 61717 3 0
0 61717 4 0
0 61717 5 0
0 61717 6 0
0 61717 7 0
0 61717 8 0
0 10220 9 0
0 10220 10 0
0 10220 11 0
0 10220 12 0
0 10220 13 0
0 10220 14 0
0 6624 15 0
0 6624 0 0
0 6624 1 0
0 6624 2 0
0 6624 3 0
0 6624 4 0
0 18256 5 0
0 18256 6 0
0 18256 7 0
0 18256 8 0
0 18256 9 0
0 18256 10 0
0 61139 11 0
0 61139 12 0
0 61139 13 0
0 61139 14 0
0 61139 15 0
0 61139 0 0
0 17744 1 0
0 17744 2 0
0 17744 3 0
0 17744 4 0
0 17744 5 0
0 17744 6 0
0 33854 7 0
0 33854 8 0
0 33854 9 0
0 33854 10 0
0 33854 11 0
0 33854 12 0
0 10610 13 0
0 10610 14 0
0 10610 15 0
0 10610 0 0
0 10610 1 0
0 10610 2 0
0 39644 3 0
0 39644 4 0
0 39644 5 0
0 39644 6 0
0 39644 7 0
0 39644 8 0
0 46759 9 0
0 46759 10 0
0 46759 11 0
0 46759 12 0
0 46759 13 0
0 46759 14 0
0 17115 15 0
0 17115 0 0
0 17115 1 0
0 17115 2 0
0 17115 3 0
0 17115 4 0
0 61330 5 0
0 61330 6 0
0 61330 7 0
0 61330 8 0
0 61330 9 0
0 61330 10 0
0 48578 11 0
0 48578 12 0
0 48578 13 0
0 48578 14 0
0 48578 15 0
0 48578 0 0
0 5604 1 0
0 5604 2 0
0 5604 3 0
0 5604 4 0
0 5604 5 0
0 5604 6 0
0 43232 7 0
0 43232 8 0
0 43232 9 0
0 43232 10 0
0 43232 11 0
0 43232 12 0
0 13533 13 0
0 13533 14 0
0 13533 15 0
0 13533 0 0
0 13533 1 0
0 13533 2 0
0 13196 3 0
0 13196 4 0
0 13196 5 0
0 13196 6 0
0 13196 7 0
0 13196 8 0
0 14425 9 0
0 14425 10 0
0 14425 11 0
0 14425 12 0
0 14425 13 0
0 14425 14 0
0 40165 15 0
0 40165 0 0
0 40165 1 0
0 40165 2 0
0 40165 3 0
0 40165 4 0
0 40415 5 0
0 40415 6 0
0 40415 7 0
0 40415 8 0
0 40415 9 0
0 40415 10 0
0 47879 11 0
0 47879 12 0
0 47879 13 0
0 47879 14 0
0 47879 15 0
0 47879 0 0
0 23657 1 0
0 23657 2 0
0 23657 3 0
0 23657 4 0
0 23657 5 0
0 23657 6 0
0 931 7 0
0 931 8 0
0 931 9 0
0 931 10 0
0 931 11 0
0 931 12 0
0 62266 13 0
0 62266 14 0
0 62266 15 0
0 62266 0 0
0 62266 1 0
0 62266 2 0
0 53078 3 0
0 53078 4 0
0 53078 5 0
0 53078 6 0
0 53078 7 0
0 53078 8 0
0 53031 9 0
0 53031 10 0
0 53031 11 0
0 53031 12 0
0 53031 13 0
0 53031 14 0
0 28042 15 0
0 28042 0 0
0 28042 1 0
0 28042 2 0
0 28042 3 0
0 28042 4 0
0 11970 5 0
0 11970 6 0
0 11970 7 0
0 11970 8 0
0 11970 9 0
0 11970 10 0
0 54756 11 0
0 54756 12 0
0 54756 13 0
0 54756 14 0
0 54756 15 0
0 54756 0 0
0 34971 1 0
0 34971 2 0
0 34971 3 0
0 34971 4 0
0 34971 5 0
0 34971 6 0
0 63741 7 0
0 63741 8 0
0 63741 9 0
0 63741 10 0
0 63741 11 0
0 63741 12 0
0 56615 13 0
0 56615 14 0
0 56615 15 0
0 56615 0 0
0 56615 1 0
0 56615 2 0
0 64592 3 0
0 64592 4 0
0 64592 5 0
0 64592 6 0
0 64592 7 0
0 64592 8 0
0 49384 9 0
0 49384 10 0
0 49384 11 0
0 49384 12 0
0 49384 13 0
0 49384 14 0
0 19061 15 0
0 19061 0 0
0 19061 1 0
0 19061 2 0
0 19061 3 0
0 19061 4 0
0 56257 5 0
0 56257 6 0
0 56257 7 0
0 56257 8 0
0 56257 9 0
0 56257 10 0
0 26959 11 0
0 26959 12 0
0 26959 13 0
0 26959 14 0
0 26959 15 0
0 26959 0 0
0 55585 1 0
0 55585 2 0
0 55585 3 0
0 55585 4 0
0 55585 5 0
0 55585 6 0
0 25175 7 0
0 25175 8 0
0 25175 9 0
0 25175 10 0
0 25175 11 0
0 25175 12 0
0 35079 13 0
0 35079 14 0
0 35079 15 0
0 35079 0 0
0 35079 1 0
0 35079 2 0
0 9398 3 0
0 9398 4 0
0 9398 5 0
0 9398 6 0
0 9398 7 0
0 9398 8 0
0 17937 9 0
0 17937 10 0
0 17937 11 0
0 17937 12 0
0 17937 13 0
0 17937 14 0
0 60946 15 0
0 60946 0 0
0 60946 1 0
0 60946 2 0
0 60946 3 0
0 60946 4 0
0 42185 5 0
0 42185 6 0
0 42185 7 0
0 42185 8 0
0 42185 9 0
0 42185 10 0
0 47563 11 0
0 47563 12 0
0 47563 13 0
0 47563 14 0
0 47563 15 0
0 47563 0 0
0 38190 1 0
0 38190 2 0
0 38190 3 0
0 38190 4 0
0 38190 5 0
0 38190 6 0
0 58965 7 0
0 58965 8 0
0 58965 9 0
0 58965 10 0
0 58965 11 0
0 58965 12 0
0 45035 13 0
0 45035 14 0
0 45035 15 0
0 45035 0 0
0 45035 1 0
0 45035 2 0
0 32249 3 0
0 32249 4 0
0 32249 5 0
0 32249 6 0
0 32249 7 0
0 32249 8 0
0 21268 9 0
0 21268 10 0
0 21268 11 0
0 21268 12 0
0 21268 13 0
0 21268 14 0
0 60445 15 0
0 60445 0 0
0 60445 1 0
0 60445 2 0
0 60445 3 0
0 60445 4 0
0 16718 5 0
0 16718 6 0
0 16718 7 0
0 16718 8 0
0 16718 9 0
0 16718 10 0
0 44545 11 0
0 44545 12 0
0 44545 13 0
0 44545 14 0
0 44545 15 0
0 44545 0 0
0 28717 1 0
0 28717 2 0
0 28717 3 0
0 28717 4 0
0 28717 5 0
0 28717 6 0
0 65171 7 0
0 65171 8 0
0 65171 9 0
0 65171 10 0
0 65171 11 0
0 65171 12 0
0 20230 13 0
0 20230 14 0
0 20230 15 0
0 20230 0 0
0 20230 1 0
0 20230 2 0
0 12700 3 0
0 12700 4 0
0 12700 5 0
0 12700 6 0
0 12700 7 0
0 12700 8 0
0 58293 9 0
0 58293 10 0
0 58293 11 0
0 58293 12 0
0 58293 13 0
0 58293 14 0
0 41687 15 0
0 41687 0 0
0 41687 1 0
0 41687 2 0
0 41687 3 0
0 41687 4 0
0 22831 5 0
0 22831 6 0
0 22831 7 0
0 22831 8 0
0 22831 9 0
0 22831 10 0
0 11466 11 0
0 11466 12 0
0 11466 13 0
0 11466 14 0
0 11466 15 0
0 11466 0 0
0 41433 1 0
0 41433 2 0
0 41433 3 0
0 41433 4 0
0 41433 5 0
0 41433 6 0
0 21387 7 0
0 21387 8 0
0 21387 9 0
0 21387 10 0
0 21387 11 0
0 21387 12 0
0 35692 13 0
0 35692 14 0
0 35692 15 0
0 35692 0 0
0 35692 1 0
0 35692 2 0
0 46695 3 0
0 46695 4 0
0 46695 5 0
0 46695 6 0
0 46695 7 0
0 46695 8 0
0 15287 9 0
0 15287 10 0
0 15287 11 0
0 15287 12 0
0 15287 13 0
0 15287 14 0
0 14739 15 0
0 14739 0 0
0 14739 1 0
0 14739 2 0
0 14739 3 0
0 14739 4 0
0 49655 5 0
0 49655 6 0
0 49655 7 0
0 49655 8 0
0 49655 9 0
0 49655 10 0
0 42213 11 0
0 42213 12 0
0 42213 13 0
0 42213 14 0
0 42213 15 0
0 42213 0 0
0 42957 1 0
0 42957 2 0
0 42957 3 0
0 42957 4 0
0 42957 5 0
0 42957 6 0
0 40591 7 0
0 40591 8 0
0 40591 9 0
0 40591 10 0
0 40591 11 0
0 40591 12 0
0 43683 13 0
0 43683 14 0
0 43683 15 0
0 43683 0 0
0 43683 1 0
0 43683 2 0
0 197 3 0
0 197 4 0
0 197 5 0
0 197 6 0
0 197 7 0
0 197 8 0
0 24801 9 0
0 24801 10 0
0 24801 11 0
0 24801 12 0
0 24801 13 0
0 24801 14 0
0 39639 15 0
0 39639 0 0
0 39639 1 0
0 39639 2 0
0 39639 3 0
0 39639 4 0
0 24451 5 0
0 24451 6 0
0 24451 7 0
0 24451 8 0
0 24451 9 0
0 24451 10 0
0 22250 11 0
0 22250 12 0
0 22250 13 0
0 22250 14 0
0 22250 15 0
0 22250 0 0
0 20844 1 0
0 20844 2 0
0 20844 3 0
0 20844 4 0
0 20844 5 0
0 20844 6 0
0 62290 7 0
0 62290 8 0
0 62290 9 0
0 62290 10 0
0 62290 11 0
0 62290 12 0
0 31554 13 0
0 31554 14 0
0 31554 15 0
0 31554 0 0
0 31554 1 0
0 31554 2 0
0 10401 3 0
0 10401 4 0
0 10401 5 0
0 10401 6 0
0 10401 7 0
0 10401 8 0
0 34027 9 0
0 34027 10 0
0 34027 11 0
0 34027 12 0
0 34027 13 0
0 34027 14 0
0 13863 15 0
0 13863 0 0
0 13863 1 0
0 13863 2 0
0 13863 3 0
0 13863 4 0
0 6683 5 0
0 6683 6 0
0 6683 7 0
0 6683 8 0
0 6683 9 0
0 6683 10 0
0 49656 11 0
0 49656 12 0
0 49656 13 0
0 49656 14 0
0 49656 15 0
0 49656 0 0
0 11698 1 0
0 11698 2 0
0 11698 3 0
0 11698 4 0
0 11698 5 0
0 11698 6 0
0 51258 7 0
0 51258 8 0
0 51258 9 0
0 51258 10 0
0 51258 11 0
0 51258 12 0
0 60799 13 0
0 60799 14 0
0 60799 15 0
0 60799 0 0
0 60799 1 0
0 60799 2 0
0 63522 3 0
0 63522 4 0
0 63522 5 0
0 63522 6 0
0 63522 7 0
0 63522 8 0
0 18456 9 0
0 18456 10 0
0 18456 11 0
0 18456 12 0
0 18456 13 0
0 18456 14 0
0 18436 15 0
0 18436 0 0
0 18436 1 0
0 18436 2 0
0 18436 3 0
0 18436 4 0
0 7563 5 0
0 7563 6 0
0 7563 7 0
0 7563 8 0
0 7563 9 0
0 7563 10 0
0 14816 11 0
0 14816 12 0
0 14816 13 0
0 14816 14 0
0 14816 15 0
0 14816 0 0
0 19817 1 0
0 19817 2 0
0 19817 3 0
0 19817 4 0
0 19817 5 0
0 19817 6 0
0 15694 7 0
0 15694 8 0
0 15694 9 0
0 15694 10 0
0 15694 11 0
0 15694 12 0
0 52960 13 0
0 52960 14 0
0 52960 15 0
0 52960 0 0
0 52960 1 0
0 52960 2 0
0 12309 3 0
0 12309 4 0
0 12309 5 0
0 12309 6 0
0 12309 7 0
0 12309 8 0
0 36872 9 0
0 36872 10 0
0 36872 11 0
0 36872 12 0
0 36872 13 0
0 36872 14 0
0 10726 15 0
0 10726 0 0
0 10726 1 0
0 10726 2 0
0 10726 3 0
0 10726 4 0
0 13063 5 0
0 13063 6 0
0 13063 7 0
0 13063 8 0
0 13063 9 0
0 13063 10 0
0 28430 11 0
0 28430 12 0
0 28430 13 0
0 28430 14 0
0 28430 15 0
0 28430 0 0
0 39600 1 0
0 39600 2 0
0 39600 3 0
0 39600 4 0
0 39600 5 0
0 39600 6 0
0 52816 7 0
0 52816 8 0
0 52816 9 0
0 52816 10 0
0 52816 11 0
0 52816 12 0
0 22557 13 0
0 22557 14 0
0 22557 15 0
0 22557 0 0
0 22557 1 0
0 22557 2 0
0 59324 3 0
0 59324 4 0
0 59324 5 0
0 59324 6 0
0 59324 7 0
0 59324 8 0
0 34973 9 0
0 34973 10 0
0 34973 11 0
0 34973 12 0
0 34973 13 0
0 34973 14 0
0 44265 15 0
0 44265 0 0
0 44265 1 0
0 44265 2 0
0 44265 3 0
0 44265 4 0
0 22882 5 0
0 22882 6 0
0 22882 7 0
0 22882 8 0
0 22882 9 0
0 22882 10 0
0 52911 11 0
0 52911 12 0
0 52911 13 0
0 52911 14 0
0 52911 15 0
0 52911 0 0
0 34195 1 0
0 34195 2 0
0 34195 3 0
0 34195 4 0
0 34195 5 0
0 34195 6 0
0 23226 7 0
0 23226 8 0
0 23226 9 0
0 23226 10 0
0 23226 11 0
0 23226 12 0
0 21212 13 0
0 21212 14 0
0 21212 15 0
0 21212 0 0
0 21212 1 0
0 21212 2 0
0 11229 3 0
0 11229 4 0
0 11229 5 0
0 11229 6 0
0 11229 7 0
0 11229 8 0
0 27711 9 0
0 27711 10 0
0 27711 11 0
0 27711 12 0
0 27711 13 0
0 27711 14 0
0 46868 15 0
0 46868 0 0
0 46868 1 0
0 46868 2 0
0 46868 3 0
0 46868 4 0
0 59748 5 0
0 59748 6 0
0 59748 7 0
0 59748 8 0
0 59748 9 0
0 59748 10 0
0 11900 11 0
0 11900 12 0
0 11900 13 0
0 11900 14 0
0 11900 15 0
0 11900 0 0
0 43517 1 0
0 43517 2 0
0 43517 3 0
0 43517 4 0
0 43517 5 0
0 43517 6 0
0 55618 7 0
0 55618 8 0
0 55618 9 0
0 55618 10 0
0 55618 11 0
0 55618 12 0
0 39621 13 0
0 39621 14 0
0 39621 15 0
0 39621 0 0
0 39621 1 0
0 39621 2 0
0 60117 3 0
0 60117 4 0
0 60117 5 0
0 60117 6 0
0 60117 7 0
0 60117 8 0
0 7374 9 0
0 7374 10 0
0 7374 11 0
0 7374 12 0
0 7374 13 0
0 7374 14 0
0 18353 15 0
0 18353 0 0
0 18353 1 0
0 18353 2 0
0 18353 3 0
0 18353 4 0
0 45762 5 0
0 45762 6 0
0 45762 7 0
0 45762 8 0
0 45762 9 0
0 45762 10 0
0 22984 11 0
0 22984 12 0
0 22984 13 0
0 22984 14 0
0 22984 15 0
0 22984 0 0
0 65470 1 0
0 65470 2 0
0 65470 3 0
0 65470 4 0
0 65470 5 0
0 65470 6 0
0 29645 7 0
0 29645 8 0
0 29645 9 0
0 29645 10 0
0 29645 11 0
0 29645 12 0
0 30298 13 0
0 30298 14 0
0 30298 15 0
0 30298 0 0
0 30298 1 0
0 30298 2 0
0 8543 3 0
0 8543 4 0
0 8543 5 0
0 8543 6 0
0 8543 7 0
0 8543 8 0
0 16469 9 0
0 16469 10 0
0 16469 11 0
0 16469 12 0
0 16469 13 0
0 16469 14 0
0 57668 15 0
0 57668 0 0
0 57668 1 0
0 57668 2 0
0 57668 3 0
0 57668 4 0
0 56912 5 0
0 56912 6 0
0 56912 7 0
0 56912 8 0
0 56912 9 0
0 56912 10 0
0 13045 11 0
0 13045 12 0
0 13045 13 0
0 13045 14 0
0 13045 15 0
0 13045 0 0
0 47280 1 0
0 47280 2 0
0 47280 3 0
0 47280 4 0
0 47280 5 0
0 47280 6 0
0 29450 7 0
0 29450 8 0
0 29450 9 0
0 29450 10 0
0 29450 11 0
0 29450 12 0
0 15870 13 0
0 15870 14 0
0 15870 15 0
0 15870 0 0
0 15870 1 0
0 15870 2 0
0 42252 3 0
0 42252 4 0
0 42252 5 0
0 42252 6 0
0 42252 7 0
0 42252 8 0
0 17561 9 0
0 17561 10 0
0 17561 11 0
0 17561 12 0
0 17561 13 0
0 17561 14 0
0 26126 15 0
0 26126 0 0
0 26126 1 0
0 26126 2 0
0 26126 3 0
0 26126 4 0
0 31046 5 0
0 31046 6 0
0 31046 7 0
0 31046 8 0
0 31046 9 0
0 31046 10 0
0 41216 11 0
0 41216 12 0
0 41216 13 0
0 41216 14 0
0 41216 15 0
0 41216 0 0
0 65087 1 0
0 65087 2 0
0 65087 3 0
0 65087 4 0
0 65087 5 0
0 65087 6 0
0 45019 7 0
0 45019 8 0
0 45019 9 0
0 45019 10 0
0 45019 11 0
0 45019 12 0
0 63071 13 0
0 63071 14 0
0 63071 15 0
0 63071 0 0
0 63071 1 0
0 63071 2 0
0 35382 3 0
0 35382 4 0
0 35382 5 0
0 35382 6 0
0 35382 7 0
0 35382 8 0
0 38796 9 0
0 38796 10 0
0 38796 11 0
0 38796 12 0
0 38796 13 0
0 38796 14 0
0 2388 15 0
0 2388 0 0
0 2388 1 0
0 2388 2 0
0 2388 3 0
0 2388 4 0
0 23618 5 0
0 23618 6 0
0 23618 7 0
0 23618 8 0
0 23618 9 0
0 23618 10 0
0 35597 11 0
0 35597 12 0
0 35597 13 0
0 35597 14 0
0 35597 15 0
0 35597 0 0
0 25652 1 0
0 25652 2 0
0 25652 3 0
0 25652 4 0
0 25652 5 0
0 25652 6 0
0 14437 7 0
0 14437 8 0
0 14437 9 0
0 14437 10 0
0 14437 11 0
0 14437 12 0
0 40865 13 0
0 40865 14 0
0 40865 15 0
0 40865 0 0
0 40865 1 0
0 40865 2 0
0 57634 3 0
0 57634 4 0
0 57634 5 0
0 57634 6 0
0 57634 7 0
0 57634 8 0
0 22805 9 0
0 22805 10 0
0 22805 11 0
0 22805 12 0
0 22805 13 0
0 22805 14 0
0 14376 15 0
0 14376 0 0
0 14376 1 0
0 14376 2 0
0 14376 3 0
0 14376 4 0
0 6363 5 0
0 6363 6 0
0 6363 7 0
0 6363 8 0
0 6363 9 0
0 6363 10 0
0 59679 11 0
0 59679 12 0
0 59679 13 0
0 59679 14 0
0 59679 15 0
0 59679 0 0
0 49255 1 0
0 49255 2 0
0 49255 3 0
0 49255 4 0
0 49255 5 0
0 49255 6 0
0 55028 7 0
0 55028 8 0
0 55028 9 0
0 55028 10 0
0 55028 11 0
0 55028 12 0
0 41615 13 0
0 41615 14 0
0 41615 15 0
0 41615 0 0
0 41615 1 0
0 41615 2 0
0 44287 3 0
0 44287 4 0
0 44287 5 0
0 44287 6 0
0 44287 7 0
0 44287 8 0
0 29719 9 0
0 29719 10 0
0 29719 11 0
0 29719 12 0
0 29719 13 0
0 29719 14 0
0 43367 15 0
0 43367 0 0
0 43367 1 0
0 43367 2 0
0 43367 3 0
0 43367 4 0
0 64799 5 0
0 64799 6 0
0 64799 7 0
0 64799 8 0
0 64799 9 0
0 64799 10 0
0 18983 11 0
0 18983 12 0
0 18983 13 0
0 18983 14 0
0 18983 15 0
0 18983 0 0
0 3414 1 0
0 3414 2 0
0 3414 3 0
0 3414 4 0
0 3414 5 0
0 3414 6 0
0 63155 7 0
0 63155 8 0
0 63155 9 0
0 63155 10 0
0 63155 11 0
0 63155 12 0
0 18324 13 0
0 18324 14 0
0 18324 15 0
0 18324 0 0
0 18324 1 0
0 18324 2 0
0 183 3 0
0 183 4 0
0 183 5 0
0 183 6 0
0 183 7 0
0 183 8 0
0 11016 9 0
0 11016 10 0
0 11016 11 0
0 11016 12 0
0 11016 13 0
0 11016 14 0
0 2454 15 0
0 2454 0 0
0 2454 1 0
0 2454 2 0
0 2454 3 0
0 2454 4 0
0 18129 5 0
0 18129 6 0
0 18129 7 0
0 18129 8 0
0 18129 9 0
0 18129 10 0
0 14337 11 0
0 14337 12 0
0 14337 13 0
0 14337 14 0
0 14337 15 0
0 14337 0 0
0 7203 1 0
0 7203 2 0
0 7203 3 0
0 7203 4 0
0 7203 5 0
0 7203 6 0
0 42091 7 0
0 42091 8 0
0 42091 9 0
0 42091 10 0
0 42091 11 0
0 42091 12 0
0 40872 13 0
0 40872 14 0
0 40872 15 0
0 40872 0 0
0 40872 1 0
0 40872 2 0
0 25400 3 0
0 25400 4 0
0 25400 5 0
0 25400 6 0
0 25400 7 0
0 25400 8 0
0 8219 9 0
0 8219 10 0
0 8219 11 0
0 8219 12 0
0 8219 13 0
0 8219 14 0
0 6280 15 0
0 6280 0 0
0 6280 1 0
0 6280 2 0
0 6280 3 0
0 6280 4 0
0 30114 5 0
0 30114 6 0
0 30114 7 0
0 30114 8 0
0 30114 9 0
0 30114 10 0
0 23244 11 0
0 23244 12 0
0 23244 13 0
0 23244 14 0
0 23244 15 0
0 23244 0 0
0 47165 1 0
0 47165 2 0
0 47165 3 0
0 47165 4 0
0 47165 5 0
0 47165 6 0
0 50176 7 0
0 50176 8 0
0 50176 9 0
0 50176 10 0
0 50176 11 0
0 50176 12 0
0 48255 13 0
0 48255 14 0
0 48255 15 0
0 48255 0 0
0 48255 1 0
0 48255 2 0
0 54883 3 0
0 54883 4 0
0 54883 5 0
0 54883 6 0
0 54883 7 0
0 54883 8 0
0 27499 9 0
0 27499 10 0
0 27499 11 0
0 27499 12 0
0 27499 13 0
0 27499 14 0
0 51398 15 0
0 51398 0 0
0 51398 1 0
0 51398 2 0
0 51398 3 0
0 51398 4 0
0 5195 5 0
0 5195 6 0
0 5195 7 0
0 5195 8 0
0 5195 9 0
0 5195 10 0
0 29224 11 0
0 29224 12 0
0 29224 13 0
0 29224 14 0
0 29224 15 0
0 29224 0 0
0 963 1 0
0 963 2 0
0 963 3 0
0 963 4 0
0 963 5 0
0 963 6 0
0 58448 7 0
0 58448 8 0
0 58448 9 0
0 58448 10 0
0 58448 11 0
0 58448 12 0
0 1411 13 0
0 1411 14 0
0 1411 15 0
0 1411 0 0
0 1411 1 0
0 1411 2 0
0 54382 3 0
0 54382 4 0
0 54382 5 0
0 54382 6 0
0 54382 7 0
0 54382 8 0
0 20115 9 0
0 20115 10 0
0 20115 11 0
0 20115 12 0
0 20115 13 0
0 20115 14 0
0 26367 15 0
0 26367 0 0
0 26367 1 0
0 26367 2 0
0 26367 3 0
0 26367 4 0
0 8311 5 0
0 8311 6 0
0 8311 7 0
0 8311 8 0
0 8311 9 0
0 8311 10 0
0 16949 11 0
0 16949 12 0
0 16949 13 0
0 16949 14 0
0 16949 15 0
0 16949 0 0
0 41472 1 0
0 41472 2 0
0 41472 3 0
0 41472 4 0
0 41472 5 0
0 41472 6 0
0 36774 7 0
0 36774 8 0
0 36774 9 0
0 36774 10 0
0 36774 11 0
0 36774 12 0
0 38647 13 0
0 38647 14 0
0 38647 15 0
0 38647 0 0
0 38647 1 0
0 38647 2 0
0 59297 3 0
0 59297 4 0
0 59297 5 0
0 59297 6 0
0 59297 7 0
0 59297 8 0
0 44859 9 0
0 44859 10 0
0 44859 11 0
0 44859 12 0
0 44859 13 0
0 44859 14 0
0 54178 15 0
0 54178 0 0
0 54178 1 0
0 54178 2 0
0 54178 3 0
0 54178 4 0
0 64377 5 0
0 64377 6 0
0 64377 7 0
0 64377 8 0
0 64377 9 0
0 64377 10 0
0 43213 11 0
0 43213 12 0
0 43213 13 0
0 43213 14 0
0 43213 15 0
0 43213 0 0
0 34894 1 0
0 34894 2 0
0 34894 3 0
0 34894 4 0
0 34894 5 0
0 34894 6 0
0 39893 7 0
0 39893 8 0
0 39893 9 0
0 39893 10 0
0 39893 11 0
0 39893 12 0
0 58152 13 0
0 58152 14 0
0 58152 15 0
0 58152 0 0
0 58152 1 0
0 58152 2 0
0 43526 3 0
0 43526 4 0
0 43526 5 0
0 43526 6 0
0 43526 7 0
0 43526 8 0
0 52604 9 0
0 52604 10 0
0 52604 11 0
0 52604 12 0
0 52604 13 0
0 52604 14 0
0 43953 15 0
0 43953 0 0
0 43953 1 0
0 43953 2 0
0 43953 3 0
0 43953 4 0
0 52899 5 0
0 52899 6 0
0 52899 7 0
0 52899 8 0
0 52899 9 0
0 52899 10 0
0 36741 11 0
0 36741 12 0
0 36741 13 0
0 36741 14 0
0 36741 15 0
0 36741 0 0
0 1870 1 0
0 1870 2 0
0 1870 3 0
0 1870 4 0
0 1870 5 0
0 1870 6 0
0 28056 7 0
0 28056 8 0
0 28056 9 0
0 28056 10 0
0 28056 11 0
0 28056 12 0
0 61200 13 0
0 61200 14 0
0 61200 15 0
0 61200 0 0
0 61200 1 0
0 61200 2 0
0 39161 3 0
0 39161 4 0
0 39161 5 0
0 39161 6 0
0 39161 7 0
0 39161 8 0
0 52843 9 0
0 52843 10 0
0 52843 11 0
0 52843 12 0
0 52843 13 0
0 52843 14 0
0 56173 15 0
0 56173 0 0
0 56173 1 0
0 56173 2 0
0 56173 3 0
0 56173 4 0
0 17014 5 0
0 17014 6 0
0 17014 7 0
0 17014 8 0
0 17014 9 0
0 17014 10 0
0 23447 11 0
0 23447 12 0
0 23447 13 0
0 23447 14 0
0 23447 15 0
0 23447 0 0
0 62563 1 0
0 62563 2 0
0 62563 3 0
0 62563 4 0
0 62563 5 0
0 62563 6 0
0 24951 7 0
0 24951 8 0
0 24951 9 0
0 24951 10 0
0 24951 11 0
0 24951 12 0
0 22388 13 0
0 22388 14 0
0 22388 15 0
0 22388 0 0
0 22388 1 0
0 22388 2 0
0 25292 3 0
0 25292 4 0
0 25292 5 0
0 25292 6 0
0 25292 7 0
0 25292 8 0
0 10214 9 0
0 10214 10 0
0 10214 11 0
0 10214 12 0
0 10214 13 0
0 10214 14 0
0 35478 15 0
0 35478 0 0
0 35478 1 0
0 35478 2 0
0 35478 3 0
0 35478 4 0
0 21471 5 0
0 21471 6 0
0 21471 7 0
0 21471 8 0
0 21471 9 0
0 21471 10 0
0 24242 11 0
0 24242 12 0
0 24242 13 0
0 24242 14 0
0 24242 15 0
0 24242 0 0
0 63564 1 0
0 63564 2 0
0 63564 3 0
0 63564 4 0
0 63564 5 0
0 63564 6 0
0 15911 7 0
0 15911 8 0
0 15911 9 0
0 15911 10 0
0 15911 11 0
0 15911 12 0
0 63080 13 0
0 63080 14 0
0 63080 15 0
0 63080 0 0
0 63080 1 0
0 63080 2 0
0 32521 3 0
0 32521 4 0
0 32521 5 0
0 32521 6 0
0 32521 7 0
0 32521 8 0
0 56888 9 0
0 56888 10 0
0 56888 11 0
0 56888 12 0
0 56888 13 0
0 56888 14 0
0 24076 15 0
0 24076 0 0
0 24076 1 0
0 24076 2 0
0 24076 3 0
0 24076 4 0
0 15234 5 0
0 15234 6 0
0 15234 7 0
0 15234 8 0
0 15234 9 0
0 15234 10 0
0 7130 11 0
0 7130 12 0
0 7130 13 0
0 7130 14 0
0 7130 15 0
0 7130 0 0
0 5011 1 0
0 5011 2 0
0 5011 3 0
0 5011 4 0
0 5011 5 0
0 5011 6 0
0 11779 7 0
0 11779 8 0
0 11779 9 0
0 11779 10 0
0 11779 11 0
0 11779 12 0
0 12382 13 0
0 12382 14 0
0 12382 15 0
0 12382 0 0
0 12382 1 0
0 12382 2 0
0 18001 3 0
0 18001 4 0
0 18001 5 0
0 18001 6 0
0 18001 7 0
0 18001 8 0
0 19286 9 0
0 19286 10 0
0 19286 11 0
0 19286 12 0
0 19286 13 0
0 19286 14 0
0 27507 15 0
0 27507 0 0
0 27507 1 0
0 27507 2 0
0 27507 3 0
0 27507 4 0
0 47068 5 0
0 47068 6 0
0 47068 7 0
0 47068 8 0
0 47068 9 0
0 47068 10 0
0 47999 11 0
0 47999 12 0
0 47999 13 0
0 47999 14 0
0 47999 15 0
0 47999 0 0
0 13090 1 0
0 13090 2 0
0 13090 3 0
0 13090 4 0
0 13090 5 0
0 13090 6 0
0 12556 7 0
0 12556 8 0
0 12556 9 0
0 12556 10 0
0 12556 11 0
0 12556 12 0
0 49370 13 0
0 49370 14 0
0 49370 15 0
0 49370 0 0
0 49370 1 0
0 49370 2 0
0 64001 3 0
0 64001 4 0
0 64001 5 0
0 64001 6 0
0 64001 7 0
0 64001 8 0
0 16464 9 0
0 16464 10 0
0 16464 11 0
0 16464 12 0
0 16464 13 0
0 16464 14 0
0 43994 15 0
0 43994 0 0
0 43994 1 0
0 43994 2 0
0 43994 3 0
0 43994 4 0
0 26629 5 0
0 26629 6 0
0 26629 7 0
0 26629 8 0
0 26629 9 0
0 26629 10 0
0 29331 11 0
0 29331 12 0
0 29331 13 0
0 29331 14 0
0 29331 15 0
0 29331 0 0
0 58194 1 0
0 58194 2 0
0 58194 3 0
0 58194 4 0
0 58194 5 0
0 58194 6 0
0 37614 7 0
0 37614 8 0
0 37614 9 0
0 37614 10 0
0 37614 11 0
0 37614 12 0
0 12510 13 0
0 12510 14 0
0 12510 15 0
0 12510 0 0
0 12510 1 0
0 12510 2 0
0 18394 3 0
0 18394 4 0
0 18394 5 0
0 18394 6 0
0 18394 7 0
0 18394 8 0
0 54836 9 0
0 54836 10 0
0 54836 11 0
0 54836 12 0
0 54836 13 0
0 54836 14 0
0 12523 15 0
0 12523 0 0
0 12523 1 0
0 12523 2 0
0 12523 3 0
0 12523 4 0
0 24705 5 0
0 24705 6 0
0 24705 7 0
0 24705 8 0
0 24705 9 0
0 24705 10 0
0 17072 11 0
0 17072 12 0
0 17072 13 0
0 17072 14 0
0 17072 15 0
0 17072 0 0
0 23321 1 0
0 23321 2 0
0 23321 3 0
0 23321 4 0
0 23321 5 0
0 23321 6 0
0 34827 7 0
0 34827 8 0
0 34827 9 0
0 34827 10 0
0 34827 11 0
0 34827 12 0
0 36126 13 0
0 36126 14 0
0 36126 15 0
0 36126 0 0
0 36126 1 0
0 36126 2 0
0 42554 3 0
0 42554 4 0
0 42554 5 0
0 42554 6 0
0 42554 7 0
0 42554 8 0
0 22170 9 0
0 22170 10 0
0 22170 11 0
0 22170 12 0
0 22170 13 0
0 22170 14 0
0 58404 15 0
0 58404 0 0
0 58404 1 0
0 58404 2 0
0 58404 3 0
0 58404 4 0
0 44044 5 0
0 44044 6 0
0 44044 7 0
0 44044 8 0
0 44044 9 0
0 44044 10 0
0 13112 11 0
0 13112 12 0
0 13112 13 0
0 13112 14 0
0 13112 15 0
0 13112 0 0
0 11841 1 0
0 11841 2 0
0 11841 3 0
0 11841 4 0
0 11841 5 0
0 11841 6 0
0 51944 7 0
0 51944 8 0
0 51944 9 0
0 51944 10 0
0 51944 11 0
0 51944 12 0
0 1509 13 0
0 1509 14 0
0 1509 15 0
0 1509 0 0
0 1509 1 0
0 1509 2 0
0 8166 3 0
0 8166 4 0
0 8166 5 0
0 8166 6 0
0 8166 7 0
0 8166 8 0
0 24721 9 0
0 24721 10 0
0 24721 11 0
0 24721 12 0
0 24721 13 0
0 24721 14 0
0 45018 15 0
0 45018 0 0
0 45018 1 0
0 45018 2 0
0 45018 3 0
0 45018 4 0
0 57042 5 0
0 57042 6 0
0 57042 7 0
0 57042 8 0
0 57042 9 0
0 57042 10 0
0 32535 11 0
0 32535 12 0
0 32535 13 0
0 32535 14 0
0 32535 15 0
0 32535 0 0
0 43371 1 0
0 43371 2 0
0 43371 3 0
0 43371 4 0
0 43371 5 0
0 43371 6 0
0 56031 7 0
0 56031 8 0
0 56031 9 0
0 56031 10 0
0 56031 11 0
0 56031 12 0
0 16240 13 0
0 16240 14 0
0 16240 15 0
0 16240 0 0
0 16240 1 0
0 16240 2 0
0 43019 3 0
0 43019 4 0
0 43019 5 0
0 43019 6 0
0 43019 7 0
0 43019 8 0
0 8586 9 0
0 8586 10 0
0 8586 11 0
0 8586 12 0
0 8586 13 0
0 8586 14 0
0 63139 15 0
0 63139 0 0
0 63139 1 0
0 63139 2 0
0 63139 3 0
0 63139 4 0
0 64643 5 0
0 64643 6 0
0 64643 7 0
0 64643 8 0
0 64643 9 0
0 64643 10 0
0 38920 11 0
0 38920 12 0
0 38920 13 0
0 38920 14 0
0 38920 15 0
0 38920 0 0
0 32114 1 0
0 32114 2 0
0 32114 3 0
0 32114 4 0
0 32114 5 0
0 32114 6 0
0 50281 7 0
0 50281 8 0
0 50281 9 0
0 50281 10 0
0 50281 11 0
0 50281 12 0
0 7742 13 0
0 7742 14 0
0 7742 15 0
0 7742 0 0
0 7742 1 0
0 7742 2 0
0 45202 3 0
0 45202 4 0
0 45202 5 0
0 45202 6 0
0 45202 7 0
0 45202 8 0
0 43459 9 0
0 43459 10 0
0 43459 11 0
0 43459 12 0
0 43459 13 0
0 43459 14 0
0 22153 15 0
0 22153 0 0
0 22153 1 0
0 22153 2 0
0 22153 3 0
0 22153 4 0
0 11769 5 0
0 11769 6 0
0 11769 7 0
0 11769 8 0
0 11769 9 0
0 11769 10 0
0 36186 11 0
0 36186 12 0
0 36186 13 0
0 36186 14 0
0 36186 15 0
0 36186 0 0
0 60057 1 0
0 60057 2 0
0 60057 3 0
0 60057 4 0
0 60057 5 0
0 60057 6 0
0 814 7 0
0 814 8 0
0 814 9 0
0 814 10 0
0 814 11 0
0 814 12 0
0 20931 13 0
0 20931 14 0
0 20931 15 0
0 20931 0 0
0 20931 1 0
0 20931 2 0
0 18512 3 0
0 18512 4 0
0 18512 5 0
0 18512 6 0
0 18512 7 0
0 18512 8 0
0 44269 9 0
0 44269 10 0
0 44269 11 0
0 44269 12 0
0 44269 13 0
0 44269 14 0
0 59529 15 0
0 59529 0 0
0 59529 1 0
0 59529 2 0
0 59529 3 0
0 59529 4 0
0 8861 5 0
0 8861 6 0
0 8861 7 0
0 8861 8 0
0 8861 9 0
0 8861 10 0
0 51060 11 0
0 51060 12 0
0 51060 13 0
0 51060 14 0
0 51060 15 0
0 51060 0 0
0 35623 1 0
0 35623 2 0
0 35623 3 0
0 35623 4 0
0 35623 5 0
0 35623 6 0
0 61370 7 0
0 61370 8 0
0 61370 9 0
0 61370 10 0
0 61370 11 0
0 61370 12 0
0 37123 13 0
0 37123 14 0
0 37123 15 0
0 37123 0 0
0 37123 1 0
0 37123 2 0
0 3819 3 0
0 3819 4 0
0 3819 5 0
0 3819 6 0
0 3819 7 0
0 3819 8 0
0 53015 9 0
0 53015 10 0
0 53015 11 0
0 53015 12 0
0 53015 13 0
0 53015 14 0
0 3116 15 0
0 3116 0 0
0 3116 1 0
0 3116 2 0
0 3116 3 0
0 3116 4 0
0 59720 5 0
0 59720 6 0
0 59720 7 0
0 59720 8 0
0 59720 9 0
0 59720 10 0
0 14587 11 0
0 14587 12 0
0 14587 13 0
0 14587 14 0
0 14587 15 0
0 14587 0 0
0 17278 1 0
0 17278 2 0
0 17278 3 0
0 17278 4 0
0 17278 5 0
0 17278 6 0
0 39397 7 0
0 39397 8 0
0 39397 9 0
0 39397 10 0
0 39397 11 0
0 39397 12 0
0 43195 13 0
0 43195 14 0
0 43195 15 0
