0 0 0 0
0 0 1 0
0 0 2 0
0 0 3 0
0 0 4 0
0 2379 5 0
0 2379 6 0
0 2379 7 0
0 2379 8 0
0 2379 9 0
0 2379 10 0
0 6450 11 0
0 6450 12 0
0 6450 13 0
0 6450 14 0
0 6450 15 0
0 6450 0 0
0 4986 1 0
0 4986 2 0
0 4986 3 0
0 4986 4 0
0 4986 5 0
0 4986 6 0
0 45464 7 0
0 45464 8 0
0 45464 9 0
0 45464 10 0
0 45464 11 0
0 45464 12 0
0 55155 13 0
0 55155 14 0
0 55155 15 0
0 55155 0 0
0 55155 1 0
0 55155 2 0
0 36233 3 0
0 36233 4 0
0 36233 5 0
0 36233 6 0
0 36233 7 0
0 36233 8 0
0 27703 9 0
0 27703 10 0
0 27703 11 0
0 27703 12 0
0 27703 13 0
0 27703 14 0
0 47604 15 0
0 47604 0 0
0 47604 1 0
0 47604 2 0
0 47604 3 0
0 47604 4 0
0 38579 5 0
0 38579 6 0
0 38579 7 0
0 38579 8 0
0 38579 9 0
0 38579 10 0
0 56472 11 0
0 56472 12 0
0 56472 13 0
0 56472 14 0
0 56472 15 0
0 56472 0 0
0 25640 1 0
0 25640 2 0
0 25640 3 0
0 25640 4 0
0 25640 5 0
0 25640 6 0
0 39731 7 0
0 39731 8 0
0 39731 9 0
0 39731 10 0
0 39731 11 0
0 39731 12 0
0 3169 13 0
0 3169 14 0
0 3169 15 0
0 3169 0 0
0 3169 1 0
0 3169 2 0
0 29802 3 0
0 29802 4 0
0 29802 5 0
0 29802 6 0
0 29802 7 0
0 29802 8 0
0 21620 9 0
0 21620 10 0
0 21620 11 0
0 21620 12 0
0 21620 13 0
0 21620 14 0
0 22981 15 0
0 22981 0 0
0 22981 1 0
0 22981 2 0
0 22981 3 0
0 22981 4 0
0 33491 5 0
0 33491 6 0
0 33491 7 0
0 33491 8 0
0 33491 9 0
0 33491 10 0
0 63033 11 0
0 63033 12 0
0 63033 13 0
0 63033 14 0
0 63033 15 0
0 63033 0 0
0 28354 1 0
0 28354 2 0
0 28354 3 0
0 28354 4 0
0 28354 5 0
0 28354 6 0
0 31870 7 0
0 31870 8 0
0 31870 9 0
0 31870 10 0
0 31870 11 0
0 31870 12 0
0 20086 13 0
0 20086 14 0
0 20086 15 0
0 20086 0 0
0 20086 1 0
0 20086 2 0
0 9055 3 0
0 9055 4 0
0 9055 5 0
0 9055 6 0
0 9055 7 0
0 9055 8 0
0 33747 9 0
0 33747 10 0
0 33747 11 0
0 33747 12 0
0 33747 13 0
0 33747 14 0
0 1027 15 0
0 1027 0 0
0 1027 1 0
0 1027 2 0
0 1027 3 0
0 1027 4 0
0 11955 5 0
0 11955 6 0
0 11955 7 0
0 11955 8 0
0 11955 9 0
0 11955 10 0
0 18895 11 0
0 18895 12 0
0 18895 13 0
0 18895 14 0
0 18895 15 0
0 18895 0 0
0 64338 1 0
0 64338 2 0
0 64338 3 0
0 64338 4 0
0 64338 5 0
0 64338 6 0
0 22077 7 0
0 22077 8 0
0 22077 9 0
0 22077 10 0
0 22077 11 0
0 22077 12 0
0 19429 13 0
0 19429 14 0
0 19429 15 0
0 19429 0 0
0 19429 1 0
0 19429 2 0
0 52628 3 0
0 52628 4 0
0 52628 5 0
0 52628 6 0
0 52628 7 0
0 52628 8 0
0 3511 9 0
0 3511 10 0
0 3511 11 0
0 3511 12 0
0 3511 13 0
0 3511 14 0
0 30396 15 0
0 30396 0 0
0 30396 1 0
0 30396 2 0
0 30396 3 0
0 30396 4 0
0 10652 5 0
0 10652 6 0
0 10652 7 0
0 10652 8 0
0 10652 9 0
0 10652 10 0
0 45517 11 0
0 45517 12 0
0 45517 13 0
0 45517 14 0
0 45517 15 0
0 45517 0 0
0 52778 1 0
0 52778 2 0
0 52778 3 0
0 52778 4 0
0 52778 5 0
0 52778 6 0
0 16627 7 0
0 16627 8 0
0 16627 9 0
0 16627 10 0
0 16627 11 0
0 16627 12 0
0 41738 13 0
0 41738 14 0
0 41738 15 0
0 41738 0 0
0 41738 1 0
0 41738 2 0
0 53343 3 0
0 53343 4 0
0 53343 5 0
0 53343 6 0
0 53343 7 0
0 53343 8 0
0 690 9 0
0 690 10 0
0 690 11 0
0 690 12 0
0 690 13 0
0 690 14 0
0 5656 15 0
0 5656 0 0
0 5656 1 0
0 5656 2 0
0 5656 3 0
0 5656 4 0
0 36423 5 0
0 36423 6 0
0 36423 7 0
0 36423 8 0
0 36423 9 0
0 36423 10 0
0 7238 11 0
0 7238 12 0
0 7238 13 0
0 7238 14 0
0 7238 15 0
0 7238 0 0
0 2755 1 0
0 2755 2 0
0 2755 3 0
0 2755 4 0
0 2755 5 0
0 2755 6 0
0 57 7 0
0 57 8 0
0 57 9 0
0 57 10 0
0 57 11 0
0 57 12 0
0 23328 13 0
0 23328 14 0
0 23328 15 0
0 23328 0 0
0 23328 1 0
0 23328 2 0
0 36088 3 0
0 36088 4 0
0 36088 5 0
0 36088 6 0
0 36088 7 0
0 36088 8 0
0 1614 9 0
0 1614 10 0
0 1614 11 0
0 1614 12 0
0 1614 13 0
0 1614 14 0
0 63788 15 0
0 63788 0 0
0 63788 1 0
0 63788 2 0
0 63788 3 0
0 63788 4 0
0 1867 5 0
0 1867 6 0
0 1867 7 0
0 1867 8 0
0 1867 9 0
0 1867 10 0
0 38754 11 0
0 38754 12 0
0 38754 13 0
0 38754 14 0
0 38754 15 0
0 38754 0 0
0 4620 1 0
0 4620 2 0
0 4620 3 0
0 4620 4 0
0 4620 5 0
0 4620 6 0
0 3080 7 0
0 3080 8 0
0 3080 9 0
0 3080 10 0
0 3080 11 0
0 3080 12 0
0 13237 13 0
0 13237 14 0
0 13237 15 0
0 13237 0 0
0 13237 1 0
0 13237 2 0
0 54548 3 0
0 54548 4 0
0 54548 5 0
0 54548 6 0
0 54548 7 0
0 54548 8 0
0 18629 9 0
0 18629 10 0
0 18629 11 0
0 18629 12 0
0 18629 13 0
0 18629 14 0
0 28158 15 0
0 28158 0 0
0 28158 1 0
0 28158 2 0
0 28158 3 0
0 28158 4 0
0 44773 5 0
0 44773 6 0
0 44773 7 0
0 44773 8 0
0 44773 9 0
0 44773 10 0
0 32109 11 0
0 32109 12 0
0 32109 13 0
0 32109 14 0
0 32109 15 0
0 32109 0 0
0 11446 1 0
0 11446 2 0
0 11446 3 0
0 11446 4 0
0 11446 5 0
0 11446 6 0
0 36729 7 0
0 36729 8 0
0 36729 9 0
0 36729 10 0
0 36729 11 0
0 36729 12 0
0 29784 13 0
0 29784 14 0
0 29784 15 0
0 29784 0 0
0 29784 1 0
0 29784 2 0
0 13055 3 0
0 13055 4 0
0 13055 5 0
0 13055 6 0
0 13055 7 0
0 13055 8 0
0 9274 9 0
0 9274 10 0
0 9274 11 0
0 9274 12 0
0 9274 13 0
0 9274 14 0
0 53192 15 0
0 53192 0 0
0 53192 1 0
0 53192 2 0
0 53192 3 0
0 53192 4 0
0 37194 5 0
0 37194 6 0
0 37194 7 0
0 37194 8 0
0 37194 9 0
0 37194 10 0
0 55073 11 0
0 55073 12 0
0 55073 13 0
0 55073 14 0
0 55073 15 0
0 55073 0 0
0 48857 1 0
0 48857 2 0
0 48857 3 0
0 48857 4 0
0 48857 5 0
0 48857 6 0
0 45767 7 0
0 45767 8 0
0 45767 9 0
0 45767 10 0
0 45767 11 0
0 45767 12 0
0 1524 13 0
0 1524 14 0
0 1524 15 0
0 1524 0 0
0 1524 1 0
0 1524 2 0
0 53174 3 0
0 53174 4 0
0 53174 5 0
0 53174 6 0
0 53174 7 0
0 53174 8 0
0 12186 9 0
0 12186 10 0
0 12186 11 0
0 12186 12 0
0 12186 13 0
0 12186 14 0
0 37817 15 0
0 37817 0 0
0 37817 1 0
0 37817 2 0
0 37817 3 0
0 37817 4 0
0 54632 5 0
0 54632 6 0
0 54632 7 0
0 54632 8 0
0 54632 9 0
0 54632 10 0
0 17306 11 0
0 17306 12 0
0 17306 13 0
0 17306 14 0
0 17306 15 0
0 17306 0 0
0 36928 1 0
0 36928 2 0
0 36928 3 0
0 36928 4 0
0 36928 5 0
0 36928 6 0
0 52897 7 0
0 52897 8 0
0 52897 9 0
0 52897 10 0
0 52897 11 0
0 52897 12 0
0 604 13 0
0 604 14 0
0 604 15 0
0 604 0 0
0 604 1 0
0 604 2 0
0 38860 3 0
0 38860 4 0
0 38860 5 0
0 38860 6 0
0 38860 7 0
0 38860 8 0
0 63628 9 0
0 63628 10 0
0 63628 11 0
0 63628 12 0
0 63628 13 0
0 63628 14 0
0 20747 15 0
0 20747 0 0
0 20747 1 0
0 20747 2 0
0 20747 3 0
0 20747 4 0
0 46011 5 0
0 46011 6 0
0 46011 7 0
0 46011 8 0
0 46011 9 0
0 46011 10 0
0 47772 11 0
0 47772 12 0
0 47772 13 0
0 47772 14 0
0 47772 15 0
0 47772 0 0
0 22066 1 0
0 22066 2 0
0 22066 3 0
0 22066 4 0
0 22066 5 0
0 22066 6 0
0 24035 7 0
0 24035 8 0
0 24035 9 0
0 24035 10 0
0 24035 11 0
0 24035 12 0
0 37976 13 0
0 37976 14 0
0 37976 15 0
0 37976 0 0
0 37976 1 0
0 37976 2 0
0 16883 3 0
0 16883 4 0
0 16883 5 0
0 16883 6 0
0 16883 7 0
0 16883 8 0
0 42008 9 0
0 42008 10 0
0 42008 11 0
0 42008 12 0
0 42008 13 0
0 42008 14 0
0 4365 15 0
0 4365 0 0
0 4365 1 0
0 4365 2 0
0 4365 3 0
0 4365 4 0
0 62210 5 0
0 62210 6 0
0 62210 7 0
0 62210 8 0
0 62210 9 0
0 62210 10 0
0 8526 11 0
0 8526 12 0
0 8526 13 0
0 8526 14 0
0 8526 15 0
0 8526 0 0
0 49313 1 0
0 49313 2 0
0 49313 3 0
0 49313 4 0
0 49313 5 0
0 49313 6 0
0 52444 7 0
0 52444 8 0
0 52444 9 0
0 52444 10 0
0 52444 11 0
0 52444 12 0
0 10489 13 0
0 10489 14 0
0 10489 15 0
0 10489 0 0
0 10489 1 0
0 10489 2 0
0 63688 3 0
0 63688 4 0
0 63688 5 0
0 63688 6 0
0 63688 7 0
0 63688 8 0
0 23091 9 0
0 23091 10 0
0 23091 11 0
0 23091 12 0
0 23091 13 0
0 23091 14 0
0 120 15 0
0 120 0 0
0 120 1 0
0 120 2 0
0 120 3 0
0 120 4 0
0 2592 5 0
0 2592 6 0
0 2592 7 0
0 2592 8 0
0 2592 9 0
0 2592 10 0
0 54359 11 0
0 54359 12 0
0 54359 13 0
0 54359 14 0
0 54359 15 0
0 54359 0 0
0 21468 1 0
0 21468 2 0
0 21468 3 0
0 21468 4 0
0 21468 5 0
0 21468 6 0
0 56721 7 0
0 56721 8 0
0 56721 9 0
0 56721 10 0
0 56721 11 0
0 56721 12 0
0 44057 13 0
0 44057 14 0
0 44057 15 0
0 44057 0 0
0 44057 1 0
0 44057 2 0
0 65027 3 0
0 65027 4 0
0 65027 5 0
0 65027 6 0
0 65027 7 0
0 65027 8 0
0 9600 9 0
0 9600 10 0
0 9600 11 0
0 9600 12 0
0 9600 13 0
0 9600 14 0
0 913 15 0
0 913 0 0
0 913 1 0
0 913 2 0
0 913 3 0
0 913 4 0
0 59974 5 0
0 59974 6 0
0 59974 7 0
0 59974 8 0
0 59974 9 0
0 59974 10 0
0 11160 11 0
0 11160 12 0
0 11160 13 0
0 11160 14 0
0 11160 15 0
0 11160 0 0
0 27571 1 0
0 27571 2 0
0 27571 3 0
0 27571 4 0
0 27571 5 0
0 27571 6 0
0 40320 7 0
0 40320 8 0
0 40320 9 0
0 40320 10 0
0 40320 11 0
0 40320 12 0
0 32424 13 0
0 32424 14 0
0 32424 15 0
0 32424 0 0
0 32424 1 0
0 32424 2 0
0 6745 3 0
0 6745 4 0
0 6745 5 0
0 6745 6 0
0 6745 7 0
0 6745 8 0
0 57672 9 0
0 57672 10 0
0 57672 11 0
0 57672 12 0
0 57672 13 0
0 57672 14 0
0 24453 15 0
0 24453 0 0
0 24453 1 0
0 24453 2 0
0 24453 3 0
0 24453 4 0
0 23554 5 0
0 23554 6 0
0 23554 7 0
0 23554 8 0
0 23554 9 0
0 23554 10 0
0 42832 11 0
0 42832 12 0
0 42832 13 0
0 42832 14 0
0 42832 15 0
0 42832 0 0
0 18249 1 0
0 18249 2 0
0 18249 3 0
0 18249 4 0
0 18249 5 0
0 18249 6 0
0 41702 7 0
0 41702 8 0
0 41702 9 0
0 41702 10 0
0 41702 11 0
0 41702 12 0
0 29372 13 0
0 29372 14 0
0 29372 15 0
0 29372 0 0
0 29372 1 0
0 29372 2 0
0 20405 3 0
0 20405 4 0
0 20405 5 0
0 20405 6 0
0 20405 7 0
0 20405 8 0
0 37490 9 0
0 37490 10 0
0 37490 11 0
0 37490 12 0
0 37490 13 0
0 37490 14 0
0 24805 15 0
0 24805 0 0
0 24805 1 0
0 24805 2 0
0 24805 3 0
0 24805 4 0
0 9616 5 0
0 9616 6 0
0 9616 7 0
0 9616 8 0
0 9616 9 0
0 9616 10 0
0 31785 11 0
0 31785 12 0
0 31785 13 0
0 31785 14 0
0 31785 15 0
0 31785 0 0
0 7402 1 0
0 7402 2 0
0 7402 3 0
0 7402 4 0
0 7402 5 0
0 7402 6 0
0 42449 7 0
0 42449 8 0
0 42449 9 0
0 42449 10 0
0 42449 11 0
0 42449 12 0
0 13319 13 0
0 13319 14 0
0 13319 15 0
0 13319 0 0
0 13319 1 0
0 13319 2 0
0 42518 3 0
0 42518 4 0
0 42518 5 0
0 42518 6 0
0 42518 7 0
0 42518 8 0
0 34376 9 0
0 34376 10 0
0 34376 11 0
0 34376 12 0
0 34376 13 0
0 34376 14 0
0 3642 15 0
0 3642 0 0
0 3642 1 0
0 3642 2 0
0 3642 3 0
0 3642 4 0
0 55992 5 0
0 55992 6 0
0 55992 7 0
0 55992 8 0
0 55992 9 0
0 55992 10 0
0 36638 11 0
0 36638 12 0
0 36638 13 0
0 36638 14 0
0 36638 15 0
0 36638 0 0
0 16166 1 0
0 16166 2 0
0 16166 3 0
0 16166 4 0
0 16166 5 0
0 16166 6 0
0 60423 7 0
0 60423 8 0
0 60423 9 0
0 60423 10 0
0 60423 11 0
0 60423 12 0
0 58018 13 0
0 58018 14 0
0 58018 15 0
0 58018 0 0
0 58018 1 0
0 58018 2 0
0 58388 3 0
0 58388 4 0
0 58388 5 0
0 58388 6 0
0 58388 7 0
0 58388 8 0
0 44468 9 0
0 44468 10 0
0 44468 11 0
0 44468 12 0
0 44468 13 0
0 44468 14 0
0 43411 15 0
0 43411 0 0
0 43411 1 0
0 43411 2 0
0 43411 3 0
0 43411 4 0
0 16737 5 0
0 16737 6 0
0 16737 7 0
0 16737 8 0
0 16737 9 0
0 16737 10 0
0 52271 11 0
0 52271 12 0
0 52271 13 0
0 52271 14 0
0 52271 15 0
0 52271 0 0
0 15763 1 0
0 15763 2 0
0 15763 3 0
0 15763 4 0
0 15763 5 0
0 15763 6 0
0 37966 7 0
0 37966 8 0
0 37966 9 0
0 37966 10 0
0 37966 11 0
0 37966 12 0
0 17239 13 0
0 17239 14 0
0 17239 15 0
0 17239 0 0
0 17239 1 0
0 17239 2 0
0 64955 3 0
0 64955 4 0
0 64955 5 0
0 64955 6 0
0 64955 7 0
0 64955 8 0
0 10336 9 0
0 10336 10 0
0 10336 11 0
0 10336 12 0
0 10336 13 0
0 10336 14 0
0 55409 15 0
0 55409 0 0
0 55409 1 0
0 55409 2 0
0 55409 3 0
0 55409 4 0
0 45294 5 0
0 45294 6 0
0 45294 7 0
0 45294 8 0
0 45294 9 0
0 45294 10 0
0 4060 11 0
0 4060 12 0
0 4060 13 0
0 4060 14 0
0 4060 15 0
0 4060 0 0
0 1343 1 0
0 1343 2 0
0 1343 3 0
0 1343 4 0
0 1343 5 0
0 1343 6 0
0 40579 7 0
0 40579 8 0
0 40579 9 0
0 40579 10 0
0 40579 11 0
0 40579 12 0
0 11065 13 0
0 11065 14 0
0 11065 15 0
0 11065 0 0
0 11065 1 0
0 11065 2 0
0 10010 3 0
0 10010 4 0
0 10010 5 0
0 10010 6 0
0 10010 7 0
0 10010 8 0
0 16149 9 0
0 16149 10 0
0 16149 11 0
0 16149 12 0
0 16149 13 0
0 16149 14 0
0 57562 15 0
0 57562 0 0
0 57562 1 0
0 57562 2 0
0 57562 3 0
0 57562 4 0
0 33792 5 0
0 33792 6 0
0 33792 7 0
0 33792 8 0
0 33792 9 0
0 33792 10 0
0 48201 11 0
0 48201 12 0
0 48201 13 0
0 48201 14 0
0 48201 15 0
0 48201 0 0
0 40517 1 0
0 40517 2 0
0 40517 3 0
0 40517 4 0
0 40517 5 0
0 40517 6 0
0 31421 7 0
0 31421 8 0
0 31421 9 0
0 31421 10 0
0 31421 11 0
0 31421 12 0
0 42462 13 0
0 42462 14 0
0 42462 15 0
0 42462 0 0
0 42462 1 0
0 42462 2 0
0 33576 3 0
0 33576 4 0
0 33576 5 0
0 33576 6 0
0 33576 7 0
0 33576 8 0
0 15813 9 0
0 15813 10 0
0 15813 11 0
0 15813 12 0
0 15813 13 0
0 15813 14 0
0 15351 15 0
0 15351 0 0
0 15351 1 0
0 15351 2 0
0 15351 3 0
0 15351 4 0
0 44270 5 0
0 44270 6 0
0 44270 7 0
0 44270 8 0
0 44270 9 0
0 44270 10 0
0 33613 11 0
0 33613 12 0
0 33613 13 0
0 33613 14 0
0 33613 15 0
0 33613 0 0
0 54203 1 0
0 54203 2 0
0 54203 3 0
0 54203 4 0
0 54203 5 0
0 54203 6 0
0 5716 7 0
0 5716 8 0
0 5716 9 0
0 5716 10 0
0 5716 11 0
0 5716 12 0
0 37446 13 0
0 37446 14 0
0 37446 15 0
0 37446 0 0
0 37446 1 0
0 37446 2 0
0 35868 3 0
0 35868 4 0
0 35868 5 0
0 35868 6 0
0 35868 7 0
0 35868 8 0
0 53979 9 0
0 53979 10 0
0 53979 11 0
0 53979 12 0
0 53979 13 0
0 53979 14 0
0 19075 15 0
0 19075 0 0
0 19075 1 0
0 19075 2 0
0 19075 3 0
0 19075 4 0
0 33191 5 0
0 33191 6 0
0 33191 7 0
0 33191 8 0
0 33191 9 0
0 33191 10 0
0 56645 11 0
0 56645 12 0
0 56645 13 0
0 56645 14 0
0 56645 15 0
0 56645 0 0
0 47723 1 0
0 47723 2 0
0 47723 3 0
0 47723 4 0
0 47723 5 0
0 47723 6 0
0 2768 7 0
0 2768 8 0
0 2768 9 0
0 2768 10 0
0 2768 11 0
0 2768 12 0
0 47037 13 0
0 47037 14 0
0 47037 15 0
0 47037 0 0
0 47037 1 0
0 47037 2 0
0 50578 3 0
0 50578 4 0
0 50578 5 0
0 50578 6 0
0 50578 7 0
0 50578 8 0
0 40757 9 0
0 40757 10 0
0 40757 11 0
0 40757 12 0
0 40757 13 0
0 40757 14 0
0 33566 15 0
0 33566 0 0
0 33566 1 0
0 33566 2 0
0 33566 3 0
0 33566 4 0
0 4085 5 0
0 4085 6 0
0 4085 7 0
0 4085 8 0
0 4085 9 0
0 4085 10 0
0 30773 11 0
0 30773 12 0
0 30773 13 0
0 30773 14 0
0 30773 15 0
0 30773 0 0
0 47132 1 0
0 47132 2 0
0 47132 3 0
0 47132 4 0
0 47132 5 0
0 47132 6 0
0 43918 7 0
0 43918 8 0
0 43918 9 0
0 43918 10 0
0 43918 11 0
0 43918 12 0
0 11745 13 0
0 11745 14 0
0 11745 15 0
0 11745 0 0
0 11745 1 0
0 11745 2 0
0 51835 3 0
0 51835 4 0
0 51835 5 0
0 51835 6 0
0 51835 7 0
0 51835 8 0
0 63564 9 0
0 63564 10 0
0 63564 11 0
0 63564 12 0
0 63564 13 0
0 63564 14 0
0 27879 15 0
0 27879 0 0
0 27879 1 0
0 27879 2 0
0 27879 3 0
0 27879 4 0
0 1749 5 0
0 1749 6 0
0 1749 7 0
0 1749 8 0
0 1749 9 0
0 1749 10 0
0 55200 11 0
0 55200 12 0
0 55200 13 0
0 55200 14 0
0 55200 15 0
0 55200 0 0
0 33328 1 0
0 33328 2 0
0 33328 3 0
0 33328 4 0
0 33328 5 0
0 33328 6 0
0 47182 7 0
0 47182 8 0
0 47182 9 0
0 47182 10 0
0 47182 11 0
0 47182 12 0
0 24844 13 0
0 24844 14 0
0 24844 15 0
0 24844 0 0
0 24844 1 0
0 24844 2 0
0 32023 3 0
0 32023 4 0
0 32023 5 0
0 32023 6 0
0 32023 7 0
0 32023 8 0
0 10755 9 0
0 10755 10 0
0 10755 11 0
0 10755 12 0
0 10755 13 0
0 10755 14 0
0 12698 15 0
0 12698 0 0
0 12698 1 0
0 12698 2 0
0 12698 3 0
0 12698 4 0
0 14979 5 0
0 14979 6 0
0 14979 7 0
0 14979 8 0
0 14979 9 0
0 14979 10 0
0 14743 11 0
0 14743 12 0
0 14743 13 0
0 14743 14 0
0 14743 15 0
0 14743 0 0
0 38829 1 0
0 38829 2 0
0 38829 3 0
0 38829 4 0
0 38829 5 0
0 38829 6 0
0 24379 7 0
0 24379 8 0
0 24379 9 0
0 24379 10 0
0 24379 11 0
0 24379 12 0
0 51021 13 0
0 51021 14 0
0 51021 15 0
0 51021 0 0
0 51021 1 0
0 51021 2 0
0 162 3 0
0 162 4 0
0 162 5 0
0 162 6 0
0 162 7 0
0 162 8 0
0 28165 9 0
0 28165 10 0
0 28165 11 0
0 28165 12 0
0 28165 13 0
0 28165 14 0
0 18014 15 0
0 18014 0 0
0 18014 1 0
0 18014 2 0
0 18014 3 0
0 18014 4 0
0 62091 5 0
0 62091 6 0
0 62091 7 0
0 62091 8 0
0 62091 9 0
0 62091 10 0
0 50611 11 0
0 50611 12 0
0 50611 13 0
0 50611 14 0
0 50611 15 0
0 50611 0 0
0 4750 1 0
0 4750 2 0
0 4750 3 0
0 4750 4 0
0 4750 5 0
0 4750 6 0
0 29115 7 0
0 29115 8 0
0 29115 9 0
0 29115 10 0
0 29115 11 0
0 29115 12 0
0 21842 13 0
0 21842 14 0
0 21842 15 0
0 21842 0 0
0 21842 1 0
0 21842 2 0
0 23299 3 0
0 23299 4 0
0 23299 5 0
0 23299 6 0
0 23299 7 0
0 23299 8 0
0 4106 9 0
0 4106 10 0
0 4106 11 0
0 4106 12 0
0 4106 13 0
0 4106 14 0
0 44808 15 0
0 44808 0 0
0 44808 1 0
0 44808 2 0
0 44808 3 0
0 44808 4 0
0 47923 5 0
0 47923 6 0
0 47923 7 0
0 47923 8 0
0 47923 9 0
0 47923 10 0
0 1850 11 0
0 1850 12 0
0 1850 13 0
0 1850 14 0
0 1850 15 0
0 1850 0 0
0 19679 1 0
0 19679 2 0
0 19679 3 0
0 19679 4 0
0 19679 5 0
0 19679 6 0
0 12244 7 0
0 12244 8 0
0 12244 9 0
0 12244 10 0
0 12244 11 0
0 12244 12 0
0 41800 13 0
0 41800 14 0
0 41800 15 0
0 41800 0 0
0 41800 1 0
0 41800 2 0
0 20936 3 0
0 20936 4 0
0 20936 5 0
0 20936 6 0
0 20936 7 0
0 20936 8 0
0 21286 9 0
0 21286 10 0
0 21286 11 0
0 21286 12 0
0 21286 13 0
0 21286 14 0
0 8705 15 0
0 8705 0 0
0 8705 1 0
0 8705 2 0
0 8705 3 0
0 8705 4 0
0 8396 5 0
0 8396 6 0
0 8396 7 0
0 8396 8 0
0 8396 9 0
0 8396 10 0
0 43940 11 0
0 43940 12 0
0 43940 13 0
0 43940 14 0
0 43940 15 0
0 43940 0 0
0 60738 1 0
0 60738 2 0
0 60738 3 0
0 60738 4 0
0 60738 5 0
0 60738 6 0
0 557 7 0
0 557 8 0
0 557 9 0
0 557 10 0
0 557 11 0
0 557 12 0
0 38332 13 0
0 38332 14 0
0 38332 15 0
0 38332 0 0
0 38332 1 0
0 38332 2 0
0 50776 3 0
0 50776 4 0
0 50776 5 0
0 50776 6 0
0 50776 7 0
0 50776 8 0
0 24461 9 0
0 24461 10 0
0 24461 11 0
0 24461 12 0
0 24461 13 0
0 24461 14 0
0 43609 15 0
0 43609 0 0
0 43609 1 0
0 43609 2 0
0 43609 3 0
0 43609 4 0
0 47195 5 0
0 47195 6 0
0 47195 7 0
0 47195 8 0
0 47195 9 0
0 47195 10 0
0 49302 11 0
0 49302 12 0
0 49302 13 0
0 49302 14 0
0 49302 15 0
0 49302 0 0
0 52085 1 0
0 52085 2 0
0 52085 3 0
0 52085 4 0
0 52085 5 0
0 52085 6 0
0 58637 7 0
0 58637 8 0
0 58637 9 0
0 58637 10 0
0 58637 11 0
0 58637 12 0
0 57432 13 0
0 57432 14 0
0 57432 15 0
0 57432 0 0
0 57432 1 0
0 57432 2 0
0 9673 3 0
0 9673 4 0
0 9673 5 0
0 9673 6 0
0 9673 7 0
0 9673 8 0
0 38741 9 0
0 38741 10 0
0 38741 11 0
0 38741 12 0
0 38741 13 0
0 38741 14 0
0 63448 15 0
0 63448 0 0
0 63448 1 0
0 63448 2 0
0 63448 3 0
0 63448 4 0
0 55924 5 0
0 55924 6 0
0 55924 7 0
0 55924 8 0
0 55924 9 0
0 55924 10 0
0 7595 11 0
0 7595 12 0
0 7595 13 0
0 7595 14 0
0 7595 15 0
0 7595 0 0
0 55328 1 0
0 55328 2 0
0 55328 3 0
0 55328 4 0
0 55328 5 0
0 55328 6 0
0 23225 7 0
0 23225 8 0
0 23225 9 0
0 23225 10 0
0 23225 11 0
0 23225 12 0
0 65359 13 0
0 65359 14 0
0 65359 15 0
0 65359 0 0
0 65359 1 0
0 65359 2 0
0 30291 3 0
0 30291 4 0
0 30291 5 0
0 30291 6 0
0 30291 7 0
0 30291 8 0
0 3301 9 0
0 3301 10 0
0 3301 11 0
0 3301 12 0
0 3301 13 0
0 3301 14 0
0 16007 15 0
0 16007 0 0
0 16007 1 0
0 16007 2 0
0 16007 3 0
0 16007 4 0
0 13153 5 0
0 13153 6 0
0 13153 7 0
0 13153 8 0
0 13153 9 0
0 13153 10 0
0 7037 11 0
0 7037 12 0
0 7037 13 0
0 7037 14 0
0 7037 15 0
0 7037 0 0
0 31435 1 0
0 31435 2 0
0 31435 3 0
0 31435 4 0
0 31435 5 0
0 31435 6 0
0 5574 7 0
0 5574 8 0
0 5574 9 0
0 5574 10 0
0 5574 11 0
0 5574 12 0
0 47268 13 0
0 47268 14 0
0 47268 15 0
0 47268 0 0
0 47268 1 0
0 47268 2 0
0 13552 3 0
0 13552 4 0
0 13552 5 0
0 13552 6 0
0 13552 7 0
0 13552 8 0
0 30072 9 0
0 30072 10 0
0 30072 11 0
0 30072 12 0
0 30072 13 0
0 30072 14 0
0 53201 15 0
0 53201 0 0
0 53201 1 0
0 53201 2 0
0 53201 3 0
0 53201 4 0
0 59784 5 0
0 59784 6 0
0 59784 7 0
0 59784 8 0
0 59784 9 0
0 59784 10 0
0 62211 11 0
0 62211 12 0
0 62211 13 0
0 62211 14 0
0 62211 15 0
0 62211 0 0
0 21453 1 0
0 21453 2 0
0 21453 3 0
0 21453 4 0
0 21453 5 0
0 21453 6 0
0 24946 7 0
0 24946 8 0
0 24946 9 0
0 24946 10 0
0 24946 11 0
0 24946 12 0
0 909 13 0
0 909 14 0
0 909 15 0
0 909 0 0
0 909 1 0
0 909 2 0
0 11748 3 0
0 11748 4 0
0 11748 5 0
0 11748 6 0
0 11748 7 0
0 11748 8 0
0 21227 9 0
0 21227 10 0
0 21227 11 0
0 21227 12 0
0 21227 13 0
0 21227 14 0
0 10751 15 0
0 10751 0 0
0 10751 1 0
0 10751 2 0
0 10751 3 0
0 10751 4 0
0 27027 5 0
0 27027 6 0
0 27027 7 0
0 27027 8 0
0 27027 9 0
0 27027 10 0
0 14991 11 0
0 14991 12 0
0 14991 13 0
0 14991 14 0
0 14991 15 0
0 14991 0 0
0 50002 1 0
0 50002 2 0
0 50002 3 0
0 50002 4 0
0 50002 5 0
0 50002 6 0
0 55612 7 0
0 55612 8 0
0 55612 9 0
0 55612 10 0
0 55612 11 0
0 55612 12 0
0 8949 13 0
0 8949 14 0
0 8949 15 0
0 8949 0 0
0 8949 1 0
0 8949 2 0
0 49167 3 0
0 49167 4 0
0 49167 5 0
0 49167 6 0
0 49167 7 0
0 49167 8 0
0 11552 9 0
0 11552 10 0
0 11552 11 0
0 11552 12 0
0 11552 13 0
0 11552 14 0
0 32875 15 0
0 32875 0 0
0 32875 1 0
0 32875 2 0
0 32875 3 0
0 32875 4 0
0 60675 5 0
0 60675 6 0
0 60675 7 0
0 60675 8 0
0 60675 9 0
0 60675 10 0
0 26191 11 0
0 26191 12 0
0 26191 13 0
0 26191 14 0
0 26191 15 0
0 26191 0 0
0 50364 1 0
0 50364 2 0
0 50364 3 0
0 50364 4 0
0 50364 5 0
0 50364 6 0
0 62506 7 0
0 62506 8 0
0 62506 9 0
0 62506 10 0
0 62506 11 0
0 62506 12 0
0 35217 13 0
0 35217 14 0
0 35217 15 0
0 35217 0 0
0 35217 1 0
0 35217 2 0
0 24622 3 0
0 24622 4 0
0 24622 5 0
0 24622 6 0
0 24622 7 0
0 24622 8 0
0 5175 9 0
0 5175 10 0
0 5175 11 0
0 5175 12 0
0 5175 13 0
0 5175 14 0
0 56149 15 0
0 56149 0 0
0 56149 1 0
0 56149 2 0
0 56149 3 0
0 56149 4 0
0 60521 5 0
0 60521 6 0
0 60521 7 0
0 60521 8 0
0 60521 9 0
0 60521 10 0
0 32221 11 0
0 32221 12 0
0 32221 13 0
0 32221 14 0
0 32221 15 0
0 32221 0 0
0 52446 1 0
0 52446 2 0
0 52446 3 0
0 52446 4 0
0 52446 5 0
0 52446 6 0
0 39378 7 0
0 39378 8 0
0 39378 9 0
0 39378 10 0
0 39378 11 0
0 39378 12 0
0 23686 13 0
0 23686 14 0
0 23686 15 0
0 23686 0 0
0 23686 1 0
0 23686 2 0
0 37916 3 0
0 37916 4 0
0 37916 5 0
0 37916 6 0
0 37916 7 0
0 37916 8 0
0 10194 9 0
0 10194 10 0
0 10194 11 0
0 10194 12 0
0 10194 13 0
0 10194 14 0
0 43958 15 0
0 43958 0 0
0 43958 1 0
0 43958 2 0
0 43958 3 0
0 43958 4 0
0 60912 5 0
0 60912 6 0
0 60912 7 0
0 60912 8 0
0 60912 9 0
0 60912 10 0
0 53953 11 0
0 53953 12 0
0 53953 13 0
0 53953 14 0
0 53953 15 0
0 53953 0 0
0 6019 1 0
0 6019 2 0
0 6019 3 0
0 6019 4 0
0 6019 5 0
0 6019 6 0
0 62559 7 0
0 62559 8 0
0 62559 9 0
0 62559 10 0
0 62559 11 0
0 62559 12 0
0 13948 13 0
0 13948 14 0
0 13948 15 0
0 13948 0 0
0 13948 1 0
0 13948 2 0
0 64538 3 0
0 64538 4 0
0 64538 5 0
0 64538 6 0
0 64538 7 0
0 64538 8 0
0 32470 9 0
0 32470 10 0
0 32470 11 0
0 32470 12 0
0 32470 13 0
0 32470 14 0
0 39421 15 0
0 39421 0 0
0 39421 1 0
0 39421 2 0
0 39421 3 0
0 39421 4 0
0 38953 5 0
0 38953 6 0
0 38953 7 0
0 38953 8 0
0 38953 9 0
0 38953 10 0
0 46734 11 0
0 46734 12 0
0 46734 13 0
0 46734 14 0
0 46734 15 0
0 46734 0 0
0 34507 1 0
0 34507 2 0
0 34507 3 0
0 34507 4 0
0 34507 5 0
0 34507 6 0
0 46734 7 0
0 46734 8 0
0 46734 9 0
0 46734 10 0
0 46734 11 0
0 46734 12 0
0 31835 13 0
0 31835 14 0
0 31835 15 0
0 31835 0 0
0 31835 1 0
0 31835 2 0
0 21660 3 0
0 21660 4 0
0 21660 5 0
0 21660 6 0
0 21660 7 0
0 21660 8 0
0 54800 9 0
0 54800 10 0
0 54800 11 0
0 54800 12 0
0 54800 13 0
0 54800 14 0
0 60670 15 0
0 60670 0 0
0 60670 1 0
0 60670 2 0
0 60670 3 0
0 60670 4 0
0 46483 5 0
0 46483 6 0
0 46483 7 0
0 46483 8 0
0 46483 9 0
0 46483 10 0
0 44325 11 0
0 44325 12 0
0 44325 13 0
0 44325 14 0
0 44325 15 0
0 44325 0 0
0 25101 1 0
0 25101 2 0
0 25101 3 0
0 25101 4 0
0 25101 5 0
0 25101 6 0
0 52326 7 0
0 52326 8 0
0 52326 9 0
0 52326 10 0
0 52326 11 0
0 52326 12 0
0 45087 13 0
0 45087 14 0
0 45087 15 0
0 45087 0 0
0 45087 1 0
0 45087 2 0
0 63350 3 0
0 63350 4 0
0 63350 5 0
0 63350 6 0
0 63350 7 0
0 63350 8 0
0 35989 9 0
0 35989 10 0
0 35989 11 0
0 35989 12 0
0 35989 13 0
0 35989 14 0
0 21224 15 0
0 21224 0 0
0 21224 1 0
0 21224 2 0
0 21224 3 0
0 21224 4 0
0 39250 5 0
0 39250 6 0
0 39250 7 0
0 39250 8 0
0 39250 9 0
0 39250 10 0
0 61990 11 0
0 61990 12 0
0 61990 13 0
0 61990 14 0
0 61990 15 0
0 61990 0 0
0 17522 1 0
0 17522 2 0
0 17522 3 0
0 17522 4 0
0 17522 5 0
0 17522 6 0
0 10154 7 0
0 10154 8 0
0 10154 9 0
0 10154 10 0
0 10154 11 0
0 10154 12 0
0 15034 13 0
0 15034 14 0
0 15034 15 0
0 15034 0 0
0 15034 1 0
0 15034 2 0
0 45275 3 0
0 45275 4 0
0 45275 5 0
0 45275 6 0
0 45275 7 0
0 45275 8 0
0 65298 9 0
0 65298 10 0
0 65298 11 0
0 65298 12 0
0 65298 13 0
0 65298 14 0
0 36781 15 0
0 36781 0 0
0 36781 1 0
0 36781 2 0
0 36781 3 0
0 36781 4 0
0 2356 5 0
0 2356 6 0
0 2356 7 0
0 2356 8 0
0 2356 9 0
0 2356 10 0
0 44686 11 0
0 44686 12 0
0 44686 13 0
0 44686 14 0
0 44686 15 0
0 44686 0 0
0 57821 1 0
0 57821 2 0
0 57821 3 0
0 57821 4 0
0 57821 5 0
0 57821 6 0
0 24971 7 0
0 24971 8 0
0 24971 9 0
0 24971 10 0
0 24971 11 0
0 24971 12 0
0 55371 13 0
0 55371 14 0
0 55371 15 0
0 55371 0 0
0 55371 1 0
0 55371 2 0
0 40819 3 0
0 40819 4 0
0 40819 5 0
0 40819 6 0
0 40819 7 0
0 40819 8 0
0 56688 9 0
0 56688 10 0
0 56688 11 0
0 56688 12 0
0 56688 13 0
0 56688 14 0
0 12157 15 0
0 12157 0 0
0 12157 1 0
0 12157 2 0
0 12157 3 0
0 12157 4 0
0 27444 5 0
0 27444 6 0
0 27444 7 0
0 27444 8 0
0 27444 9 0
0 27444 10 0
0 60138 11 0
0 60138 12 0
0 60138 13 0
0 60138 14 0
0 60138 15 0
0 60138 0 0
0 53491 1 0
0 53491 2 0
0 53491 3 0
0 53491 4 0
0 53491 5 0
0 53491 6 0
0 4748 7 0
0 4748 8 0
0 4748 9 0
0 4748 10 0
0 4748 11 0
0 4748 12 0
0 28873 13 0
0 28873 14 0
0 28873 15 0
0 28873 0 0
0 28873 1 0
0 28873 2 0
0 36047 3 0
0 36047 4 0
0 36047 5 0
0 36047 6 0
0 36047 7 0
0 36047 8 0
0 40298 9 0
0 40298 10 0
0 40298 11 0
0 40298 12 0
0 40298 13 0
0 40298 14 0
0 36844 15 0
0 36844 0 0
0 36844 1 0
0 36844 2 0
0 36844 3 0
0 36844 4 0
0 19528 5 0
0 19528 6 0
0 19528 7 0
0 19528 8 0
0 19528 9 0
0 19528 10 0
0 13896 11 0
0 13896 12 0
0 13896 13 0
0 13896 14 0
0 13896 15 0
0 13896 0 0
0 38965 1 0
0 38965 2 0
0 38965 3 0
0 38965 4 0
0 38965 5 0
0 38965 6 0
0 7847 7 0
0 7847 8 0
0 7847 9 0
0 7847 10 0
0 7847 11 0
0 7847 12 0
0 11991 13 0
0 11991 14 0
0 11991 15 0
