0 0 0 0
0 0 1 0
0 0 2 0
0 0 3 0
0 0 4 0
0 1889 5 0
0 1889 6 0
0 1889 7 0
0 1889 8 0
0 1889 9 0
0 1889 10 0
0 52151 11 0
0 52151 12 0
0 52151 13 0
0 52151 14 0
0 52151 15 0
0 52151 0 0
0 29439 1 0
0 29439 2 0
0 29439 3 0
0 29439 4 0
0 29439 5 0
0 29439 6 0
0 10610 7 0
0 10610 8 0
0 10610 9 0
0 10610 10 0
0 10610 11 0
0 10610 12 0
0 59856 13 0
0 59856 14 0
0 59856 15 0
0 59856 0 0
0 59856 1 0
0 59856 2 0
0 47827 3 0
0 47827 4 0
0 47827 5 0
0 47827 6 0
0 47827 7 0
0 47827 8 0
0 11707 9 0
0 11707 10 0
0 11707 11 0
0 11707 12 0
0 11707 13 0
0 11707 14 0
0 63278 15 0
0 63278 0 0
0 63278 1 0
0 63278 2 0
0 63278 3 0
0 63278 4 0
0 51995 5 0
0 51995 6 0
0 51995 7 0
0 51995 8 0
0 51995 9 0
0 51995 10 0
0 58310 11 0
0 58310 12 0
0 58310 13 0
0 58310 14 0
0 58310 15 0
0 58310 0 0
0 34470 1 0
0 34470 2 0
0 34470 3 0
0 34470 4 0
0 34470 5 0
0 34470 6 0
0 1714 7 0
0 1714 8 0
0 1714 9 0
0 1714 10 0
0 1714 11 0
0 1714 12 0
0 43588 13 0
0 43588 14 0
0 43588 15 0
0 43588 0 0
0 43588 1 0
0 43588 2 0
0 28016 3 0
0 28016 4 0
0 28016 5 0
0 28016 6 0
0 28016 7 0
0 28016 8 0
0 31085 9 0
0 31085 10 0
0 31085 11 0
0 31085 12 0
0 31085 13 0
0 31085 14 0
0 63549 15 0
0 63549 0 0
0 63549 1 0
0 63549 2 0
0 63549 3 0
0 63549 4 0
0 46749 5 0
0 46749 6 0
0 46749 7 0
0 46749 8 0
0 46749 9 0
0 46749 10 0
0 37801 11 0
0 37801 12 0
0 37801 13 0
0 37801 14 0
0 37801 15 0
0 37801 0 0
0 2593 1 0
0 2593 2 0
0 2593 3 0
0 2593 4 0
0 2593 5 0
0 2593 6 0
0 40003 7 0
0 40003 8 0
0 40003 9 0
0 40003 10 0
0 40003 11 0
0 40003 12 0
0 38718 13 0
0 38718 14 0
0 38718 15 0
0 38718 0 0
0 38718 1 0
0 38718 2 0
0 61247 3 0
0 61247 4 0
0 61247 5 0
0 61247 6 0
0 61247 7 0
0 61247 8 0
0 18312 9 0
0 18312 10 0
0 18312 11 0
0 18312 12 0
0 18312 13 0
0 18312 14 0
0 14315 15 0
0 14315 0 0
0 14315 1 0
0 14315 2 0
0 14315 3 0
0 14315 4 0
0 5115 5 0
0 5115 6 0
0 5115 7 0
0 5115 8 0
0 5115 9 0
0 5115 10 0
0 11848 11 0
0 11848 12 0
0 11848 13 0
0 11848 14 0
0 11848 15 0
0 11848 0 0
0 27392 1 0
0 27392 2 0
0 27392 3 0
0 27392 4 0
0 27392 5 0
0 27392 6 0
0 64891 7 0
0 64891 8 0
0 64891 9 0
0 64891 10 0
0 64891 11 0
0 64891 12 0
0 22958 13 0
0 22958 14 0
0 22958 15 0
0 22958 0 0
0 22958 1 0
0 22958 2 0
0 3136 3 0
0 3136 4 0
0 3136 5 0
0 3136 6 0
0 3136 7 0
0 3136 8 0
0 51611 9 0
0 51611 10 0
0 51611 11 0
0 51611 12 0
0 51611 13 0
0 51611 14 0
0 24268 15 0
0 24268 0 0
0 24268 1 0
0 24268 2 0
0 24268 3 0
0 24268 4 0
0 24197 5 0
0 24197 6 0
0 24197 7 0
0 24197 8 0
0 24197 9 0
0 24197 10 0
0 52537 11 0
0 52537 12 0
0 52537 13 0
0 52537 14 0
0 52537 15 0
0 52537 0 0
0 28985 1 0
0 28985 2 0
0 28985 3 0
0 28985 4 0
0 28985 5 0
0 28985 6 0
0 28459 7 0
0 28459 8 0
0 28459 9 0
0 28459 10 0
0 28459 11 0
0 28459 12 0
0 39292 13 0
0 39292 14 0
0 39292 15 0
0 39292 0 0
0 39292 1 0
0 39292 2 0
0 3494 3 0
0 3494 4 0
0 3494 5 0
0 3494 6 0
0 3494 7 0
0 3494 8 0
0 34902 9 0
0 34902 10 0
0 34902 11 0
0 34902 12 0
0 34902 13 0
0 34902 14 0
0 40203 15 0
0 40203 0 0
0 40203 1 0
0 40203 2 0
0 40203 3 0
0 40203 4 0
0 47960 5 0
0 47960 6 0
0 47960 7 0
0 47960 8 0
0 47960 9 0
0 47960 10 0
0 31918 11 0
0 31918 12 0
0 31918 13 0
0 31918 14 0
0 31918 15 0
0 31918 0 0
0 11012 1 0
0 11012 2 0
0 11012 3 0
0 11012 4 0
0 11012 5 0
0 11012 6 0
0 8709 7 0
0 8709 8 0
0 8709 9 0
0 8709 10 0
0 8709 11 0
0 8709 12 0
0 54558 13 0
0 54558 14 0
0 54558 15 0
0 54558 0 0
0 54558 1 0
0 54558 2 0
0 48871 3 0
0 48871 4 0
0 48871 5 0
0 48871 6 0
0 48871 7 0
0 48871 8 0
0 61011 9 0
0 61011 10 0
0 61011 11 0
0 61011 12 0
0 61011 13 0
0 61011 14 0
0 9739 15 0
0 9739 0 0
0 9739 1 0
0 9739 2 0
0 9739 3 0
0 9739 4 0
0 7186 5 0
0 7186 6 0
0 7186 7 0
0 7186 8 0
0 7186 9 0
0 7186 10 0
0 57830 11 0
0 57830 12 0
0 57830 13 0
0 57830 14 0
0 57830 15 0
0 57830 0 0
0 44532 1 0
0 44532 2 0
0 44532 3 0
0 44532 4 0
0 44532 5 0
0 44532 6 0
0 51433 7 0
0 51433 8 0
0 51433 9 0
0 51433 10 0
0 51433 11 0
0 51433 12 0
0 19928 13 0
0 19928 14 0
0 19928 15 0
0 19928 0 0
0 19928 1 0
0 19928 2 0
0 24427 3 0
0 24427 4 0
0 24427 5 0
0 24427 6 0
0 24427 7 0
0 24427 8 0
0 27460 9 0
0 27460 10 0
0 27460 11 0
0 27460 12 0
0 27460 13 0
0 27460 14 0
0 53686 15 0
0 53686 0 0
0 53686 1 0
0 53686 2 0
0 53686 3 0
0 53686 4 0
0 62474 5 0
0 62474 6 0
0 62474 7 0
0 62474 8 0
0 62474 9 0
0 62474 10 0
0 12459 11 0
0 12459 12 0
0 12459 13 0
0 12459 14 0
0 12459 15 0
0 12459 0 0
0 19873 1 0
0 19873 2 0
0 19873 3 0
0 19873 4 0
0 19873 5 0
0 19873 6 0
0 18052 7 0
0 18052 8 0
0 18052 9 0
0 18052 10 0
0 18052 11 0
0 18052 12 0
0 7448 13 0
0 7448 14 0
0 7448 15 0
0 7448 0 0
0 7448 1 0
0 7448 2 0
0 21623 3 0
0 21623 4 0
0 21623 5 0
0 21623 6 0
0 21623 7 0
0 21623 8 0
0 4554 9 0
0 4554 10 0
0 4554 11 0
0 4554 12 0
0 4554 13 0
0 4554 14 0
0 19393 15 0
0 19393 0 0
0 19393 1 0
0 19393 2 0
0 19393 3 0
0 19393 4 0
0 41142 5 0
0 41142 6 0
0 41142 7 0
0 41142 8 0
0 41142 9 0
0 41142 10 0
0 32695 11 0
0 32695 12 0
0 32695 13 0
0 32695 14 0
0 32695 15 0
0 32695 0 0
0 38059 1 0
0 38059 2 0
0 38059 3 0
0 38059 4 0
0 38059 5 0
0 38059 6 0
0 29180 7 0
0 29180 8 0
0 29180 9 0
0 29180 10 0
0 29180 11 0
0 29180 12 0
0 49328 13 0
0 49328 14 0
0 49328 15 0
0 49328 0 0
0 49328 1 0
0 49328 2 0
0 17532 3 0
0 17532 4 0
0 17532 5 0
0 17532 6 0
0 17532 7 0
0 17532 8 0
0 19136 9 0
0 19136 10 0
0 19136 11 0
0 19136 12 0
0 19136 13 0
0 19136 14 0
0 16987 15 0
0 16987 0 0
0 16987 1 0
0 16987 2 0
0 16987 3 0
0 16987 4 0
0 4564 5 0
0 4564 6 0
0 4564 7 0
0 4564 8 0
0 4564 9 0
0 4564 10 0
0 62829 11 0
0 62829 12 0
0 62829 13 0
0 62829 14 0
0 62829 15 0
0 62829 0 0
0 35285 1 0
0 35285 2 0
0 35285 3 0
0 35285 4 0
0 35285 5 0
0 35285 6 0
0 60499 7 0
0 60499 8 0
0 60499 9 0
0 60499 10 0
0 60499 11 0
0 60499 12 0
0 46532 13 0
0 46532 14 0
0 46532 15 0
0 46532 0 0
0 46532 1 0
0 46532 2 0
0 9321 3 0
0 9321 4 0
0 9321 5 0
0 9321 6 0
0 9321 7 0
0 9321 8 0
0 17887 9 0
0 17887 10 0
0 17887 11 0
0 17887 12 0
0 17887 13 0
0 17887 14 0
0 61844 15 0
0 61844 0 0
0 61844 1 0
0 61844 2 0
0 61844 3 0
0 61844 4 0
0 61452 5 0
0 61452 6 0
0 61452 7 0
0 61452 8 0
0 61452 9 0
0 61452 10 0
0 12379 11 0
0 12379 12 0
0 12379 13 0
0 12379 14 0
0 12379 15 0
0 12379 0 0
0 21567 1 0
0 21567 2 0
0 21567 3 0
0 21567 4 0
0 21567 5 0
0 21567 6 0
0 63623 7 0
0 63623 8 0
0 63623 9 0
0 63623 10 0
0 63623 11 0
0 63623 12 0
0 25200 13 0
0 25200 14 0
0 25200 15 0
0 25200 0 0
0 25200 1 0
0 25200 2 0
0 56237 3 0
0 56237 4 0
0 56237 5 0
0 56237 6 0
0 56237 7 0
0 56237 8 0
0 22618 9 0
0 22618 10 0
0 22618 11 0
0 22618 12 0
0 22618 13 0
0 22618 14 0
0 15837 15 0
0 15837 0 0
0 15837 1 0
0 15837 2 0
0 15837 3 0
0 15837 4 0
0 31985 5 0
0 31985 6 0
0 31985 7 0
0 31985 8 0
0 31985 9 0
0 31985 10 0
0 10991 11 0
0 10991 12 0
0 10991 13 0
0 10991 14 0
0 10991 15 0
0 10991 0 0
0 33344 1 0
0 33344 2 0
0 33344 3 0
0 33344 4 0
0 33344 5 0
0 33344 6 0
0 58727 7 0
0 58727 8 0
0 58727 9 0
0 58727 10 0
0 58727 11 0
0 58727 12 0
0 48765 13 0
0 48765 14 0
0 48765 15 0
0 48765 0 0
0 48765 1 0
0 48765 2 0
0 5014 3 0
0 5014 4 0
0 5014 5 0
0 5014 6 0
0 5014 7 0
0 5014 8 0
0 53006 9 0
0 53006 10 0
0 53006 11 0
0 53006 12 0
0 53006 13 0
0 53006 14 0
0 56457 15 0
0 56457 0 0
0 56457 1 0
0 56457 2 0
0 56457 3 0
0 56457 4 0
0 34888 5 0
0 34888 6 0
0 34888 7 0
0 34888 8 0
0 34888 9 0
0 34888 10 0
0 64329 11 0
0 64329 12 0
0 64329 13 0
0 64329 14 0
0 64329 15 0
0 64329 0 0
0 54269 1 0
0 54269 2 0
0 54269 3 0
0 54269 4 0
0 54269 5 0
0 54269 6 0
0 7748 7 0
0 7748 8 0
0 7748 9 0
0 7748 10 0
0 7748 11 0
0 7748 12 0
0 19834 13 0
0 19834 14 0
0 19834 15 0
0 19834 0 0
0 19834 1 0
0 19834 2 0
0 42368 3 0
0 42368 4 0
0 42368 5 0
0 42368 6 0
0 42368 7 0
0 42368 8 0
0 15941 9 0
0 15941 10 0
0 15941 11 0
0 15941 12 0
0 15941 13 0
0 15941 14 0
0 44449 15 0
0 44449 0 0
0 44449 1 0
0 44449 2 0
0 44449 3 0
0 44449 4 0
0 38321 5 0
0 38321 6 0
0 38321 7 0
0 38321 8 0
0 38321 9 0
0 38321 10 0
0 41625 11 0
0 41625 12 0
0 41625 13 0
0 41625 14 0
0 41625 15 0
0 41625 0 0
0 59056 1 0
0 59056 2 0
0 59056 3 0
0 59056 4 0
0 59056 5 0
0 59056 6 0
0 18547 7 0
0 18547 8 0
0 18547 9 0
0 18547 10 0
0 18547 11 0
0 18547 12 0
0 29691 13 0
0 29691 14 0
0 29691 15 0
0 29691 0 0
0 29691 1 0
0 29691 2 0
0 45722 3 0
0 45722 4 0
0 45722 5 0
0 45722 6 0
0 45722 7 0
0 45722 8 0
0 48818 9 0
0 48818 10 0
0 48818 11 0
0 48818 12 0
0 48818 13 0
0 48818 14 0
0 38564 15 0
0 38564 0 0
0 38564 1 0
0 38564 2 0
0 38564 3 0
0 38564 4 0
0 61243 5 0
0 61243 6 0
0 61243 7 0
0 61243 8 0
0 61243 9 0
0 61243 10 0
0 36354 11 0
0 36354 12 0
0 36354 13 0
0 36354 14 0
0 36354 15 0
0 36354 0 0
0 2850 1 0
0 2850 2 0
0 2850 3 0
0 2850 4 0
0 2850 5 0
0 2850 6 0
0 10410 7 0
0 10410 8 0
0 10410 9 0
0 10410 10 0
0 10410 11 0
0 10410 12 0
0 63818 13 0
0 63818 14 0
0 63818 15 0
0 63818 0 0
0 63818 1 0
0 63818 2 0
0 48683 3 0
0 48683 4 0
0 48683 5 0
0 48683 6 0
0 48683 7 0
0 48683 8 0
0 10978 9 0
0 10978 10 0
0 10978 11 0
0 10978 12 0
0 10978 13 0
0 10978 14 0
0 55003 15 0
0 55003 0 0
0 55003 1 0
0 55003 2 0
0 55003 3 0
0 55003 4 0
0 26780 5 0
0 26780 6 0
0 26780 7 0
0 26780 8 0
0 26780 9 0
0 26780 10 0
0 40564 11 0
0 40564 12 0
0 40564 13 0
0 40564 14 0
0 40564 15 0
0 40564 0 0
0 40132 1 0
0 40132 2 0
0 40132 3 0
0 40132 4 0
0 40132 5 0
0 40132 6 0
0 31703 7 0
0 31703 8 0
0 31703 9 0
0 31703 10 0
0 31703 11 0
0 31703 12 0
0 23099 13 0
0 23099 14 0
0 23099 15 0
0 23099 0 0
0 23099 1 0
0 23099 2 0
0 45018 3 0
0 45018 4 0
0 45018 5 0
0 45018 6 0
0 45018 7 0
0 45018 8 0
0 8416 9 0
0 8416 10 0
0 8416 11 0
0 8416 12 0
0 8416 13 0
0 8416 14 0
0 63040 15 0
0 63040 0 0
0 63040 1 0
0 63040 2 0
0 63040 3 0
0 63040 4 0
0 42458 5 0
0 42458 6 0
0 42458 7 0
0 42458 8 0
0 42458 9 0
0 42458 10 0
0 16209 11 0
0 16209 12 0
0 16209 13 0
0 16209 14 0
0 16209 15 0
0 16209 0 0
0 39298 1 0
0 39298 2 0
0 39298 3 0
0 39298 4 0
0 39298 5 0
0 39298 6 0
0 24862 7 0
0 24862 8 0
0 24862 9 0
0 24862 10 0
0 24862 11 0
0 24862 12 0
0 22308 13 0
0 22308 14 0
0 22308 15 0
0 22308 0 0
0 22308 1 0
0 22308 2 0
0 59573 3 0
0 59573 4 0
0 59573 5 0
0 59573 6 0
0 59573 7 0
0 59573 8 0
0 7299 9 0
0 7299 10 0
0 7299 11 0
0 7299 12 0
0 7299 13 0
0 7299 14 0
0 45808 15 0
0 45808 0 0
0 45808 1 0
0 45808 2 0
0 45808 3 0
0 45808 4 0
0 49923 5 0
0 49923 6 0
0 49923 7 0
0 49923 8 0
0 49923 9 0
0 49923 10 0
0 53341 11 0
0 53341 12 0
0 53341 13 0
0 53341 14 0
0 53341 15 0
0 53341 0 0
0 32744 1 0
0 32744 2 0
0 32744 3 0
0 32744 4 0
0 32744 5 0
0 32744 6 0
0 11483 7 0
0 11483 8 0
0 11483 9 0
0 11483 10 0
0 11483 11 0
0 11483 12 0
0 46374 13 0
0 46374 14 0
0 46374 15 0
0 46374 0 0
0 46374 1 0
0 46374 2 0
0 59866 3 0
0 59866 4 0
0 59866 5 0
0 59866 6 0
0 59866 7 0
0 59866 8 0
0 26180 9 0
0 26180 10 0
0 26180 11 0
0 26180 12 0
0 26180 13 0
0 26180 14 0
0 36445 15 0
0 36445 0 0
0 36445 1 0
0 36445 2 0
0 36445 3 0
0 36445 4 0
0 35000 5 0
0 35000 6 0
0 35000 7 0
0 35000 8 0
0 35000 9 0
0 35000 10 0
0 60619 11 0
0 60619 12 0
0 60619 13 0
0 60619 14 0
0 60619 15 0
0 60619 0 0
0 4923 1 0
0 4923 2 0
0 4923 3 0
0 4923 4 0
0 4923 5 0
0 4923 6 0
0 20953 7 0
0 20953 8 0
0 20953 9 0
0 20953 10 0
0 20953 11 0
0 20953 12 0
0 48236 13 0
0 48236 14 0
0 48236 15 0
0 48236 0 0
0 48236 1 0
0 48236 2 0
0 36564 3 0
0 36564 4 0
0 36564 5 0
0 36564 6 0
0 36564 7 0
0 36564 8 0
0 46835 9 0
0 46835 10 0
0 46835 11 0
0 46835 12 0
0 46835 13 0
0 46835 14 0
0 58073 15 0
0 58073 0 0
0 58073 1 0
0 58073 2 0
0 58073 3 0
0 58073 4 0
0 37366 5 0
0 37366 6 0
0 37366 7 0
0 37366 8 0
0 37366 9 0
0 37366 10 0
0 49097 11 0
0 49097 12 0
0 49097 13 0
0 49097 14 0
0 49097 15 0
0 49097 0 0
0 24180 1 0
0 24180 2 0
0 24180 3 0
0 24180 4 0
0 24180 5 0
0 24180 6 0
0 36032 7 0
0 36032 8 0
0 36032 9 0
0 36032 10 0
0 36032 11 0
0 36032 12 0
0 7315 13 0
0 7315 14 0
0 7315 15 0
0 7315 0 0
0 7315 1 0
0 7315 2 0
0 56613 3 0
0 56613 4 0
0 56613 5 0
0 56613 6 0
0 56613 7 0
0 56613 8 0
0 3727 9 0
0 3727 10 0
0 3727 11 0
0 3727 12 0
0 3727 13 0
0 3727 14 0
0 2634 15 0
0 2634 0 0
0 2634 1 0
0 2634 2 0
0 2634 3 0
0 2634 4 0
0 4890 5 0
0 4890 6 0
0 4890 7 0
0 4890 8 0
0 4890 9 0
0 4890 10 0
0 1677 11 0
0 1677 12 0
0 1677 13 0
0 1677 14 0
0 1677 15 0
0 1677 0 0
0 50925 1 0
0 50925 2 0
0 50925 3 0
0 50925 4 0
0 50925 5 0
0 50925 6 0
0 25330 7 0
0 25330 8 0
0 25330 9 0
0 25330 10 0
0 25330 11 0
0 25330 12 0
0 7368 13 0
0 7368 14 0
0 7368 15 0
0 7368 0 0
0 7368 1 0
0 7368 2 0
0 16820 3 0
0 16820 4 0
0 16820 5 0
0 16820 6 0
0 16820 7 0
0 16820 8 0
0 36209 9 0
0 36209 10 0
0 36209 11 0
0 36209 12 0
0 36209 13 0
0 36209 14 0
0 41287 15 0
0 41287 0 0
0 41287 1 0
0 41287 2 0
0 41287 3 0
0 41287 4 0
0 49404 5 0
0 49404 6 0
0 49404 7 0
0 49404 8 0
0 49404 9 0
0 49404 10 0
0 62094 11 0
0 62094 12 0
0 62094 13 0
0 62094 14 0
0 62094 15 0
0 62094 0 0
0 64147 1 0
0 64147 2 0
0 64147 3 0
0 64147 4 0
0 64147 5 0
0 64147 6 0
0 30415 7 0
0 30415 8 0
0 30415 9 0
0 30415 10 0
0 30415 11 0
0 30415 12 0
0 13601 13 0
0 13601 14 0
0 13601 15 0
0 13601 0 0
0 13601 1 0
0 13601 2 0
0 43768 3 0
0 43768 4 0
0 43768 5 0
0 43768 6 0
0 43768 7 0
0 43768 8 0
0 30680 9 0
0 30680 10 0
0 30680 11 0
0 30680 12 0
0 30680 13 0
0 30680 14 0
0 1620 15 0
0 1620 0 0
0 1620 1 0
0 1620 2 0
0 1620 3 0
0 1620 4 0
0 16167 5 0
0 16167 6 0
0 16167 7 0
0 16167 8 0
0 16167 9 0
0 16167 10 0
0 30441 11 0
0 30441 12 0
0 30441 13 0
0 30441 14 0
0 30441 15 0
0 30441 0 0
0 20542 1 0
0 20542 2 0
0 20542 3 0
0 20542 4 0
0 20542 5 0
0 20542 6 0
0 63218 7 0
0 63218 8 0
0 63218 9 0
0 63218 10 0
0 63218 11 0
0 63218 12 0
0 17256 13 0
0 17256 14 0
0 17256 15 0
0 17256 0 0
0 17256 1 0
0 17256 2 0
0 62019 3 0
0 62019 4 0
0 62019 5 0
0 62019 6 0
0 62019 7 0
0 62019 8 0
0 9561 9 0
0 9561 10 0
0 9561 11 0
0 9561 12 0
0 9561 13 0
0 9561 14 0
0 246 15 0
0 246 0 0
0 246 1 0
0 246 2 0
0 246 3 0
0 246 4 0
0 31138 5 0
0 31138 6 0
0 31138 7 0
0 31138 8 0
0 31138 9 0
0 31138 10 0
0 57015 11 0
0 57015 12 0
0 57015 13 0
0 57015 14 0
0 57015 15 0
0 57015 0 0
0 51936 1 0
0 51936 2 0
0 51936 3 0
0 51936 4 0
0 51936 5 0
0 51936 6 0
0 41302 7 0
0 41302 8 0
0 41302 9 0
0 41302 10 0
0 41302 11 0
0 41302 12 0
0 1766 13 0
0 1766 14 0
0 1766 15 0
0 1766 0 0
0 1766 1 0
0 1766 2 0
0 28620 3 0
0 28620 4 0
0 28620 5 0
0 28620 6 0
0 28620 7 0
0 28620 8 0
0 46221 9 0
0 46221 10 0
0 46221 11 0
0 46221 12 0
0 46221 13 0
0 46221 14 0
0 5987 15 0
0 5987 0 0
0 5987 1 0
0 5987 2 0
0 5987 3 0
0 5987 4 0
0 19428 5 0
0 19428 6 0
0 19428 7 0
0 19428 8 0
0 19428 9 0
0 19428 10 0
0 39249 11 0
0 39249 12 0
0 39249 13 0
0 39249 14 0
0 39249 15 0
0 39249 0 0
0 23216 1 0
0 23216 2 0
0 23216 3 0
0 23216 4 0
0 23216 5 0
0 23216 6 0
0 223 7 0
0 223 8 0
0 223 9 0
0 223 10 0
0 223 11 0
0 223 12 0
0 12826 13 0
0 12826 14 0
0 12826 15 0
0 12826 0 0
0 12826 1 0
0 12826 2 0
0 54903 3 0
0 54903 4 0
0 54903 5 0
0 54903 6 0
0 54903 7 0
0 54903 8 0
0 45269 9 0
0 45269 10 0
0 45269 11 0
0 45269 12 0
0 45269 13 0
0 45269 14 0
0 8154 15 0
0 8154 0 0
0 8154 1 0
0 8154 2 0
0 8154 3 0
0 8154 4 0
0 32878 5 0
0 32878 6 0
0 32878 7 0
0 32878 8 0
0 32878 9 0
0 32878 10 0
0 21501 11 0
0 21501 12 0
0 21501 13 0
0 21501 14 0
0 21501 15 0
0 21501 0 0
0 5656 1 0
0 5656 2 0
0 5656 3 0
0 5656 4 0
0 5656 5 0
0 5656 6 0
0 43598 7 0
0 43598 8 0
0 43598 9 0
0 43598 10 0
0 43598 11 0
0 43598 12 0
0 34801 13 0
0 34801 14 0
0 34801 15 0
0 34801 0 0
0 34801 1 0
0 34801 2 0
0 29202 3 0
0 29202 4 0
0 29202 5 0
0 29202 6 0
0 29202 7 0
0 29202 8 0
0 41488 9 0
0 41488 10 0
0 41488 11 0
0 41488 12 0
0 41488 13 0
0 41488 14 0
0 13356 15 0
0 13356 0 0
0 13356 1 0
0 13356 2 0
0 13356 3 0
0 13356 4 0
0 45050 5 0
0 45050 6 0
0 45050 7 0
0 45050 8 0
0 45050 9 0
0 45050 10 0
0 37032 11 0
0 37032 12 0
0 37032 13 0
0 37032 14 0
0 37032 15 0
0 37032 0 0
0 15732 1 0
0 15732 2 0
0 15732 3 0
0 15732 4 0
0 15732 5 0
0 15732 6 0
0 24786 7 0
0 24786 8 0
0 24786 9 0
0 24786 10 0
0 24786 11 0
0 24786 12 0
0 56951 13 0
0 56951 14 0
0 56951 15 0
0 56951 0 0
0 56951 1 0
0 56951 2 0
0 3768 3 0
0 3768 4 0
0 3768 5 0
0 3768 6 0
0 3768 7 0
0 3768 8 0
0 28058 9 0
0 28058 10 0
0 28058 11 0
0 28058 12 0
0 28058 13 0
0 28058 14 0
0 33560 15 0
0 33560 0 0
0 33560 1 0
0 33560 2 0
0 33560 3 0
0 33560 4 0
0 55922 5 0
0 55922 6 0
0 55922 7 0
0 55922 8 0
0 55922 9 0
0 55922 10 0
0 45692 11 0
0 45692 12 0
0 45692 13 0
0 45692 14 0
0 45692 15 0
0 45692 0 0
0 4363 1 0
0 4363 2 0
0 4363 3 0
0 4363 4 0
0 4363 5 0
0 4363 6 0
0 12160 7 0
0 12160 8 0
0 12160 9 0
0 12160 10 0
0 12160 11 0
0 12160 12 0
0 14810 13 0
0 14810 14 0
0 14810 15 0
0 14810 0 0
0 14810 1 0
0 14810 2 0
0 56489 3 0
0 56489 4 0
0 56489 5 0
0 56489 6 0
0 56489 7 0
0 56489 8 0
0 6895 9 0
0 6895 10 0
0 6895 11 0
0 6895 12 0
0 6895 13 0
0 6895 14 0
0 65147 15 0
0 65147 0 0
0 65147 1 0
0 65147 2 0
0 65147 3 0
0 65147 4 0
0 20972 5 0
0 20972 6 0
0 20972 7 0
0 20972 8 0
0 20972 9 0
0 20972 10 0
0 29813 11 0
0 29813 12 0
0 29813 13 0
0 29813 14 0
0 29813 15 0
0 29813 0 0
0 4210 1 0
0 4210 2 0
0 4210 3 0
0 4210 4 0
0 4210 5 0
0 4210 6 0
0 15514 7 0
0 15514 8 0
0 15514 9 0
0 15514 10 0
0 15514 11 0
0 15514 12 0
0 16728 13 0
0 16728 14 0
0 16728 15 0
0 16728 0 0
0 16728 1 0
0 16728 2 0
0 54548 3 0
0 54548 4 0
0 54548 5 0
0 54548 6 0
0 54548 7 0
0 54548 8 0
0 16891 9 0
0 16891 10 0
0 16891 11 0
0 16891 12 0
0 16891 13 0
0 16891 14 0
0 26063 15 0
0 26063 0 0
0 26063 1 0
0 26063 2 0
0 26063 3 0
0 26063 4 0
0 19117 5 0
0 19117 6 0
0 19117 7 0
0 19117 8 0
0 19117 9 0
0 19117 10 0
0 41134 11 0
0 41134 12 0
0 41134 13 0
0 41134 14 0
0 41134 15 0
0 41134 0 0
0 4419 1 0
0 4419 2 0
0 4419 3 0
0 4419 4 0
0 4419 5 0
0 4419 6 0
0 56857 7 0
0 56857 8 0
0 56857 9 0
0 56857 10 0
0 56857 11 0
0 56857 12 0
0 38279 13 0
0 38279 14 0
0 38279 15 0
0 38279 0 0
0 38279 1 0
0 38279 2 0
0 13320 3 0
0 13320 4 0
0 13320 5 0
0 13320 6 0
0 13320 7 0
0 13320 8 0
0 61438 9 0
0 61438 10 0
0 61438 11 0
0 61438 12 0
0 61438 13 0
0 61438 14 0
0 41186 15 0
0 41186 0 0
0 41186 1 0
0 41186 2 0
0 41186 3 0
0 41186 4 0
0 51470 5 0
0 51470 6 0
0 51470 7 0
0 51470 8 0
0 51470 9 0
0 51470 10 0
0 43033 11 0
0 43033 12 0
0 43033 13 0
0 43033 14 0
0 43033 15 0
0 43033 0 0
0 54062 1 0
0 54062 2 0
0 54062 3 0
0 54062 4 0
0 54062 5 0
0 54062 6 0
0 52185 7 0
0 52185 8 0
0 52185 9 0
0 52185 10 0
0 52185 11 0
0 52185 12 0
0 47451 13 0
0 47451 14 0
0 47451 15 0
0 47451 0 0
0 47451 1 0
0 47451 2 0
0 32179 3 0
0 32179 4 0
0 32179 5 0
0 32179 6 0
0 32179 7 0
0 32179 8 0
0 20931 9 0
0 20931 10 0
0 20931 11 0
0 20931 12 0
0 20931 13 0
0 20931 14 0
0 32107 15 0
0 32107 0 0
0 32107 1 0
0 32107 2 0
0 32107 3 0
0 32107 4 0
0 65461 5 0
0 65461 6 0
0 65461 7 0
0 65461 8 0
0 65461 9 0
0 65461 10 0
0 9896 11 0
0 9896 12 0
0 9896 13 0
0 9896 14 0
0 9896 15 0
0 9896 0 0
0 34903 1 0
0 34903 2 0
0 34903 3 0
0 34903 4 0
0 34903 5 0
0 34903 6 0
0 55364 7 0
0 55364 8 0
0 55364 9 0
0 55364 10 0
0 55364 11 0
0 55364 12 0
0 10593 13 0
0 10593 14 0
0 10593 15 0
0 10593 0 0
0 10593 1 0
0 10593 2 0
0 3821 3 0
0 3821 4 0
0 3821 5 0
0 3821 6 0
0 3821 7 0
0 3821 8 0
0 41029 9 0
0 41029 10 0
0 41029 11 0
0 41029 12 0
0 41029 13 0
0 41029 14 0
0 54497 15 0
0 54497 0 0
0 54497 1 0
0 54497 2 0
0 54497 3 0
0 54497 4 0
0 42815 5 0
0 42815 6 0
0 42815 7 0
0 42815 8 0
0 42815 9 0
0 42815 10 0
0 1918 11 0
0 1918 12 0
0 1918 13 0
0 1918 14 0
0 1918 15 0
0 1918 0 0
0 13063 1 0
0 13063 2 0
0 13063 3 0
0 13063 4 0
0 13063 5 0
0 13063 6 0
0 59316 7 0
0 59316 8 0
0 59316 9 0
0 59316 10 0
0 59316 11 0
0 59316 12 0
0 32170 13 0
0 32170 14 0
0 32170 15 0
0 32170 0 0
0 32170 1 0
0 32170 2 0
0 22890 3 0
0 22890 4 0
0 22890 5 0
0 22890 6 0
0 22890 7 0
0 22890 8 0
0 40752 9 0
0 40752 10 0
0 40752 11 0
0 40752 12 0
0 40752 13 0
0 40752 14 0
0 13765 15 0
0 13765 0 0
0 13765 1 0
0 13765 2 0
0 13765 3 0
0 13765 4 0
0 49634 5 0
0 49634 6 0
0 49634 7 0
0 49634 8 0
0 49634 9 0
0 49634 10 0
0 46583 11 0
0 46583 12 0
0 46583 13 0
0 46583 14 0
0 46583 15 0
0 46583 0 0
0 63375 1 0
0 63375 2 0
0 63375 3 0
0 63375 4 0
0 63375 5 0
0 63375 6 0
0 30751 7 0
0 30751 8 0
0 30751 9 0
0 30751 10 0
0 30751 11 0
0 30751 12 0
0 30819 13 0
0 30819 14 0
0 30819 15 0
0 30819 0 0
0 30819 1 0
0 30819 2 0
0 34036 3 0
0 34036 4 0
0 34036 5 0
0 34036 6 0
0 34036 7 0
0 34036 8 0
0 61661 9 0
0 61661 10 0
0 61661 11 0
0 61661 12 0
0 61661 13 0
0 61661 14 0
0 8403 15 0
0 8403 0 0
0 8403 1 0
0 8403 2 0
0 8403 3 0
0 8403 4 0
0 16869 5 0
0 16869 6 0
0 16869 7 0
0 16869 8 0
0 16869 9 0
0 16869 10 0
0 16170 11 0
0 16170 12 0
0 16170 13 0
0 16170 14 0
0 16170 15 0
0 16170 0 0
0 626 1 0
0 626 2 0
0 626 3 0
0 626 4 0
0 626 5 0
0 626 6 0
0 32156 7 0
0 32156 8 0
0 32156 9 0
0 32156 10 0
0 32156 11 0
0 32156 12 0
0 16796 13 0
0 16796 14 0
0 16796 15 0
0 16796 0 0
0 16796 1 0
0 16796 2 0
0 36902 3 0
0 36902 4 0
0 36902 5 0
0 36902 6 0
0 36902 7 0
0 36902 8 0
0 276 9 0
0 276 10 0
0 276 11 0
0 276 12 0
0 276 13 0
0 276 14 0
0 36294 15 0
0 36294 0 0
0 36294 1 0
0 36294 2 0
0 36294 3 0
0 36294 4 0
0 42098 5 0
0 42098 6 0
0 42098 7 0
0 42098 8 0
0 42098 9 0
0 42098 10 0
0 55528 11 0
0 55528 12 0
0 55528 13 0
0 55528 14 0
0 55528 15 0
0 55528 0 0
0 55106 1 0
0 55106 2 0
0 55106 3 0
0 55106 4 0
0 55106 5 0
0 55106 6 0
0 60346 7 0
0 60346 8 0
0 60346 9 0
0 60346 10 0
0 60346 11 0
0 60346 12 0
0 22059 13 0
0 22059 14 0
0 22059 15 0
0 22059 0 0
0 22059 1 0
0 22059 2 0
0 32543 3 0
0 32543 4 0
0 32543 5 0
0 32543 6 0
0 32543 7 0
0 32543 8 0
0 14571 9 0
0 14571 10 0
0 14571 11 0
0 14571 12 0
0 14571 13 0
0 14571 14 0
0 48343 15 0
0 48343 0 0
0 48343 1 0
0 48343 2 0
0 48343 3 0
0 48343 4 0
0 7791 5 0
0 7791 6 0
0 7791 7 0
0 7791 8 0
0 7791 9 0
0 7791 10 0
0 5613 11 0
0 5613 12 0
0 5613 13 0
0 5613 14 0
0 5613 15 0
0 5613 0 0
0 57145 1 0
0 57145 2 0
0 57145 3 0
0 57145 4 0
0 57145 5 0
0 57145 6 0
0 64514 7 0
0 64514 8 0
0 64514 9 0
0 64514 10 0
0 64514 11 0
0 64514 12 0
0 13393 13 0
0 13393 14 0
0 13393 15 0
0 13393 0 0
0 13393 1 0
0 13393 2 0
0 59351 3 0
0 59351 4 0
0 59351 5 0
0 59351 6 0
0 59351 7 0
0 59351 8 0
0 39259 9 0
0 39259 10 0
0 39259 11 0
0 39259 12 0
0 39259 13 0
0 39259 14 0
0 54414 15 0
0 54414 0 0
0 54414 1 0
0 54414 2 0
0 54414 3 0
0 54414 4 0
0 37488 5 0
0 37488 6 0
0 37488 7 0
0 37488 8 0
0 37488 9 0
0 37488 10 0
0 54730 11 0
0 54730 12 0
0 54730 13 0
0 54730 14 0
0 54730 15 0
0 54730 0 0
0 62379 1 0
0 62379 2 0
0 62379 3 0
0 62379 4 0
0 62379 5 0
0 62379 6 0
0 40482 7 0
0 40482 8 0
0 40482 9 0
0 40482 10 0
0 40482 11 0
0 40482 12 0
0 5726 13 0
0 5726 14 0
0 5726 15 0
0 5726 0 0
0 5726 1 0
0 5726 2 0
0 2933 3 0
0 2933 4 0
0 2933 5 0
0 2933 6 0
0 2933 7 0
0 2933 8 0
0 23794 9 0
0 23794 10 0
0 23794 11 0
0 23794 12 0
0 23794 13 0
0 23794 14 0
0 60255 15 0
0 60255 0 0
0 60255 1 0
0 60255 2 0
0 60255 3 0
0 60255 4 0
0 46614 5 0
0 46614 6 0
0 46614 7 0
0 46614 8 0
0 46614 9 0
0 46614 10 0
0 30733 11 0
0 30733 12 0
0 30733 13 0
0 30733 14 0
0 30733 15 0
0 30733 0 0
0 44253 1 0
0 44253 2 0
0 44253 3 0
0 44253 4 0
0 44253 5 0
0 44253 6 0
0 34034 7 0
0 34034 8 0
0 34034 9 0
0 34034 10 0
0 34034 11 0
0 34034 12 0
0 1785 13 0
0 1785 14 0
0 1785 15 0
0 1785 0 0
0 1785 1 0
0 1785 2 0
0 36394 3 0
0 36394 4 0
0 36394 5 0
0 36394 6 0
0 36394 7 0
0 36394 8 0
0 65098 9 0
0 65098 10 0
0 65098 11 0
0 65098 12 0
0 65098 13 0
0 65098 14 0
0 53322 15 0
0 53322 0 0
0 53322 1 0
0 53322 2 0
0 53322 3 0
0 53322 4 0
0 31905 5 0
0 31905 6 0
0 31905 7 0
0 31905 8 0
0 31905 9 0
0 31905 10 0
0 52846 11 0
0 52846 12 0
0 52846 13 0
0 52846 14 0
0 52846 15 0
0 52846 0 0
0 19169 1 0
0 19169 2 0
0 19169 3 0
0 19169 4 0
0 19169 5 0
0 19169 6 0
0 17189 7 0
0 17189 8 0
0 17189 9 0
0 17189 10 0
0 17189 11 0
0 17189 12 0
0 18771 13 0
0 18771 14 0
0 18771 15 0
0 18771 0 0
0 18771 1 0
0 18771 2 0
0 15193 3 0
0 15193 4 0
0 15193 5 0
0 15193 6 0
0 15193 7 0
0 15193 8 0
0 57696 9 0
0 57696 10 0
0 57696 11 0
0 57696 12 0
0 57696 13 0
0 57696 14 0
0 43934 15 0
0 43934 0 0
0 43934 1 0
0 43934 2 0
0 43934 3 0
0 43934 4 0
0 22384 5 0
0 22384 6 0
0 22384 7 0
0 22384 8 0
0 22384 9 0
0 22384 10 0
0 49318 11 0
0 49318 12 0
0 49318 13 0
0 49318 14 0
0 49318 15 0
0 49318 0 0
0 4807 1 0
0 4807 2 0
0 4807 3 0
0 4807 4 0
0 4807 5 0
0 4807 6 0
0 54835 7 0
0 54835 8 0
0 54835 9 0
0 54835 10 0
0 54835 11 0
0 54835 12 0
0 40401 13 0
0 40401 14 0
0 40401 15 0
0 40401 0 0
0 40401 1 0
0 40401 2 0
0 42189 3 0
0 42189 4 0
0 42189 5 0
0 42189 6 0
0 42189 7 0
0 42189 8 0
0 60956 9 0
0 60956 10 0
0 60956 11 0
0 60956 12 0
0 60956 13 0
0 60956 14 0
0 37142 15 0
0 37142 0 0
0 37142 1 0
0 37142 2 0
0 37142 3 0
0 37142 4 0
0 4184 5 0
0 4184 6 0
0 4184 7 0
0 4184 8 0
0 4184 9 0
0 4184 10 0
0 33227 11 0
0 33227 12 0
0 33227 13 0
0 33227 14 0
0 33227 15 0
0 33227 0 0
0 57956 1 0
0 57956 2 0
0 57956 3 0
0 57956 4 0
0 57956 5 0
0 57956 6 0
0 64747 7 0
0 64747 8 0
0 64747 9 0
0 64747 10 0
0 64747 11 0
0 64747 12 0
0 762 13 0
0 762 14 0
0 762 15 0
