0 0 0 0
0 0 1 0
0 0 2 0
0 0 3 0
0 0 4 0
0 35072 5 0
0 35072 6 0
0 35072 7 0
0 35072 8 0
0 35072 9 0
0 35072 10 0
0 5920 11 0
0 5920 12 0
0 5920 13 0
0 5920 14 0
0 5920 15 0
0 5920 0 0
0 11317 1 0
0 11317 2 0
0 11317 3 0
0 11317 4 0
0 11317 5 0
0 11317 6 0
0 56227 7 0
0 56227 8 0
0 56227 9 0
0 56227 10 0
0 56227 11 0
0 56227 12 0
0 54865 13 0
0 54865 14 0
0 54865 15 0
0 54865 0 0
0 54865 1 0
0 54865 2 0
0 24070 3 0
0 24070 4 0
0 24070 5 0
0 24070 6 0
0 24070 7 0
0 24070 8 0
0 49068 9 0
0 49068 10 0
0 49068 11 0
0 49068 12 0
0 49068 13 0
0 49068 14 0
0 55668 15 0
0 55668 0 0
0 55668 1 0
0 55668 2 0
0 55668 3 0
0 55668 4 0
0 36391 5 0
0 36391 6 0
0 36391 7 0
0 36391 8 0
0 36391 9 0
0 36391 10 0
0 35279 11 0
0 35279 12 0
0 35279 13 0
0 35279 14 0
0 35279 15 0
0 35279 0 0
0 35777 1 0
0 35777 2 0
0 35777 3 0
0 35777 4 0
0 35777 5 0
0 35777 6 0
0 1773 7 0
0 1773 8 0
0 1773 9 0
0 1773 10 0
0 1773 11 0
0 1773 12 0
0 7543 13 0
0 7543 14 0
0 7543 15 0
0 7543 0 0
0 7543 1 0
0 7543 2 0
0 3022 3 0
0 3022 4 0
0 3022 5 0
0 3022 6 0
0 3022 7 0
0 3022 8 0
0 33078 9 0
0 33078 10 0
0 33078 11 0
0 33078 12 0
0 33078 13 0
0 33078 14 0
0 10969 15 0
0 10969 0 0
0 10969 1 0
0 10969 2 0
0 10969 3 0
0 10969 4 0
0 21828 5 0
0 21828 6 0
0 21828 7 0
0 21828 8 0
0 21828 9 0
0 21828 10 0
0 23775 11 0
0 23775 12 0
0 23775 13 0
0 23775 14 0
0 23775 15 0
0 23775 0 0
0 24374 1 0
0 24374 2 0
0 24374 3 0
0 24374 4 0
0 24374 5 0
0 24374 6 0
0 46815 7 0
0 46815 8 0
0 46815 9 0
0 46815 10 0
0 46815 11 0
0 46815 12 0
0 42555 13 0
0 42555 14 0
0 42555 15 0
0 42555 0 0
0 42555 1 0
0 42555 2 0
0 42422 3 0
0 42422 4 0
0 42422 5 0
0 42422 6 0
0 42422 7 0
0 42422 8 0
0 53847 9 0
0 53847 10 0
0 53847 11 0
0 53847 12 0
0 53847 13 0
0 53847 14 0
0 43758 15 0
0 43758 0 0
0 43758 1 0
0 43758 2 0
0 43758 3 0
0 43758 4 0
0 31201 5 0
0 31201 6 0
0 31201 7 0
0 31201 8 0
0 31201 9 0
0 31201 10 0
0 39942 11 0
0 39942 12 0
0 39942 13 0
0 39942 14 0
0 39942 15 0
0 39942 0 0
0 14621 1 0
0 14621 2 0
0 14621 3 0
0 14621 4 0
0 14621 5 0
0 14621 6 0
0 12785 7 0
0 12785 8 0
0 12785 9 0
0 12785 10 0
0 12785 11 0
0 12785 12 0
0 30419 13 0
0 30419 14 0
0 30419 15 0
0 30419 0 0
0 30419 1 0
0 30419 2 0
0 907 3 0
0 907 4 0
0 907 5 0
0 907 6 0
0 907 7 0
0 907 8 0
0 38965 9 0
0 38965 10 0
0 38965 11 0
0 38965 12 0
0 38965 13 0
0 38965 14 0
0 17129 15 0
0 17129 0 0
0 17129 1 0
0 17129 2 0
0 17129 3 0
0 17129 4 0
0 54939 5 0
0 54939 6 0
0 54939 7 0
0 54939 8 0
0 54939 9 0
0 54939 10 0
0 47060 11 0
0 47060 12 0
0 47060 13 0
0 47060 14 0
0 47060 15 0
0 47060 0 0
0 14292 1 0
0 14292 2 0
0 14292 3 0
0 14292 4 0
0 14292 5 0
0 14292 6 0
0 8102 7 0
0 8102 8 0
0 8102 9 0
0 8102 10 0
0 8102 11 0
0 8102 12 0
0 51293 13 0
0 51293 14 0
0 51293 15 0
0 51293 0 0
0 51293 1 0
0 51293 2 0
0 20789 3 0
0 20789 4 0
0 20789 5 0
0 20789 6 0
0 20789 7 0
0 20789 8 0
0 35495 9 0
0 35495 10 0
0 35495 11 0
0 35495 12 0
0 35495 13 0
0 35495 14 0
0 7366 15 0
0 7366 0 0
0 7366 1 0
0 7366 2 0
0 7366 3 0
0 7366 4 0
0 23886 5 0
0 23886 6 0
0 23886 7 0
0 23886 8 0
0 23886 9 0
0 23886 10 0
0 52495 11 0
0 52495 12 0
0 52495 13 0
0 52495 14 0
0 52495 15 0
0 52495 0 0
0 40165 1 0
0 40165 2 0
0 40165 3 0
0 40165 4 0
0 40165 5 0
0 40165 6 0
0 30727 7 0
0 30727 8 0
0 30727 9 0
0 30727 10 0
0 30727 11 0
0 30727 12 0
0 42003 13 0
0 42003 14 0
0 42003 15 0
0 42003 0 0
0 42003 1 0
0 42003 2 0
0 8835 3 0
0 8835 4 0
0 8835 5 0
0 8835 6 0
0 8835 7 0
0 8835 8 0
0 28283 9 0
0 28283 10 0
0 28283 11 0
0 28283 12 0
0 28283 13 0
0 28283 14 0
0 4719 15 0
0 4719 0 0
0 4719 1 0
0 4719 2 0
0 4719 3 0
0 4719 4 0
0 4150 5 0
0 4150 6 0
0 4150 7 0
0 4150 8 0
0 4150 9 0
0 4150 10 0
0 2622 11 0
0 2622 12 0
0 2622 13 0
0 2622 14 0
0 2622 15 0
0 2622 0 0
0 13201 1 0
0 13201 2 0
0 13201 3 0
0 13201 4 0
0 13201 5 0
0 13201 6 0
0 51569 7 0
0 51569 8 0
0 51569 9 0
0 51569 10 0
0 51569 11 0
0 51569 12 0
0 57363 13 0
0 57363 14 0
0 57363 15 0
0 57363 0 0
0 57363 1 0
0 57363 2 0
0 65027 3 0
0 65027 4 0
0 65027 5 0
0 65027 6 0
0 65027 7 0
0 65027 8 0
0 64656 9 0
0 64656 10 0
0 64656 11 0
0 64656 12 0
0 64656 13 0
0 64656 14 0
0 59534 15 0
0 59534 0 0
0 59534 1 0
0 59534 2 0
0 59534 3 0
0 59534 4 0
0 5412 5 0
0 5412 6 0
0 5412 7 0
0 5412 8 0
0 5412 9 0
0 5412 10 0
0 59171 11 0
0 59171 12 0
0 59171 13 0
0 59171 14 0
0 59171 15 0
0 59171 0 0
0 61300 1 0
0 61300 2 0
0 61300 3 0
0 61300 4 0
0 61300 5 0
0 61300 6 0
0 55483 7 0
0 55483 8 0
0 55483 9 0
0 55483 10 0
0 55483 11 0
0 55483 12 0
0 28124 13 0
0 28124 14 0
0 28124 15 0
0 28124 0 0
0 28124 1 0
0 28124 2 0
0 50995 3 0
0 50995 4 0
0 50995 5 0
0 50995 6 0
0 50995 7 0
0 50995 8 0
0 51531 9 0
0 51531 10 0
0 51531 11 0
0 51531 12 0
0 51531 13 0
0 51531 14 0
0 49790 15 0
0 49790 0 0
0 49790 1 0
0 49790 2 0
0 49790 3 0
0 49790 4 0
0 36389 5 0
0 36389 6 0
0 36389 7 0
0 36389 8 0
0 36389 9 0
0 36389 10 0
0 6377 11 0
0 6377 12 0
0 6377 13 0
0 6377 14 0
0 6377 15 0
0 6377 0 0
0 33418 1 0
0 33418 2 0
0 33418 3 0
0 33418 4 0
0 33418 5 0
0 33418 6 0
0 12211 7 0
0 12211 8 0
0 12211 9 0
0 12211 10 0
0 12211 11 0
0 12211 12 0
0 42646 13 0
0 42646 14 0
0 42646 15 0
0 42646 0 0
0 42646 1 0
0 42646 2 0
0 2531 3 0
0 2531 4 0
0 2531 5 0
0 2531 6 0
0 2531 7 0
0 2531 8 0
0 35492 9 0
0 35492 10 0
0 35492 11 0
0 35492 12 0
0 35492 13 0
0 35492 14 0
0 56482 15 0
0 56482 0 0
0 56482 1 0
0 56482 2 0
0 56482 3 0
0 56482 4 0
0 16848 5 0
0 16848 6 0
0 16848 7 0
0 16848 8 0
0 16848 9 0
0 16848 10 0
0 27523 11 0
0 27523 12 0
0 27523 13 0
0 27523 14 0
0 27523 15 0
0 27523 0 0
0 35164 1 0
0 35164 2 0
0 35164 3 0
0 35164 4 0
0 35164 5 0
0 35164 6 0
0 59996 7 0
0 59996 8 0
0 59996 9 0
0 59996 10 0
0 59996 11 0
0 59996 12 0
0 55647 13 0
0 55647 14 0
0 55647 15 0
0 55647 0 0
0 55647 1 0
0 55647 2 0
0 54801 3 0
0 54801 4 0
0 54801 5 0
0 54801 6 0
0 54801 7 0
0 54801 8 0
0 38606 9 0
0 38606 10 0
0 38606 11 0
0 38606 12 0
0 38606 13 0
0 38606 14 0
0 64948 15 0
0 64948 0 0
0 64948 1 0
0 64948 2 0
0 64948 3 0
0 64948 4 0
0 47810 5 0
0 47810 6 0
0 47810 7 0
0 47810 8 0
0 47810 9 0
0 47810 10 0
0 28360 11 0
0 28360 12 0
0 28360 13 0
0 28360 14 0
0 28360 15 0
0 28360 0 0
0 44559 1 0
0 44559 2 0
0 44559 3 0
0 44559 4 0
0 44559 5 0
0 44559 6 0
0 11574 7 0
0 11574 8 0
0 11574 9 0
0 11574 10 0
0 11574 11 0
0 11574 12 0
0 3270 13 0
0 3270 14 0
0 3270 15 0
0 3270 0 0
0 3270 1 0
0 3270 2 0
0 63862 3 0
0 63862 4 0
0 63862 5 0
0 63862 6 0
0 63862 7 0
0 63862 8 0
0 15510 9 0
0 15510 10 0
0 15510 11 0
0 15510 12 0
0 15510 13 0
0 15510 14 0
0 19467 15 0
0 19467 0 0
0 19467 1 0
0 19467 2 0
0 19467 3 0
0 19467 4 0
0 6893 5 0
0 6893 6 0
0 6893 7 0
0 6893 8 0
0 6893 9 0
0 6893 10 0
0 64249 11 0
0 64249 12 0
0 64249 13 0
0 64249 14 0
0 64249 15 0
0 64249 0 0
0 39011 1 0
0 39011 2 0
0 39011 3 0
0 39011 4 0
0 39011 5 0
0 39011 6 0
0 33716 7 0
0 33716 8 0
0 33716 9 0
0 33716 10 0
0 33716 11 0
0 33716 12 0
0 20889 13 0
0 20889 14 0
0 20889 15 0
0 20889 0 0
0 20889 1 0
0 20889 2 0
0 17804 3 0
0 17804 4 0
0 17804 5 0
0 17804 6 0
0 17804 7 0
0 17804 8 0
0 40202 9 0
0 40202 10 0
0 40202 11 0
0 40202 12 0
0 40202 13 0
0 40202 14 0
0 7756 15 0
0 7756 0 0
0 7756 1 0
0 7756 2 0
0 7756 3 0
0 7756 4 0
0 42351 5 0
0 42351 6 0
0 42351 7 0
0 42351 8 0
0 42351 9 0
0 42351 10 0
0 49518 11 0
0 49518 12 0
0 49518 13 0
0 49518 14 0
0 49518 15 0
0 49518 0 0
0 33140 1 0
0 33140 2 0
0 33140 3 0
0 33140 4 0
0 33140 5 0
0 33140 6 0
0 21518 7 0
0 21518 8 0
0 21518 9 0
0 21518 10 0
0 21518 11 0
0 21518 12 0
0 14322 13 0
0 14322 14 0
0 14322 15 0
0 14322 0 0
0 14322 1 0
0 14322 2 0
0 23849 3 0
0 23849 4 0
0 23849 5 0
0 23849 6 0
0 23849 7 0
0 23849 8 0
0 10370 9 0
0 10370 10 0
0 10370 11 0
0 10370 12 0
0 10370 13 0
0 10370 14 0
0 51754 15 0
0 51754 0 0
0 51754 1 0
0 51754 2 0
0 51754 3 0
0 51754 4 0
0 42701 5 0
0 42701 6 0
0 42701 7 0
0 42701 8 0
0 42701 9 0
0 42701 10 0
0 65045 11 0
0 65045 12 0
0 65045 13 0
0 65045 14 0
0 65045 15 0
0 65045 0 0
0 18608 1 0
0 18608 2 0
0 18608 3 0
0 18608 4 0
0 18608 5 0
0 18608 6 0
0 62479 7 0
0 62479 8 0
0 62479 9 0
0 62479 10 0
0 62479 11 0
0 62479 12 0
0 30630 13 0
0 30630 14 0
0 30630 15 0
0 30630 0 0
0 30630 1 0
0 30630 2 0
0 5919 3 0
0 5919 4 0
0 5919 5 0
0 5919 6 0
0 5919 7 0
0 5919 8 0
0 37502 9 0
0 37502 10 0
0 37502 11 0
0 37502 12 0
0 37502 13 0
0 37502 14 0
0 7665 15 0
0 7665 0 0
0 7665 1 0
0 7665 2 0
0 7665 3 0
0 7665 4 0
0 3231 5 0
0 3231 6 0
0 3231 7 0
0 3231 8 0
0 3231 9 0
0 3231 10 0
0 46067 11 0
0 46067 12 0
0 46067 13 0
0 46067 14 0
0 46067 15 0
0 46067 0 0
0 14679 1 0
0 14679 2 0
0 14679 3 0
0 14679 4 0
0 14679 5 0
0 14679 6 0
0 30526 7 0
0 30526 8 0
0 30526 9 0
0 30526 10 0
0 30526 11 0
0 30526 12 0
0 8774 13 0
0 8774 14 0
0 8774 15 0
0 8774 0 0
0 8774 1 0
0 8774 2 0
0 55584 3 0
0 55584 4 0
0 55584 5 0
0 55584 6 0
0 55584 7 0
0 55584 8 0
0 51143 9 0
0 51143 10 0
0 51143 11 0
0 51143 12 0
0 51143 13 0
0 51143 14 0
0 49721 15 0
0 49721 0 0
0 49721 1 0
0 49721 2 0
0 49721 3 0
0 49721 4 0
0 44988 5 0
0 44988 6 0
0 44988 7 0
0 44988 8 0
0 44988 9 0
0 44988 10 0
0 28834 11 0
0 28834 12 0
0 28834 13 0
0 28834 14 0
0 28834 15 0
0 28834 0 0
0 2592 1 0
0 2592 2 0
0 2592 3 0
0 2592 4 0
0 2592 5 0
0 2592 6 0
0 54038 7 0
0 54038 8 0
0 54038 9 0
0 54038 10 0
0 54038 11 0
0 54038 12 0
0 42690 13 0
0 42690 14 0
0 42690 15 0
0 42690 0 0
0 42690 1 0
0 42690 2 0
0 22335 3 0
0 22335 4 0
0 22335 5 0
0 22335 6 0
0 22335 7 0
0 22335 8 0
0 27019 9 0
0 27019 10 0
0 27019 11 0
0 27019 12 0
0 27019 13 0
0 27019 14 0
0 64266 15 0
0 64266 0 0
0 64266 1 0
0 64266 2 0
0 64266 3 0
0 64266 4 0
0 47531 5 0
0 47531 6 0
0 47531 7 0
0 47531 8 0
0 47531 9 0
0 47531 10 0
0 57472 11 0
0 57472 12 0
0 57472 13 0
0 57472 14 0
0 57472 15 0
0 57472 0 0
0 50253 1 0
0 50253 2 0
0 50253 3 0
0 50253 4 0
0 50253 5 0
0 50253 6 0
0 29519 7 0
0 29519 8 0
0 29519 9 0
0 29519 10 0
0 29519 11 0
0 29519 12 0
0 31412 13 0
0 31412 14 0
0 31412 15 0
0 31412 0 0
0 31412 1 0
0 31412 2 0
0 26666 3 0
0 26666 4 0
0 26666 5 0
0 26666 6 0
0 26666 7 0
0 26666 8 0
0 60969 9 0
0 60969 10 0
0 60969 11 0
0 60969 12 0
0 60969 13 0
0 60969 14 0
0 10040 15 0
0 10040 0 0
0 10040 1 0
0 10040 2 0
0 10040 3 0
0 10040 4 0
0 28373 5 0
0 28373 6 0
0 28373 7 0
0 28373 8 0
0 28373 9 0
0 28373 10 0
0 14926 11 0
0 14926 12 0
0 14926 13 0
0 14926 14 0
0 14926 15 0
0 14926 0 0
0 28403 1 0
0 28403 2 0
0 28403 3 0
0 28403 4 0
0 28403 5 0
0 28403 6 0
0 44762 7 0
0 44762 8 0
0 44762 9 0
0 44762 10 0
0 44762 11 0
0 44762 12 0
0 13015 13 0
0 13015 14 0
0 13015 15 0
0 13015 0 0
0 13015 1 0
0 13015 2 0
0 63047 3 0
0 63047 4 0
0 63047 5 0
0 63047 6 0
0 63047 7 0
0 63047 8 0
0 2431 9 0
0 2431 10 0
0 2431 11 0
0 2431 12 0
0 2431 13 0
0 2431 14 0
0 46062 15 0
0 46062 0 0
0 46062 1 0
0 46062 2 0
0 46062 3 0
0 46062 4 0
0 2841 5 0
0 2841 6 0
0 2841 7 0
0 2841 8 0
0 2841 9 0
0 2841 10 0
0 16624 11 0
0 16624 12 0
0 16624 13 0
0 16624 14 0
0 16624 15 0
0 16624 0 0
0 29191 1 0
0 29191 2 0
0 29191 3 0
0 29191 4 0
0 29191 5 0
0 29191 6 0
0 50933 7 0
0 50933 8 0
0 50933 9 0
0 50933 10 0
0 50933 11 0
0 50933 12 0
0 9977 13 0
0 9977 14 0
0 9977 15 0
0 9977 0 0
0 9977 1 0
0 9977 2 0
0 28239 3 0
0 28239 4 0
0 28239 5 0
0 28239 6 0
0 28239 7 0
0 28239 8 0
0 50682 9 0
0 50682 10 0
0 50682 11 0
0 50682 12 0
0 50682 13 0
0 50682 14 0
0 35006 15 0
0 35006 0 0
0 35006 1 0
0 35006 2 0
0 35006 3 0
0 35006 4 0
0 27511 5 0
0 27511 6 0
0 27511 7 0
0 27511 8 0
0 27511 9 0
0 27511 10 0
0 52821 11 0
0 52821 12 0
0 52821 13 0
0 52821 14 0
0 52821 15 0
0 52821 0 0
0 39185 1 0
0 39185 2 0
0 39185 3 0
0 39185 4 0
0 39185 5 0
0 39185 6 0
0 35062 7 0
0 35062 8 0
0 35062 9 0
0 35062 10 0
0 35062 11 0
0 35062 12 0
0 24609 13 0
0 24609 14 0
0 24609 15 0
0 24609 0 0
0 24609 1 0
0 24609 2 0
0 28489 3 0
0 28489 4 0
0 28489 5 0
0 28489 6 0
0 28489 7 0
0 28489 8 0
0 28161 9 0
0 28161 10 0
0 28161 11 0
0 28161 12 0
0 28161 13 0
0 28161 14 0
0 43283 15 0
0 43283 0 0
0 43283 1 0
0 43283 2 0
0 43283 3 0
0 43283 4 0
0 59025 5 0
0 59025 6 0
0 59025 7 0
0 59025 8 0
0 59025 9 0
0 59025 10 0
0 55169 11 0
0 55169 12 0
0 55169 13 0
0 55169 14 0
0 55169 15 0
0 55169 0 0
0 13582 1 0
0 13582 2 0
0 13582 3 0
0 13582 4 0
0 13582 5 0
0 13582 6 0
0 24265 7 0
0 24265 8 0
0 24265 9 0
0 24265 10 0
0 24265 11 0
0 24265 12 0
0 15185 13 0
0 15185 14 0
0 15185 15 0
0 15185 0 0
0 15185 1 0
0 15185 2 0
0 14031 3 0
0 14031 4 0
0 14031 5 0
0 14031 6 0
0 14031 7 0
0 14031 8 0
0 3448 9 0
0 3448 10 0
0 3448 11 0
0 3448 12 0
0 3448 13 0
0 3448 14 0
0 5225 15 0
0 5225 0 0
0 5225 1 0
0 5225 2 0
0 5225 3 0
0 5225 4 0
0 47143 5 0
0 47143 6 0
0 47143 7 0
0 47143 8 0
0 47143 9 0
0 47143 10 0
0 12128 11 0
0 12128 12 0
0 12128 13 0
0 12128 14 0
0 12128 15 0
0 12128 0 0
0 57007 1 0
0 57007 2 0
0 57007 3 0
0 57007 4 0
0 57007 5 0
0 57007 6 0
0 26518 7 0
0 26518 8 0
0 26518 9 0
0 26518 10 0
0 26518 11 0
0 26518 12 0
0 51247 13 0
0 51247 14 0
0 51247 15 0
0 51247 0 0
0 51247 1 0
0 51247 2 0
0 11864 3 0
0 11864 4 0
0 11864 5 0
0 11864 6 0
0 11864 7 0
0 11864 8 0
0 21115 9 0
0 21115 10 0
0 21115 11 0
0 21115 12 0
0 21115 13 0
0 21115 14 0
0 49542 15 0
0 49542 0 0
0 49542 1 0
0 49542 2 0
0 49542 3 0
0 49542 4 0
0 61929 5 0
0 61929 6 0
0 61929 7 0
0 61929 8 0
0 61929 9 0
0 61929 10 0
0 22738 11 0
0 22738 12 0
0 22738 13 0
0 22738 14 0
0 22738 15 0
0 22738 0 0
0 34571 1 0
0 34571 2 0
0 34571 3 0
0 34571 4 0
0 34571 5 0
0 34571 6 0
0 12898 7 0
0 12898 8 0
0 12898 9 0
0 12898 10 0
0 12898 11 0
0 12898 12 0
0 10821 13 0
0 10821 14 0
0 10821 15 0
0 10821 0 0
0 10821 1 0
0 10821 2 0
0 21119 3 0
0 21119 4 0
0 21119 5 0
0 21119 6 0
0 21119 7 0
0 21119 8 0
0 8486 9 0
0 8486 10 0
0 8486 11 0
0 8486 12 0
0 8486 13 0
0 8486 14 0
0 9985 15 0
0 9985 0 0
0 9985 1 0
0 9985 2 0
0 9985 3 0
0 9985 4 0
0 7922 5 0
0 7922 6 0
0 7922 7 0
0 7922 8 0
0 7922 9 0
0 7922 10 0
0 1178 11 0
0 1178 12 0
0 1178 13 0
0 1178 14 0
0 1178 15 0
0 1178 0 0
0 60851 1 0
0 60851 2 0
0 60851 3 0
0 60851 4 0
0 60851 5 0
0 60851 6 0
0 50413 7 0
0 50413 8 0
0 50413 9 0
0 50413 10 0
0 50413 11 0
0 50413 12 0
0 33325 13 0
0 33325 14 0
0 33325 15 0
0 33325 0 0
0 33325 1 0
0 33325 2 0
0 55055 3 0
0 55055 4 0
0 55055 5 0
0 55055 6 0
0 55055 7 0
0 55055 8 0
0 60402 9 0
0 60402 10 0
0 60402 11 0
0 60402 12 0
0 60402 13 0
0 60402 14 0
0 34117 15 0
0 34117 0 0
0 34117 1 0
0 34117 2 0
0 34117 3 0
0 34117 4 0
0 4784 5 0
0 4784 6 0
0 4784 7 0
0 4784 8 0
0 4784 9 0
0 4784 10 0
0 15959 11 0
0 15959 12 0
0 15959 13 0
0 15959 14 0
0 15959 15 0
0 15959 0 0
0 60091 1 0
0 60091 2 0
0 60091 3 0
0 60091 4 0
0 60091 5 0
0 60091 6 0
0 53445 7 0
0 53445 8 0
0 53445 9 0
0 53445 10 0
0 53445 11 0
0 53445 12 0
0 1945 13 0
0 1945 14 0
0 1945 15 0
0 1945 0 0
0 1945 1 0
0 1945 2 0
0 40960 3 0
0 40960 4 0
0 40960 5 0
0 40960 6 0
0 40960 7 0
0 40960 8 0
0 32953 9 0
0 32953 10 0
0 32953 11 0
0 32953 12 0
0 32953 13 0
0 32953 14 0
0 18496 15 0
0 18496 0 0
0 18496 1 0
0 18496 2 0
0 18496 3 0
0 18496 4 0
0 59896 5 0
0 59896 6 0
0 59896 7 0
0 59896 8 0
0 59896 9 0
0 59896 10 0
0 48525 11 0
0 48525 12 0
0 48525 13 0
0 48525 14 0
0 48525 15 0
0 48525 0 0
0 39713 1 0
0 39713 2 0
0 39713 3 0
0 39713 4 0
0 39713 5 0
0 39713 6 0
0 14878 7 0
0 14878 8 0
0 14878 9 0
0 14878 10 0
0 14878 11 0
0 14878 12 0
0 36539 13 0
0 36539 14 0
0 36539 15 0
0 36539 0 0
0 36539 1 0
0 36539 2 0
0 35718 3 0
0 35718 4 0
0 35718 5 0
0 35718 6 0
0 35718 7 0
0 35718 8 0
0 41211 9 0
0 41211 10 0
0 41211 11 0
0 41211 12 0
0 41211 13 0
0 41211 14 0
0 64685 15 0
0 64685 0 0
0 64685 1 0
0 64685 2 0
0 64685 3 0
0 64685 4 0
0 1867 5 0
0 1867 6 0
0 1867 7 0
0 1867 8 0
0 1867 9 0
0 1867 10 0
0 61454 11 0
0 61454 12 0
0 61454 13 0
0 61454 14 0
0 61454 15 0
0 61454 0 0
0 26880 1 0
0 26880 2 0
0 26880 3 0
0 26880 4 0
0 26880 5 0
0 26880 6 0
0 20125 7 0
0 20125 8 0
0 20125 9 0
0 20125 10 0
0 20125 11 0
0 20125 12 0
0 51096 13 0
0 51096 14 0
0 51096 15 0
0 51096 0 0
0 51096 1 0
0 51096 2 0
0 7567 3 0
0 7567 4 0
0 7567 5 0
0 7567 6 0
0 7567 7 0
0 7567 8 0
0 55785 9 0
0 55785 10 0
0 55785 11 0
0 55785 12 0
0 55785 13 0
0 55785 14 0
0 39608 15 0
0 39608 0 0
0 39608 1 0
0 39608 2 0
0 39608 3 0
0 39608 4 0
0 29488 5 0
0 29488 6 0
0 29488 7 0
0 29488 8 0
0 29488 9 0
0 29488 10 0
0 6222 11 0
0 6222 12 0
0 6222 13 0
0 6222 14 0
0 6222 15 0
0 6222 0 0
0 25503 1 0
0 25503 2 0
0 25503 3 0
0 25503 4 0
0 25503 5 0
0 25503 6 0
0 47202 7 0
0 47202 8 0
0 47202 9 0
0 47202 10 0
0 47202 11 0
0 47202 12 0
0 59073 13 0
0 59073 14 0
0 59073 15 0
0 59073 0 0
0 59073 1 0
0 59073 2 0
0 19156 3 0
0 19156 4 0
0 19156 5 0
0 19156 6 0
0 19156 7 0
0 19156 8 0
0 41049 9 0
0 41049 10 0
0 41049 11 0
0 41049 12 0
0 41049 13 0
0 41049 14 0
0 33182 15 0
0 33182 0 0
0 33182 1 0
0 33182 2 0
0 33182 3 0
0 33182 4 0
0 61663 5 0
0 61663 6 0
0 61663 7 0
0 61663 8 0
0 61663 9 0
0 61663 10 0
0 56238 11 0
0 56238 12 0
0 56238 13 0
0 56238 14 0
0 56238 15 0
0 56238 0 0
0 47463 1 0
0 47463 2 0
0 47463 3 0
0 47463 4 0
0 47463 5 0
0 47463 6 0
0 34941 7 0
0 34941 8 0
0 34941 9 0
0 34941 10 0
0 34941 11 0
0 34941 12 0
0 62533 13 0
0 62533 14 0
0 62533 15 0
0 62533 0 0
0 62533 1 0
0 62533 2 0
0 11026 3 0
0 11026 4 0
0 11026 5 0
0 11026 6 0
0 11026 7 0
0 11026 8 0
0 8149 9 0
0 8149 10 0
0 8149 11 0
0 8149 12 0
0 8149 13 0
0 8149 14 0
0 3516 15 0
0 3516 0 0
0 3516 1 0
0 3516 2 0
0 3516 3 0
0 3516 4 0
0 55841 5 0
0 55841 6 0
0 55841 7 0
0 55841 8 0
0 55841 9 0
0 55841 10 0
0 12776 11 0
0 12776 12 0
0 12776 13 0
0 12776 14 0
0 12776 15 0
0 12776 0 0
0 49202 1 0
0 49202 2 0
0 49202 3 0
0 49202 4 0
0 49202 5 0
0 49202 6 0
0 45265 7 0
0 45265 8 0
0 45265 9 0
0 45265 10 0
0 45265 11 0
0 45265 12 0
0 21868 13 0
0 21868 14 0
0 21868 15 0
0 21868 0 0
0 21868 1 0
0 21868 2 0
0 30981 3 0
0 30981 4 0
0 30981 5 0
0 30981 6 0
0 30981 7 0
0 30981 8 0
0 22090 9 0
0 22090 10 0
0 22090 11 0
0 22090 12 0
0 22090 13 0
0 22090 14 0
0 18559 15 0
0 18559 0 0
0 18559 1 0
0 18559 2 0
0 18559 3 0
0 18559 4 0
0 8920 5 0
0 8920 6 0
0 8920 7 0
0 8920 8 0
0 8920 9 0
0 8920 10 0
0 48043 11 0
0 48043 12 0
0 48043 13 0
0 48043 14 0
0 48043 15 0
0 48043 0 0
0 18728 1 0
0 18728 2 0
0 18728 3 0
0 18728 4 0
0 18728 5 0
0 18728 6 0
0 32586 7 0
0 32586 8 0
0 32586 9 0
0 32586 10 0
0 32586 11 0
0 32586 12 0
0 45495 13 0
0 45495 14 0
0 45495 15 0
0 45495 0 0
0 45495 1 0
0 45495 2 0
0 61848 3 0
0 61848 4 0
0 61848 5 0
0 61848 6 0
0 61848 7 0
0 61848 8 0
0 63009 9 0
0 63009 10 0
0 63009 11 0
0 63009 12 0
0 63009 13 0
0 63009 14 0
0 28463 15 0
0 28463 0 0
0 28463 1 0
0 28463 2 0
0 28463 3 0
0 28463 4 0
0 17065 5 0
0 17065 6 0
0 17065 7 0
0 17065 8 0
0 17065 9 0
0 17065 10 0
0 54271 11 0
0 54271 12 0
0 54271 13 0
0 54271 14 0
0 54271 15 0
0 54271 0 0
0 47726 1 0
0 47726 2 0
0 47726 3 0
0 47726 4 0
0 47726 5 0
0 47726 6 0
0 26630 7 0
0 26630 8 0
0 26630 9 0
0 26630 10 0
0 26630 11 0
0 26630 12 0
0 14930 13 0
0 14930 14 0
0 14930 15 0
0 14930 0 0
0 14930 1 0
0 14930 2 0
0 36826 3 0
0 36826 4 0
0 36826 5 0
0 36826 6 0
0 36826 7 0
0 36826 8 0
0 59365 9 0
0 59365 10 0
0 59365 11 0
0 59365 12 0
0 59365 13 0
0 59365 14 0
0 44119 15 0
0 44119 0 0
0 44119 1 0
0 44119 2 0
0 44119 3 0
0 44119 4 0
0 21283 5 0
0 21283 6 0
0 21283 7 0
0 21283 8 0
0 21283 9 0
0 21283 10 0
0 12453 11 0
0 12453 12 0
0 12453 13 0
0 12453 14 0
0 12453 15 0
0 12453 0 0
0 38626 1 0
0 38626 2 0
0 38626 3 0
0 38626 4 0
0 38626 5 0
0 38626 6 0
0 60655 7 0
0 60655 8 0
0 60655 9 0
0 60655 10 0
0 60655 11 0
0 60655 12 0
0 20795 13 0
0 20795 14 0
0 20795 15 0
0 20795 0 0
0 20795 1 0
0 20795 2 0
0 32225 3 0
0 32225 4 0
0 32225 5 0
0 32225 6 0
0 32225 7 0
0 32225 8 0
0 64597 9 0
0 64597 10 0
0 64597 11 0
0 64597 12 0
0 64597 13 0
0 64597 14 0
0 49168 15 0
0 49168 0 0
0 49168 1 0
0 49168 2 0
0 49168 3 0
0 49168 4 0
0 13747 5 0
0 13747 6 0
0 13747 7 0
0 13747 8 0
0 13747 9 0
0 13747 10 0
0 59893 11 0
0 59893 12 0
0 59893 13 0
0 59893 14 0
0 59893 15 0
0 59893 0 0
0 22890 1 0
0 22890 2 0
0 22890 3 0
0 22890 4 0
0 22890 5 0
0 22890 6 0
0 59183 7 0
0 59183 8 0
0 59183 9 0
0 59183 10 0
0 59183 11 0
0 59183 12 0
0 3825 13 0
0 3825 14 0
0 3825 15 0
0 3825 0 0
0 3825 1 0
0 3825 2 0
0 60927 3 0
0 60927 4 0
0 60927 5 0
0 60927 6 0
0 60927 7 0
0 60927 8 0
0 10729 9 0
0 10729 10 0
0 10729 11 0
0 10729 12 0
0 10729 13 0
0 10729 14 0
0 17983 15 0
0 17983 0 0
0 17983 1 0
0 17983 2 0
0 17983 3 0
0 17983 4 0
0 20624 5 0
0 20624 6 0
0 20624 7 0
0 20624 8 0
0 20624 9 0
0 20624 10 0
0 15582 11 0
0 15582 12 0
0 15582 13 0
0 15582 14 0
0 15582 15 0
0 15582 0 0
0 19202 1 0
0 19202 2 0
0 19202 3 0
0 19202 4 0
0 19202 5 0
0 19202 6 0
0 13951 7 0
0 13951 8 0
0 13951 9 0
0 13951 10 0
0 13951 11 0
0 13951 12 0
0 50820 13 0
0 50820 14 0
0 50820 15 0
0 50820 0 0
0 50820 1 0
0 50820 2 0
0 10803 3 0
0 10803 4 0
0 10803 5 0
0 10803 6 0
0 10803 7 0
0 10803 8 0
0 43531 9 0
0 43531 10 0
0 43531 11 0
0 43531 12 0
0 43531 13 0
0 43531 14 0
0 15320 15 0
0 15320 0 0
0 15320 1 0
0 15320 2 0
0 15320 3 0
0 15320 4 0
0 48749 5 0
0 48749 6 0
0 48749 7 0
0 48749 8 0
0 48749 9 0
0 48749 10 0
0 52861 11 0
0 52861 12 0
0 52861 13 0
0 52861 14 0
0 52861 15 0
0 52861 0 0
0 54145 1 0
0 54145 2 0
0 54145 3 0
0 54145 4 0
0 54145 5 0
0 54145 6 0
0 56035 7 0
0 56035 8 0
0 56035 9 0
0 56035 10 0
0 56035 11 0
0 56035 12 0
0 19938 13 0
0 19938 14 0
0 19938 15 0
0 19938 0 0
0 19938 1 0
0 19938 2 0
0 25926 3 0
0 25926 4 0
0 25926 5 0
0 25926 6 0
0 25926 7 0
0 25926 8 0
0 45113 9 0
0 45113 10 0
0 45113 11 0
0 45113 12 0
0 45113 13 0
0 45113 14 0
0 59592 15 0
0 59592 0 0
0 59592 1 0
0 59592 2 0
0 59592 3 0
0 59592 4 0
0 20994 5 0
0 20994 6 0
0 20994 7 0
0 20994 8 0
0 20994 9 0
0 20994 10 0
0 26839 11 0
0 26839 12 0
0 26839 13 0
0 26839 14 0
0 26839 15 0
0 26839 0 0
0 61489 1 0
0 61489 2 0
0 61489 3 0
0 61489 4 0
0 61489 5 0
0 61489 6 0
0 9025 7 0
0 9025 8 0
0 9025 9 0
0 9025 10 0
0 9025 11 0
0 9025 12 0
0 56961 13 0
0 56961 14 0
0 56961 15 0
0 56961 0 0
0 56961 1 0
0 56961 2 0
0 626 3 0
0 626 4 0
0 626 5 0
0 626 6 0
0 626 7 0
0 626 8 0
0 30610 9 0
0 30610 10 0
0 30610 11 0
0 30610 12 0
0 30610 13 0
0 30610 14 0
0 46030 15 0
0 46030 0 0
0 46030 1 0
0 46030 2 0
0 46030 3 0
0 46030 4 0
0 52466 5 0
0 52466 6 0
0 52466 7 0
0 52466 8 0
0 52466 9 0
0 52466 10 0
0 52791 11 0
0 52791 12 0
0 52791 13 0
0 52791 14 0
0 52791 15 0
0 52791 0 0
0 30773 1 0
0 30773 2 0
0 30773 3 0
0 30773 4 0
0 30773 5 0
0 30773 6 0
0 56712 7 0
0 56712 8 0
0 56712 9 0
0 56712 10 0
0 56712 11 0
0 56712 12 0
0 36077 13 0
0 36077 14 0
0 36077 15 0
0 36077 0 0
0 36077 1 0
0 36077 2 0
0 63548 3 0
0 63548 4 0
0 63548 5 0
0 63548 6 0
0 63548 7 0
0 63548 8 0
0 48640 9 0
0 48640 10 0
0 48640 11 0
0 48640 12 0
0 48640 13 0
0 48640 14 0
0 24061 15 0
0 24061 0 0
0 24061 1 0
0 24061 2 0
0 24061 3 0
0 24061 4 0
0 3442 5 0
0 3442 6 0
0 3442 7 0
0 3442 8 0
0 3442 9 0
0 3442 10 0
0 43472 11 0
0 43472 12 0
0 43472 13 0
0 43472 14 0
0 43472 15 0
0 43472 0 0
0 46693 1 0
0 46693 2 0
0 46693 3 0
0 46693 4 0
0 46693 5 0
0 46693 6 0
0 38631 7 0
0 38631 8 0
0 38631 9 0
0 38631 10 0
0 38631 11 0
0 38631 12 0
0 34049 13 0
0 34049 14 0
0 34049 15 0
0 34049 0 0
0 34049 1 0
0 34049 2 0
0 49004 3 0
0 49004 4 0
0 49004 5 0
0 49004 6 0
0 49004 7 0
0 49004 8 0
0 37603 9 0
0 37603 10 0
0 37603 11 0
0 37603 12 0
0 37603 13 0
0 37603 14 0
0 10766 15 0
0 10766 0 0
0 10766 1 0
0 10766 2 0
0 10766 3 0
0 10766 4 0
0 27545 5 0
0 27545 6 0
0 27545 7 0
0 27545 8 0
0 27545 9 0
0 27545 10 0
0 7103 11 0
0 7103 12 0
0 7103 13 0
0 7103 14 0
0 7103 15 0
0 7103 0 0
0 59626 1 0
0 59626 2 0
0 59626 3 0
0 59626 4 0
0 59626 5 0
0 59626 6 0
0 30325 7 0
0 30325 8 0
0 30325 9 0
0 30325 10 0
0 30325 11 0
0 30325 12 0
0 1385 13 0
0 1385 14 0
0 1385 15 0
0 1385 0 0
0 1385 1 0
0 1385 2 0
0 5004 3 0
0 5004 4 0
0 5004 5 0
0 5004 6 0
0 5004 7 0
0 5004 8 0
0 12322 9 0
0 12322 10 0
0 12322 11 0
0 12322 12 0
0 12322 13 0
0 12322 14 0
0 55543 15 0
0 55543 0 0
0 55543 1 0
0 55543 2 0
0 55543 3 0
0 55543 4 0
0 15827 5 0
0 15827 6 0
0 15827 7 0
0 15827 8 0
0 15827 9 0
0 15827 10 0
0 32933 11 0
0 32933 12 0
0 32933 13 0
0 32933 14 0
0 32933 15 0
0 32933 0 0
0 43612 1 0
0 43612 2 0
0 43612 3 0
0 43612 4 0
0 43612 5 0
0 43612 6 0
0 41523 7 0
0 41523 8 0
0 41523 9 0
0 41523 10 0
0 41523 11 0
0 41523 12 0
0 41768 13 0
0 41768 14 0
0 41768 15 0
0 41768 0 0
0 41768 1 0
0 41768 2 0
0 48184 3 0
0 48184 4 0
0 48184 5 0
0 48184 6 0
0 48184 7 0
0 48184 8 0
0 1939 9 0
0 1939 10 0
0 1939 11 0
0 1939 12 0
0 1939 13 0
0 1939 14 0
0 47680 15 0
0 47680 0 0
0 47680 1 0
0 47680 2 0
0 47680 3 0
0 47680 4 0
0 39958 5 0
0 39958 6 0
0 39958 7 0
0 39958 8 0
0 39958 9 0
0 39958 10 0
0 30129 11 0
0 30129 12 0
0 30129 13 0
0 30129 14 0
0 30129 15 0
0 30129 0 0
0 23388 1 0
0 23388 2 0
0 23388 3 0
0 23388 4 0
0 23388 5 0
0 23388 6 0
0 16971 7 0
0 16971 8 0
0 16971 9 0
0 16971 10 0
0 16971 11 0
0 16971 12 0
0 918 13 0
0 918 14 0
0 918 15 0
