0 0 0 0
0 0 1 0
0 0 2 0
0 0 3 0
0 0 4 0
0 36717 5 0
0 36717 6 0
0 36717 7 0
0 36717 8 0
0 36717 9 0
0 36717 10 0
0 24057 11 0
0 24057 12 0
0 24057 13 0
0 24057 14 0
0 24057 15 0
0 24057 0 0
0 61334 1 0
0 61334 2 0
0 61334 3 0
0 61334 4 0
0 61334 5 0
0 61334 6 0
0 65178 7 0
0 65178 8 0
0 65178 9 0
0 65178 10 0
0 65178 11 0
0 65178 12 0
0 39795 13 0
0 39795 14 0
0 39795 15 0
0 39795 0 0
0 39795 1 0
0 39795 2 0
0 27748 3 0
0 27748 4 0
0 27748 5 0
0 27748 6 0
0 27748 7 0
0 27748 8 0
0 39693 9 0
0 39693 10 0
0 39693 11 0
0 39693 12 0
0 39693 13 0
0 39693 14 0
0 566 15 0
0 566 0 0
0 566 1 0
0 566 2 0
0 566 3 0
0 566 4 0
0 27347 5 0
0 27347 6 0
0 27347 7 0
0 27347 8 0
0 27347 9 0
0 27347 10 0
0 28094 11 0
0 28094 12 0
0 28094 13 0
0 28094 14 0
0 28094 15 0
0 28094 0 0
0 63417 1 0
0 63417 2 0
0 63417 3 0
0 63417 4 0
0 63417 5 0
0 63417 6 0
0 39094 7 0
0 39094 8 0
0 39094 9 0
0 39094 10 0
0 39094 11 0
0 39094 12 0
0 31497 13 0
0 31497 14 0
0 31497 15 0
0 31497 0 0
0 31497 1 0
0 31497 2 0
0 63391 3 0
0 63391 4 0
0 63391 5 0
0 63391 6 0
0 63391 7 0
0 63391 8 0
0 6046 9 0
0 6046 10 0
0 6046 11 0
0 6046 12 0
0 6046 13 0
0 6046 14 0
0 64826 15 0
0 64826 0 0
0 64826 1 0
0 64826 2 0
0 64826 3 0
0 64826 4 0
0 18780 5 0
0 18780 6 0
0 18780 7 0
0 18780 8 0
0 18780 9 0
0 18780 10 0
0 6964 11 0
0 6964 12 0
0 6964 13 0
0 6964 14 0
0 6964 15 0
0 6964 0 0
0 27207 1 0
0 27207 2 0
0 27207 3 0
0 27207 4 0
0 27207 5 0
0 27207 6 0
0 50613 7 0
0 50613 8 0
0 50613 9 0
0 50613 10 0
0 50613 11 0
0 50613 12 0
0 15483 13 0
0 15483 14 0
0 15483 15 0
0 15483 0 0
0 15483 1 0
0 15483 2 0
0 40970 3 0
0 40970 4 0
0 40970 5 0
0 40970 6 0
0 40970 7 0
0 40970 8 0
0 64624 9 0
0 64624 10 0
0 64624 11 0
0 64624 12 0
0 64624 13 0
0 64624 14 0
0 43096 15 0
0 43096 0 0
0 43096 1 0
0 43096 2 0
0 43096 3 0
0 43096 4 0
0 38135 5 0
0 38135 6 0
0 38135 7 0
0 38135 8 0
0 38135 9 0
0 38135 10 0
0 38249 11 0
0 38249 12 0
0 38249 13 0
0 38249 14 0
0 38249 15 0
0 38249 0 0
0 60923 1 0
0 60923 2 0
0 60923 3 0
0 60923 4 0
0 60923 5 0
0 60923 6 0
0 18518 7 0
0 18518 8 0
0 18518 9 0
0 18518 10 0
0 18518 11 0
0 18518 12 0
0 33202 13 0
0 33202 14 0
0 33202 15 0
0 33202 0 0
0 33202 1 0
0 33202 2 0
0 1031 3 0
0 1031 4 0
0 1031 5 0
0 1031 6 0
0 1031 7 0
0 1031 8 0
0 21310 9 0
0 21310 10 0
0 21310 11 0
0 21310 12 0
0 21310 13 0
0 21310 14 0
0 35938 15 0
0 35938 0 0
0 35938 1 0
0 35938 2 0
0 35938 3 0
0 35938 4 0
0 48710 5 0
0 48710 6 0
0 48710 7 0
0 48710 8 0
0 48710 9 0
0 48710 10 0
0 58375 11 0
0 58375 12 0
0 58375 13 0
0 58375 14 0
0 58375 15 0
0 58375 0 0
0 20114 1 0
0 20114 2 0
0 20114 3 0
0 20114 4 0
0 20114 5 0
0 20114 6 0
0 44899 7 0
0 44899 8 0
0 44899 9 0
0 44899 10 0
0 44899 11 0
0 44899 12 0
0 49523 13 0
0 49523 14 0
0 49523 15 0
0 49523 0 0
0 49523 1 0
0 49523 2 0
0 40216 3 0
0 40216 4 0
0 40216 5 0
0 40216 6 0
0 40216 7 0
0 40216 8 0
0 50134 9 0
0 50134 10 0
0 50134 11 0
0 50134 12 0
0 50134 13 0
0 50134 14 0
0 57331 15 0
0 57331 0 0
0 57331 1 0
0 57331 2 0
0 57331 3 0
0 57331 4 0
0 34869 5 0
0 34869 6 0
0 34869 7 0
0 34869 8 0
0 34869 9 0
0 34869 10 0
0 33657 11 0
0 33657 12 0
0 33657 13 0
0 33657 14 0
0 33657 15 0
0 33657 0 0
0 37327 1 0
0 37327 2 0
0 37327 3 0
0 37327 4 0
0 37327 5 0
0 37327 6 0
0 19585 7 0
0 19585 8 0
0 19585 9 0
0 19585 10 0
0 19585 11 0
0 19585 12 0
0 11985 13 0
0 11985 14 0
0 11985 15 0
0 11985 0 0
0 11985 1 0
0 11985 2 0
0 7830 3 0
0 7830 4 0
0 7830 5 0
0 7830 6 0
0 7830 7 0
0 7830 8 0
0 48823 9 0
0 48823 10 0
0 48823 11 0
0 48823 12 0
0 48823 13 0
0 48823 14 0
0 42186 15 0
0 42186 0 0
0 42186 1 0
0 42186 2 0
0 42186 3 0
0 42186 4 0
0 46467 5 0
0 46467 6 0
0 46467 7 0
0 46467 8 0
0 46467 9 0
0 46467 10 0
0 38410 11 0
0 38410 12 0
0 38410 13 0
0 38410 14 0
0 38410 15 0
0 38410 0 0
0 65357 1 0
0 65357 2 0
0 65357 3 0
0 65357 4 0
0 65357 5 0
0 65357 6 0
0 26486 7 0
0 26486 8 0
0 26486 9 0
0 26486 10 0
0 26486 11 0
0 26486 12 0
0 20679 13 0
0 20679 14 0
0 20679 15 0
0 20679 0 0
0 20679 1 0
0 20679 2 0
0 59661 3 0
0 59661 4 0
0 59661 5 0
0 59661 6 0
0 59661 7 0
0 59661 8 0
0 33128 9 0
0 33128 10 0
0 33128 11 0
0 33128 12 0
0 33128 13 0
0 33128 14 0
0 3737 15 0
0 3737 0 0
0 3737 1 0
0 3737 2 0
0 3737 3 0
0 3737 4 0
0 23994 5 0
0 23994 6 0
0 23994 7 0
0 23994 8 0
0 23994 9 0
0 23994 10 0
0 3834 11 0
0 3834 12 0
0 3834 13 0
0 3834 14 0
0 3834 15 0
0 3834 0 0
0 44364 1 0
0 44364 2 0
0 44364 3 0
0 44364 4 0
0 44364 5 0
0 44364 6 0
0 50369 7 0
0 50369 8 0
0 50369 9 0
0 50369 10 0
0 50369 11 0
0 50369 12 0
0 7986 13 0
0 7986 14 0
0 7986 15 0
0 7986 0 0
0 7986 1 0
0 7986 2 0
0 60391 3 0
0 60391 4 0
0 60391 5 0
0 60391 6 0
0 60391 7 0
0 60391 8 0
0 39041 9 0
0 39041 10 0
0 39041 11 0
0 39041 12 0
0 39041 13 0
0 39041 14 0
0 14512 15 0
0 14512 0 0
0 14512 1 0
0 14512 2 0
0 14512 3 0
0 14512 4 0
0 52370 5 0
0 52370 6 0
0 52370 7 0
0 52370 8 0
0 52370 9 0
0 52370 10 0
0 21606 11 0
0 21606 12 0
0 21606 13 0
0 21606 14 0
0 21606 15 0
0 21606 0 0
0 40344 1 0
0 40344 2 0
0 40344 3 0
0 40344 4 0
0 40344 5 0
0 40344 6 0
0 10150 7 0
0 10150 8 0
0 10150 9 0
0 10150 10 0
0 10150 11 0
0 10150 12 0
0 42739 13 0
0 42739 14 0
0 42739 15 0
0 42739 0 0
0 42739 1 0
0 42739 2 0
0 61836 3 0
0 61836 4 0
0 61836 5 0
0 61836 6 0
0 61836 7 0
0 61836 8 0
0 14124 9 0
0 14124 10 0
0 14124 11 0
0 14124 12 0
0 14124 13 0
0 14124 14 0
0 9195 15 0
0 9195 0 0
0 9195 1 0
0 9195 2 0
0 9195 3 0
0 9195 4 0
0 52764 5 0
0 52764 6 0
0 52764 7 0
0 52764 8 0
0 52764 9 0
0 52764 10 0
0 46178 11 0
0 46178 12 0
0 46178 13 0
0 46178 14 0
0 46178 15 0
0 46178 0 0
0 23400 1 0
0 23400 2 0
0 23400 3 0
0 23400 4 0
0 23400 5 0
0 23400 6 0
0 65398 7 0
0 65398 8 0
0 65398 9 0
0 65398 10 0
0 65398 11 0
0 65398 12 0
0 4666 13 0
0 4666 14 0
0 4666 15 0
0 4666 0 0
0 4666 1 0
0 4666 2 0
0 45410 3 0
0 45410 4 0
0 45410 5 0
0 45410 6 0
0 45410 7 0
0 45410 8 0
0 47341 9 0
0 47341 10 0
0 47341 11 0
0 47341 12 0
0 47341 13 0
0 47341 14 0
0 13715 15 0
0 13715 0 0
0 13715 1 0
0 13715 2 0
0 13715 3 0
0 13715 4 0
0 24085 5 0
0 24085 6 0
0 24085 7 0
0 24085 8 0
0 24085 9 0
0 24085 10 0
0 990 11 0
0 990 12 0
0 990 13 0
0 990 14 0
0 990 15 0
0 990 0 0
0 634 1 0
0 634 2 0
0 634 3 0
0 634 4 0
0 634 5 0
0 634 6 0
0 1090 7 0
0 1090 8 0
0 1090 9 0
0 1090 10 0
0 1090 11 0
0 1090 12 0
0 44316 13 0
0 44316 14 0
0 44316 15 0
0 44316 0 0
0 44316 1 0
0 44316 2 0
0 42652 3 0
0 42652 4 0
0 42652 5 0
0 42652 6 0
0 42652 7 0
0 42652 8 0
0 28442 9 0
0 28442 10 0
0 28442 11 0
0 28442 12 0
0 28442 13 0
0 28442 14 0
0 17329 15 0
0 17329 0 0
0 17329 1 0
0 17329 2 0
0 17329 3 0
0 17329 4 0
0 64750 5 0
0 64750 6 0
0 64750 7 0
0 64750 8 0
0 64750 9 0
0 64750 10 0
0 58582 11 0
0 58582 12 0
0 58582 13 0
0 58582 14 0
0 58582 15 0
0 58582 0 0
0 48734 1 0
0 48734 2 0
0 48734 3 0
0 48734 4 0
0 48734 5 0
0 48734 6 0
0 3077 7 0
0 3077 8 0
0 3077 9 0
0 3077 10 0
0 3077 11 0
0 3077 12 0
0 57563 13 0
0 57563 14 0
0 57563 15 0
0 57563 0 0
0 57563 1 0
0 57563 2 0
0 37717 3 0
0 37717 4 0
0 37717 5 0
0 37717 6 0
0 37717 7 0
0 37717 8 0
0 54559 9 0
0 54559 10 0
0 54559 11 0
0 54559 12 0
0 54559 13 0
0 54559 14 0
0 61347 15 0
0 61347 0 0
0 61347 1 0
0 61347 2 0
0 61347 3 0
0 61347 4 0
0 2470 5 0
0 2470 6 0
0 2470 7 0
0 2470 8 0
0 2470 9 0
0 2470 10 0
0 64019 11 0
0 64019 12 0
0 64019 13 0
0 64019 14 0
0 64019 15 0
0 64019 0 0
0 1120 1 0
0 1120 2 0
0 1120 3 0
0 1120 4 0
0 1120 5 0
0 1120 6 0
0 59776 7 0
0 59776 8 0
0 59776 9 0
0 59776 10 0
0 59776 11 0
0 59776 12 0
0 23058 13 0
0 23058 14 0
0 23058 15 0
0 23058 0 0
0 23058 1 0
0 23058 2 0
0 8790 3 0
0 8790 4 0
0 8790 5 0
0 8790 6 0
0 8790 7 0
0 8790 8 0
0 54441 9 0
0 54441 10 0
0 54441 11 0
0 54441 12 0
0 54441 13 0
0 54441 14 0
0 33052 15 0
0 33052 0 0
0 33052 1 0
0 33052 2 0
0 33052 3 0
0 33052 4 0
0 49445 5 0
0 49445 6 0
0 49445 7 0
0 49445 8 0
0 49445 9 0
0 49445 10 0
0 10004 11 0
0 10004 12 0
0 10004 13 0
0 10004 14 0
0 10004 15 0
0 10004 0 0
0 20320 1 0
0 20320 2 0
0 20320 3 0
0 20320 4 0
0 20320 5 0
0 20320 6 0
0 24456 7 0
0 24456 8 0
0 24456 9 0
0 24456 10 0
0 24456 11 0
0 24456 12 0
0 28313 13 0
0 28313 14 0
0 28313 15 0
0 28313 0 0
0 28313 1 0
0 28313 2 0
0 33596 3 0
0 33596 4 0
0 33596 5 0
0 33596 6 0
0 33596 7 0
0 33596 8 0
0 23075 9 0
0 23075 10 0
0 23075 11 0
0 23075 12 0
0 23075 13 0
0 23075 14 0
0 35354 15 0
0 35354 0 0
0 35354 1 0
0 35354 2 0
0 35354 3 0
0 35354 4 0
0 11603 5 0
0 11603 6 0
0 11603 7 0
0 11603 8 0
0 11603 9 0
0 11603 10 0
0 48064 11 0
0 48064 12 0
0 48064 13 0
0 48064 14 0
0 48064 15 0
0 48064 0 0
0 36844 1 0
0 36844 2 0
0 36844 3 0
0 36844 4 0
0 36844 5 0
0 36844 6 0
0 42151 7 0
0 42151 8 0
0 42151 9 0
0 42151 10 0
0 42151 11 0
0 42151 12 0
0 37270 13 0
0 37270 14 0
0 37270 15 0
0 37270 0 0
0 37270 1 0
0 37270 2 0
0 52443 3 0
0 52443 4 0
0 52443 5 0
0 52443 6 0
0 52443 7 0
0 52443 8 0
0 33384 9 0
0 33384 10 0
0 33384 11 0
0 33384 12 0
0 33384 13 0
0 33384 14 0
0 14296 15 0
0 14296 0 0
0 14296 1 0
0 14296 2 0
0 14296 3 0
0 14296 4 0
0 15132 5 0
0 15132 6 0
0 15132 7 0
0 15132 8 0
0 15132 9 0
0 15132 10 0
0 5132 11 0
0 5132 12 0
0 5132 13 0
0 5132 14 0
0 5132 15 0
0 5132 0 0
0 39030 1 0
0 39030 2 0
0 39030 3 0
0 39030 4 0
0 39030 5 0
0 39030 6 0
0 22606 7 0
0 22606 8 0
0 22606 9 0
0 22606 10 0
0 22606 11 0
0 22606 12 0
0 34465 13 0
0 34465 14 0
0 34465 15 0
0 34465 0 0
0 34465 1 0
0 34465 2 0
0 17560 3 0
0 17560 4 0
0 17560 5 0
0 17560 6 0
0 17560 7 0
0 17560 8 0
0 46896 9 0
0 46896 10 0
0 46896 11 0
0 46896 12 0
0 46896 13 0
0 46896 14 0
0 43305 15 0
0 43305 0 0
0 43305 1 0
0 43305 2 0
0 43305 3 0
0 43305 4 0
0 22654 5 0
0 22654 6 0
0 22654 7 0
0 22654 8 0
0 22654 9 0
0 22654 10 0
0 62463 11 0
0 62463 12 0
0 62463 13 0
0 62463 14 0
0 62463 15 0
0 62463 0 0
0 15836 1 0
0 15836 2 0
0 15836 3 0
0 15836 4 0
0 15836 5 0
0 15836 6 0
0 18806 7 0
0 18806 8 0
0 18806 9 0
0 18806 10 0
0 18806 11 0
0 18806 12 0
0 28944 13 0
0 28944 14 0
0 28944 15 0
0 28944 0 0
0 28944 1 0
0 28944 2 0
0 31258 3 0
0 31258 4 0
0 31258 5 0
0 31258 6 0
0 31258 7 0
0 31258 8 0
0 14186 9 0
0 14186 10 0
0 14186 11 0
0 14186 12 0
0 14186 13 0
0 14186 14 0
0 52678 15 0
0 52678 0 0
0 52678 1 0
0 52678 2 0
0 52678 3 0
0 52678 4 0
0 50537 5 0
0 50537 6 0
0 50537 7 0
0 50537 8 0
0 50537 9 0
0 50537 10 0
0 47447 11 0
0 47447 12 0
0 47447 13 0
0 47447 14 0
0 47447 15 0
0 47447 0 0
0 51682 1 0
0 51682 2 0
0 51682 3 0
0 51682 4 0
0 51682 5 0
0 51682 6 0
0 18000 7 0
0 18000 8 0
0 18000 9 0
0 18000 10 0
0 18000 11 0
0 18000 12 0
0 54756 13 0
0 54756 14 0
0 54756 15 0
0 54756 0 0
0 54756 1 0
0 54756 2 0
0 54283 3 0
0 54283 4 0
0 54283 5 0
0 54283 6 0
0 54283 7 0
0 54283 8 0
0 6055 9 0
0 6055 10 0
0 6055 11 0
0 6055 12 0
0 6055 13 0
0 6055 14 0
0 24766 15 0
0 24766 0 0
0 24766 1 0
0 24766 2 0
0 24766 3 0
0 24766 4 0
0 6835 5 0
0 6835 6 0
0 6835 7 0
0 6835 8 0
0 6835 9 0
0 6835 10 0
0 49107 11 0
0 49107 12 0
0 49107 13 0
0 49107 14 0
0 49107 15 0
0 49107 0 0
0 37812 1 0
0 37812 2 0
0 37812 3 0
0 37812 4 0
0 37812 5 0
0 37812 6 0
0 43392 7 0
0 43392 8 0
0 43392 9 0
0 43392 10 0
0 43392 11 0
0 43392 12 0
0 59657 13 0
0 59657 14 0
0 59657 15 0
0 59657 0 0
0 59657 1 0
0 59657 2 0
0 2113 3 0
0 2113 4 0
0 2113 5 0
0 2113 6 0
0 2113 7 0
0 2113 8 0
0 9675 9 0
0 9675 10 0
0 9675 11 0
0 9675 12 0
0 9675 13 0
0 9675 14 0
0 16531 15 0
0 16531 0 0
0 16531 1 0
0 16531 2 0
0 16531 3 0
0 16531 4 0
0 53578 5 0
0 53578 6 0
0 53578 7 0
0 53578 8 0
0 53578 9 0
0 53578 10 0
0 26081 11 0
0 26081 12 0
0 26081 13 0
0 26081 14 0
0 26081 15 0
0 26081 0 0
0 44792 1 0
0 44792 2 0
0 44792 3 0
0 44792 4 0
0 44792 5 0
0 44792 6 0
0 56740 7 0
0 56740 8 0
0 56740 9 0
0 56740 10 0
0 56740 11 0
0 56740 12 0
0 34218 13 0
0 34218 14 0
0 34218 15 0
0 34218 0 0
0 34218 1 0
0 34218 2 0
0 42613 3 0
0 42613 4 0
0 42613 5 0
0 42613 6 0
0 42613 7 0
0 42613 8 0
0 52323 9 0
0 52323 10 0
0 52323 11 0
0 52323 12 0
0 52323 13 0
0 52323 14 0
0 1538 15 0
0 1538 0 0
0 1538 1 0
0 1538 2 0
0 1538 3 0
0 1538 4 0
0 51852 5 0
0 51852 6 0
0 51852 7 0
0 51852 8 0
0 51852 9 0
0 51852 10 0
0 37120 11 0
0 37120 12 0
0 37120 13 0
0 37120 14 0
0 37120 15 0
0 37120 0 0
0 57837 1 0
0 57837 2 0
0 57837 3 0
0 57837 4 0
0 57837 5 0
0 57837 6 0
0 25500 7 0
0 25500 8 0
0 25500 9 0
0 25500 10 0
0 25500 11 0
0 25500 12 0
0 63952 13 0
0 63952 14 0
0 63952 15 0
0 63952 0 0
0 63952 1 0
0 63952 2 0
0 27401 3 0
0 27401 4 0
0 27401 5 0
0 27401 6 0
0 27401 7 0
0 27401 8 0
0 5537 9 0
0 5537 10 0
0 5537 11 0
0 5537 12 0
0 5537 13 0
0 5537 14 0
0 43231 15 0
0 43231 0 0
0 43231 1 0
0 43231 2 0
0 43231 3 0
0 43231 4 0
0 1054 5 0
0 1054 6 0
0 1054 7 0
0 1054 8 0
0 1054 9 0
0 1054 10 0
0 25076 11 0
0 25076 12 0
0 25076 13 0
0 25076 14 0
0 25076 15 0
0 25076 0 0
0 54001 1 0
0 54001 2 0
0 54001 3 0
0 54001 4 0
0 54001 5 0
0 54001 6 0
0 42552 7 0
0 42552 8 0
0 42552 9 0
0 42552 10 0
0 42552 11 0
0 42552 12 0
0 22981 13 0
0 22981 14 0
0 22981 15 0
0 22981 0 0
0 22981 1 0
0 22981 2 0
0 8616 3 0
0 8616 4 0
0 8616 5 0
0 8616 6 0
0 8616 7 0
0 8616 8 0
0 6857 9 0
0 6857 10 0
0 6857 11 0
0 6857 12 0
0 6857 13 0
0 6857 14 0
0 7269 15 0
0 7269 0 0
0 7269 1 0
0 7269 2 0
0 7269 3 0
0 7269 4 0
0 51562 5 0
0 51562 6 0
0 51562 7 0
0 51562 8 0
0 51562 9 0
0 51562 10 0
0 43487 11 0
0 43487 12 0
0 43487 13 0
0 43487 14 0
0 43487 15 0
0 43487 0 0
0 43451 1 0
0 43451 2 0
0 43451 3 0
0 43451 4 0
0 43451 5 0
0 43451 6 0
0 51382 7 0
0 51382 8 0
0 51382 9 0
0 51382 10 0
0 51382 11 0
0 51382 12 0
0 21702 13 0
0 21702 14 0
0 21702 15 0
0 21702 0 0
0 21702 1 0
0 21702 2 0
0 34524 3 0
0 34524 4 0
0 34524 5 0
0 34524 6 0
0 34524 7 0
0 34524 8 0
0 44090 9 0
0 44090 10 0
0 44090 11 0
0 44090 12 0
0 44090 13 0
0 44090 14 0
0 42287 15 0
0 42287 0 0
0 42287 1 0
0 42287 2 0
0 42287 3 0
0 42287 4 0
0 54865 5 0
0 54865 6 0
0 54865 7 0
0 54865 8 0
0 54865 9 0
0 54865 10 0
0 38249 11 0
0 38249 12 0
0 38249 13 0
0 38249 14 0
0 38249 15 0
0 38249 0 0
0 14704 1 0
0 14704 2 0
0 14704 3 0
0 14704 4 0
0 14704 5 0
0 14704 6 0
0 33699 7 0
0 33699 8 0
0 33699 9 0
0 33699 10 0
0 33699 11 0
0 33699 12 0
0 19314 13 0
0 19314 14 0
0 19314 15 0
0 19314 0 0
0 19314 1 0
0 19314 2 0
0 27546 3 0
0 27546 4 0
0 27546 5 0
0 27546 6 0
0 27546 7 0
0 27546 8 0
0 27007 9 0
0 27007 10 0
0 27007 11 0
0 27007 12 0
0 27007 13 0
0 27007 14 0
0 42516 15 0
0 42516 0 0
0 42516 1 0
0 42516 2 0
0 42516 3 0
0 42516 4 0
0 37930 5 0
0 37930 6 0
0 37930 7 0
0 37930 8 0
0 37930 9 0
0 37930 10 0
0 55518 11 0
0 55518 12 0
0 55518 13 0
0 55518 14 0
0 55518 15 0
0 55518 0 0
0 49341 1 0
0 49341 2 0
0 49341 3 0
0 49341 4 0
0 49341 5 0
0 49341 6 0
0 64416 7 0
0 64416 8 0
0 64416 9 0
0 64416 10 0
0 64416 11 0
0 64416 12 0
0 26321 13 0
0 26321 14 0
0 26321 15 0
0 26321 0 0
0 26321 1 0
0 26321 2 0
0 4087 3 0
0 4087 4 0
0 4087 5 0
0 4087 6 0
0 4087 7 0
0 4087 8 0
0 15009 9 0
0 15009 10 0
0 15009 11 0
0 15009 12 0
0 15009 13 0
0 15009 14 0
0 48840 15 0
0 48840 0 0
0 48840 1 0
0 48840 2 0
0 48840 3 0
0 48840 4 0
0 51015 5 0
0 51015 6 0
0 51015 7 0
0 51015 8 0
0 51015 9 0
0 51015 10 0
0 62234 11 0
0 62234 12 0
0 62234 13 0
0 62234 14 0
0 62234 15 0
0 62234 0 0
0 52362 1 0
0 52362 2 0
0 52362 3 0
0 52362 4 0
0 52362 5 0
0 52362 6 0
0 54677 7 0
0 54677 8 0
0 54677 9 0
0 54677 10 0
0 54677 11 0
0 54677 12 0
0 47007 13 0
0 47007 14 0
0 47007 15 0
0 47007 0 0
0 47007 1 0
0 47007 2 0
0 7037 3 0
0 7037 4 0
0 7037 5 0
0 7037 6 0
0 7037 7 0
0 7037 8 0
0 24786 9 0
0 24786 10 0
0 24786 11 0
0 24786 12 0
0 24786 13 0
0 24786 14 0
0 722 15 0
0 722 0 0
0 722 1 0
0 722 2 0
0 722 3 0
0 722 4 0
0 38285 5 0
0 38285 6 0
0 38285 7 0
0 38285 8 0
0 38285 9 0
0 38285 10 0
0 17848 11 0
0 17848 12 0
0 17848 13 0
0 17848 14 0
0 17848 15 0
0 17848 0 0
0 19181 1 0
0 19181 2 0
0 19181 3 0
0 19181 4 0
0 19181 5 0
0 19181 6 0
0 4855 7 0
0 4855 8 0
0 4855 9 0
0 4855 10 0
0 4855 11 0
0 4855 12 0
0 51698 13 0
0 51698 14 0
0 51698 15 0
0 51698 0 0
0 51698 1 0
0 51698 2 0
0 65047 3 0
0 65047 4 0
0 65047 5 0
0 65047 6 0
0 65047 7 0
0 65047 8 0
0 30038 9 0
0 30038 10 0
0 30038 11 0
0 30038 12 0
0 30038 13 0
0 30038 14 0
0 31922 15 0
0 31922 0 0
0 31922 1 0
0 31922 2 0
0 31922 3 0
0 31922 4 0
0 7033 5 0
0 7033 6 0
0 7033 7 0
0 7033 8 0
0 7033 9 0
0 7033 10 0
0 45586 11 0
0 45586 12 0
0 45586 13 0
0 45586 14 0
0 45586 15 0
0 45586 0 0
0 34467 1 0
0 34467 2 0
0 34467 3 0
0 34467 4 0
0 34467 5 0
0 34467 6 0
0 38486 7 0
0 38486 8 0
0 38486 9 0
0 38486 10 0
0 38486 11 0
0 38486 12 0
0 10335 13 0
0 10335 14 0
0 10335 15 0
0 10335 0 0
0 10335 1 0
0 10335 2 0
0 1968 3 0
0 1968 4 0
0 1968 5 0
0 1968 6 0
0 1968 7 0
0 1968 8 0
0 41688 9 0
0 41688 10 0
0 41688 11 0
0 41688 12 0
0 41688 13 0
0 41688 14 0
0 6345 15 0
0 6345 0 0
0 6345 1 0
0 6345 2 0
0 6345 3 0
0 6345 4 0
0 31348 5 0
0 31348 6 0
0 31348 7 0
0 31348 8 0
0 31348 9 0
0 31348 10 0
0 27665 11 0
0 27665 12 0
0 27665 13 0
0 27665 14 0
0 27665 15 0
0 27665 0 0
0 37099 1 0
0 37099 2 0
0 37099 3 0
0 37099 4 0
0 37099 5 0
0 37099 6 0
0 28519 7 0
0 28519 8 0
0 28519 9 0
0 28519 10 0
0 28519 11 0
0 28519 12 0
0 12953 13 0
0 12953 14 0
0 12953 15 0
0 12953 0 0
0 12953 1 0
0 12953 2 0
0 3252 3 0
0 3252 4 0
0 3252 5 0
0 3252 6 0
0 3252 7 0
0 3252 8 0
0 51237 9 0
0 51237 10 0
0 51237 11 0
0 51237 12 0
0 51237 13 0
0 51237 14 0
0 13481 15 0
0 13481 0 0
0 13481 1 0
0 13481 2 0
0 13481 3 0
0 13481 4 0
0 48279 5 0
0 48279 6 0
0 48279 7 0
0 48279 8 0
0 48279 9 0
0 48279 10 0
0 30157 11 0
0 30157 12 0
0 30157 13 0
0 30157 14 0
0 30157 15 0
0 30157 0 0
0 19820 1 0
0 19820 2 0
0 19820 3 0
0 19820 4 0
0 19820 5 0
0 19820 6 0
0 38560 7 0
0 38560 8 0
0 38560 9 0
0 38560 10 0
0 38560 11 0
0 38560 12 0
0 1003 13 0
0 1003 14 0
0 1003 15 0
0 1003 0 0
0 1003 1 0
0 1003 2 0
0 42719 3 0
0 42719 4 0
0 42719 5 0
0 42719 6 0
0 42719 7 0
0 42719 8 0
0 4061 9 0
0 4061 10 0
0 4061 11 0
0 4061 12 0
0 4061 13 0
0 4061 14 0
0 15854 15 0
0 15854 0 0
0 15854 1 0
0 15854 2 0
0 15854 3 0
0 15854 4 0
0 13667 5 0
0 13667 6 0
0 13667 7 0
0 13667 8 0
0 13667 9 0
0 13667 10 0
0 7164 11 0
0 7164 12 0
0 7164 13 0
0 7164 14 0
0 7164 15 0
0 7164 0 0
0 25676 1 0
0 25676 2 0
0 25676 3 0
0 25676 4 0
0 25676 5 0
0 25676 6 0
0 30334 7 0
0 30334 8 0
0 30334 9 0
0 30334 10 0
0 30334 11 0
0 30334 12 0
0 38379 13 0
0 38379 14 0
0 38379 15 0
0 38379 0 0
0 38379 1 0
0 38379 2 0
0 21969 3 0
0 21969 4 0
0 21969 5 0
0 21969 6 0
0 21969 7 0
0 21969 8 0
0 65360 9 0
0 65360 10 0
0 65360 11 0
0 65360 12 0
0 65360 13 0
0 65360 14 0
0 9712 15 0
0 9712 0 0
0 9712 1 0
0 9712 2 0
0 9712 3 0
0 9712 4 0
0 54334 5 0
0 54334 6 0
0 54334 7 0
0 54334 8 0
0 54334 9 0
0 54334 10 0
0 29124 11 0
0 29124 12 0
0 29124 13 0
0 29124 14 0
0 29124 15 0
0 29124 0 0
0 52995 1 0
0 52995 2 0
0 52995 3 0
0 52995 4 0
0 52995 5 0
0 52995 6 0
0 35338 7 0
0 35338 8 0
0 35338 9 0
0 35338 10 0
0 35338 11 0
0 35338 12 0
0 29621 13 0
0 29621 14 0
0 29621 15 0
0 29621 0 0
0 29621 1 0
0 29621 2 0
0 27992 3 0
0 27992 4 0
0 27992 5 0
0 27992 6 0
0 27992 7 0
0 27992 8 0
0 39881 9 0
0 39881 10 0
0 39881 11 0
0 39881 12 0
0 39881 13 0
0 39881 14 0
0 29836 15 0
0 29836 0 0
0 29836 1 0
0 29836 2 0
0 29836 3 0
0 29836 4 0
0 65136 5 0
0 65136 6 0
0 65136 7 0
0 65136 8 0
0 65136 9 0
0 65136 10 0
0 65423 11 0
0 65423 12 0
0 65423 13 0
0 65423 14 0
0 65423 15 0
0 65423 0 0
0 40659 1 0
0 40659 2 0
0 40659 3 0
0 40659 4 0
0 40659 5 0
0 40659 6 0
0 12551 7 0
0 12551 8 0
0 12551 9 0
0 12551 10 0
0 12551 11 0
0 12551 12 0
0 40479 13 0
0 40479 14 0
0 40479 15 0
0 40479 0 0
0 40479 1 0
0 40479 2 0
0 24301 3 0
0 24301 4 0
0 24301 5 0
0 24301 6 0
0 24301 7 0
0 24301 8 0
0 35143 9 0
0 35143 10 0
0 35143 11 0
0 35143 12 0
0 35143 13 0
0 35143 14 0
0 23235 15 0
0 23235 0 0
0 23235 1 0
0 23235 2 0
0 23235 3 0
0 23235 4 0
0 6712 5 0
0 6712 6 0
0 6712 7 0
0 6712 8 0
0 6712 9 0
0 6712 10 0
0 60276 11 0
0 60276 12 0
0 60276 13 0
0 60276 14 0
0 60276 15 0
0 60276 0 0
0 36130 1 0
0 36130 2 0
0 36130 3 0
0 36130 4 0
0 36130 5 0
0 36130 6 0
0 1551 7 0
0 1551 8 0
0 1551 9 0
0 1551 10 0
0 1551 11 0
0 1551 12 0
0 15141 13 0
0 15141 14 0
0 15141 15 0
0 15141 0 0
0 15141 1 0
0 15141 2 0
0 62009 3 0
0 62009 4 0
0 62009 5 0
0 62009 6 0
0 62009 7 0
0 62009 8 0
0 62979 9 0
0 62979 10 0
0 62979 11 0
0 62979 12 0
0 62979 13 0
0 62979 14 0
0 1671 15 0
0 1671 0 0
0 1671 1 0
0 1671 2 0
0 1671 3 0
0 1671 4 0
0 23931 5 0
0 23931 6 0
0 23931 7 0
0 23931 8 0
0 23931 9 0
0 23931 10 0
0 50013 11 0
0 50013 12 0
0 50013 13 0
0 50013 14 0
0 50013 15 0
0 50013 0 0
0 47814 1 0
0 47814 2 0
0 47814 3 0
0 47814 4 0
0 47814 5 0
0 47814 6 0
0 1228 7 0
0 1228 8 0
0 1228 9 0
0 1228 10 0
0 1228 11 0
0 1228 12 0
0 51891 13 0
0 51891 14 0
0 51891 15 0
0 51891 0 0
0 51891 1 0
0 51891 2 0
0 3960 3 0
0 3960 4 0
0 3960 5 0
0 3960 6 0
0 3960 7 0
0 3960 8 0
0 1919 9 0
0 1919 10 0
0 1919 11 0
0 1919 12 0
0 1919 13 0
0 1919 14 0
0 11282 15 0
0 11282 0 0
0 11282 1 0
0 11282 2 0
0 11282 3 0
0 11282 4 0
0 48534 5 0
0 48534 6 0
0 48534 7 0
0 48534 8 0
0 48534 9 0
0 48534 10 0
0 21550 11 0
0 21550 12 0
0 21550 13 0
0 21550 14 0
0 21550 15 0
0 21550 0 0
0 21222 1 0
0 21222 2 0
0 21222 3 0
0 21222 4 0
0 21222 5 0
0 21222 6 0
0 55565 7 0
0 55565 8 0
0 55565 9 0
0 55565 10 0
0 55565 11 0
0 55565 12 0
0 7397 13 0
0 7397 14 0
0 7397 15 0
0 7397 0 0
0 7397 1 0
0 7397 2 0
0 12121 3 0
0 12121 4 0
0 12121 5 0
0 12121 6 0
0 12121 7 0
0 12121 8 0
0 3767 9 0
0 3767 10 0
0 3767 11 0
0 3767 12 0
0 3767 13 0
0 3767 14 0
0 5112 15 0
0 5112 0 0
0 5112 1 0
0 5112 2 0
0 5112 3 0
0 5112 4 0
0 24132 5 0
0 24132 6 0
0 24132 7 0
0 24132 8 0
0 24132 9 0
0 24132 10 0
0 9708 11 0
0 9708 12 0
0 9708 13 0
0 9708 14 0
0 9708 15 0
0 9708 0 0
0 4867 1 0
0 4867 2 0
0 4867 3 0
0 4867 4 0
0 4867 5 0
0 4867 6 0
0 58863 7 0
0 58863 8 0
0 58863 9 0
0 58863 10 0
0 58863 11 0
0 58863 12 0
0 55103 13 0
0 55103 14 0
0 55103 15 0
0 55103 0 0
0 55103 1 0
0 55103 2 0
0 36353 3 0
0 36353 4 0
0 36353 5 0
0 36353 6 0
0 36353 7 0
0 36353 8 0
0 6536 9 0
0 6536 10 0
0 6536 11 0
0 6536 12 0
0 6536 13 0
0 6536 14 0
0 17013 15 0
0 17013 0 0
0 17013 1 0
0 17013 2 0
0 17013 3 0
0 17013 4 0
0 7010 5 0
0 7010 6 0
0 7010 7 0
0 7010 8 0
0 7010 9 0
0 7010 10 0
0 21079 11 0
0 21079 12 0
0 21079 13 0
0 21079 14 0
0 21079 15 0
0 21079 0 0
0 11824 1 0
0 11824 2 0
0 11824 3 0
0 11824 4 0
0 11824 5 0
0 11824 6 0
0 53797 7 0
0 53797 8 0
0 53797 9 0
0 53797 10 0
0 53797 11 0
0 53797 12 0
0 36690 13 0
0 36690 14 0
0 36690 15 0
0 36690 0 0
0 36690 1 0
0 36690 2 0
0 50479 3 0
0 50479 4 0
0 50479 5 0
0 50479 6 0
0 50479 7 0
0 50479 8 0
0 36538 9 0
0 36538 10 0
0 36538 11 0
0 36538 12 0
0 36538 13 0
0 36538 14 0
0 7235 15 0
0 7235 0 0
0 7235 1 0
0 7235 2 0
0 7235 3 0
0 7235 4 0
0 13385 5 0
0 13385 6 0
0 13385 7 0
0 13385 8 0
0 13385 9 0
0 13385 10 0
0 11849 11 0
0 11849 12 0
0 11849 13 0
0 11849 14 0
0 11849 15 0
0 11849 0 0
0 19950 1 0
0 19950 2 0
0 19950 3 0
0 19950 4 0
0 19950 5 0
0 19950 6 0
0 54684 7 0
0 54684 8 0
0 54684 9 0
0 54684 10 0
0 54684 11 0
0 54684 12 0
0 20985 13 0
0 20985 14 0
0 20985 15 0
0 20985 0 0
0 20985 1 0
0 20985 2 0
0 32200 3 0
0 32200 4 0
0 32200 5 0
0 32200 6 0
0 32200 7 0
0 32200 8 0
0 37131 9 0
0 37131 10 0
0 37131 11 0
0 37131 12 0
0 37131 13 0
0 37131 14 0
0 25839 15 0
0 25839 0 0
0 25839 1 0
0 25839 2 0
0 25839 3 0
0 25839 4 0
0 48196 5 0
0 48196 6 0
0 48196 7 0
0 48196 8 0
0 48196 9 0
0 48196 10 0
0 46142 11 0
0 46142 12 0
0 46142 13 0
0 46142 14 0
0 46142 15 0
0 46142 0 0
0 3364 1 0
0 3364 2 0
0 3364 3 0
0 3364 4 0
0 3364 5 0
0 3364 6 0
0 51558 7 0
0 51558 8 0
0 51558 9 0
0 51558 10 0
0 51558 11 0
0 51558 12 0
0 59324 13 0
0 59324 14 0
0 59324 15 0
0 59324 0 0
0 59324 1 0
0 59324 2 0
0 7379 3 0
0 7379 4 0
0 7379 5 0
0 7379 6 0
0 7379 7 0
0 7379 8 0
0 27724 9 0
0 27724 10 0
0 27724 11 0
0 27724 12 0
0 27724 13 0
0 27724 14 0
0 18198 15 0
0 18198 0 0
0 18198 1 0
0 18198 2 0
0 18198 3 0
0 18198 4 0
0 59861 5 0
0 59861 6 0
0 59861 7 0
0 59861 8 0
0 59861 9 0
0 59861 10 0
0 47883 11 0
0 47883 12 0
0 47883 13 0
0 47883 14 0
0 47883 15 0
0 47883 0 0
0 26409 1 0
0 26409 2 0
0 26409 3 0
0 26409 4 0
0 26409 5 0
0 26409 6 0
0 39604 7 0
0 39604 8 0
0 39604 9 0
0 39604 10 0
0 39604 11 0
0 39604 12 0
0 38633 13 0
0 38633 14 0
0 38633 15 0
0 38633 0 0
0 38633 1 0
0 38633 2 0
0 56891 3 0
0 56891 4 0
0 56891 5 0
0 56891 6 0
0 56891 7 0
0 56891 8 0
0 44455 9 0
0 44455 10 0
0 44455 11 0
0 44455 12 0
0 44455 13 0
0 44455 14 0
0 65495 15 0
0 65495 0 0
0 65495 1 0
0 65495 2 0
0 65495 3 0
0 65495 4 0
0 47824 5 0
0 47824 6 0
0 47824 7 0
0 47824 8 0
0 47824 9 0
0 47824 10 0
0 13699 11 0
0 13699 12 0
0 13699 13 0
0 13699 14 0
0 13699 15 0
0 13699 0 0
0 9636 1 0
0 9636 2 0
0 9636 3 0
0 9636 4 0
0 9636 5 0
0 9636 6 0
0 28031 7 0
0 28031 8 0
0 28031 9 0
0 28031 10 0
0 28031 11 0
0 28031 12 0
0 22370 13 0
0 22370 14 0
0 22370 15 0
