0 0 0 0
0 0 1 0
0 0 2 0
0 0 3 0
0 0 4 0
0 26743 5 0
0 26743 6 0
0 26743 7 0
0 26743 8 0
0 26743 9 0
0 26743 10 0
0 54989 11 0
0 54989 12 0
0 54989 13 0
0 54989 14 0
0 54989 15 0
0 54989 0 0
0 43030 1 0
0 43030 2 0
0 43030 3 0
0 43030 4 0
0 43030 5 0
0 43030 6 0
0 19863 7 0
0 19863 8 0
0 19863 9 0
0 19863 10 0
0 19863 11 0
0 19863 12 0
0 4869 13 0
0 4869 14 0
0 4869 15 0
0 4869 0 0
0 4869 1 0
0 4869 2 0
0 1740 3 0
0 1740 4 0
0 1740 5 0
0 1740 6 0
0 1740 7 0
0 1740 8 0
0 3785 9 0
0 3785 10 0
0 3785 11 0
0 3785 12 0
0 3785 13 0
0 3785 14 0
0 961 15 0
0 961 0 0
0 961 1 0
0 961 2 0
0 961 3 0
0 961 4 0
0 50305 5 0
0 50305 6 0
0 50305 7 0
0 50305 8 0
0 50305 9 0
0 50305 10 0
0 57135 11 0
0 57135 12 0
0 57135 13 0
0 57135 14 0
0 57135 15 0
0 57135 0 0
0 31247 1 0
0 31247 2 0
0 31247 3 0
0 31247 4 0
0 31247 5 0
0 31247 6 0
0 58499 7 0
0 58499 8 0
0 58499 9 0
0 58499 10 0
0 58499 11 0
0 58499 12 0
0 12239 13 0
0 12239 14 0
0 12239 15 0
0 12239 0 0
0 12239 1 0
0 12239 2 0
0 3680 3 0
0 3680 4 0
0 3680 5 0
0 3680 6 0
0 3680 7 0
0 3680 8 0
0 55109 9 0
0 55109 10 0
0 55109 11 0
0 55109 12 0
0 55109 13 0
0 55109 14 0
0 21604 15 0
0 21604 0 0
0 21604 1 0
0 21604 2 0
0 21604 3 0
0 21604 4 0
0 57381 5 0
0 57381 6 0
0 57381 7 0
0 57381 8 0
0 57381 9 0
0 57381 10 0
0 48406 11 0
0 48406 12 0
0 48406 13 0
0 48406 14 0
0 48406 15 0
0 48406 0 0
0 37701 1 0
0 37701 2 0
0 37701 3 0
0 37701 4 0
0 37701 5 0
0 37701 6 0
0 60240 7 0
0 60240 8 0
0 60240 9 0
0 60240 10 0
0 60240 11 0
0 60240 12 0
0 33485 13 0
0 33485 14 0
0 33485 15 0
0 33485 0 0
0 33485 1 0
0 33485 2 0
0 55460 3 0
0 55460 4 0
0 55460 5 0
0 55460 6 0
0 55460 7 0
0 55460 8 0
0 1392 9 0
0 1392 10 0
0 1392 11 0
0 1392 12 0
0 1392 13 0
0 1392 14 0
0 11732 15 0
0 11732 0 0
0 11732 1 0
0 11732 2 0
0 11732 3 0
0 11732 4 0
0 41660 5 0
0 41660 6 0
0 41660 7 0
0 41660 8 0
0 41660 9 0
0 41660 10 0
0 61625 11 0
0 61625 12 0
0 61625 13 0
0 61625 14 0
0 61625 15 0
0 61625 0 0
0 20139 1 0
0 20139 2 0
0 20139 3 0
0 20139 4 0
0 20139 5 0
0 20139 6 0
0 53255 7 0
0 53255 8 0
0 53255 9 0
0 53255 10 0
0 53255 11 0
0 53255 12 0
0 63872 13 0
0 63872 14 0
0 63872 15 0
0 63872 0 0
0 63872 1 0
0 63872 2 0
0 16043 3 0
0 16043 4 0
0 16043 5 0
0 16043 6 0
0 16043 7 0
0 16043 8 0
0 16047 9 0
0 16047 10 0
0 16047 11 0
0 16047 12 0
0 16047 13 0
0 16047 14 0
0 27454 15 0
0 27454 0 0
0 27454 1 0
0 27454 2 0
0 27454 3 0
0 27454 4 0
0 15783 5 0
0 15783 6 0
0 15783 7 0
0 15783 8 0
0 15783 9 0
0 15783 10 0
0 2142 11 0
0 2142 12 0
0 2142 13 0
0 2142 14 0
0 2142 15 0
0 2142 0 0
0 14841 1 0
0 14841 2 0
0 14841 3 0
0 14841 4 0
0 14841 5 0
0 14841 6 0
0 19993 7 0
0 19993 8 0
0 19993 9 0
0 19993 10 0
0 19993 11 0
0 19993 12 0
0 13805 13 0
0 13805 14 0
0 13805 15 0
0 13805 0 0
0 13805 1 0
0 13805 2 0
0 5038 3 0
0 5038 4 0
0 5038 5 0
0 5038 6 0
0 5038 7 0
0 5038 8 0
0 31705 9 0
0 31705 10 0
0 31705 11 0
0 31705 12 0
0 31705 13 0
0 31705 14 0
0 15231 15 0
0 15231 0 0
0 15231 1 0
0 15231 2 0
0 15231 3 0
0 15231 4 0
0 14615 5 0
0 14615 6 0
0 14615 7 0
0 14615 8 0
0 14615 9 0
0 14615 10 0
0 11453 11 0
0 11453 12 0
0 11453 13 0
0 11453 14 0
0 11453 15 0
0 11453 0 0
0 18281 1 0
0 18281 2 0
0 18281 3 0
0 18281 4 0
0 18281 5 0
0 18281 6 0
0 11308 7 0
0 11308 8 0
0 11308 9 0
0 11308 10 0
0 11308 11 0
0 11308 12 0
0 24996 13 0
0 24996 14 0
0 24996 15 0
0 24996 0 0
0 24996 1 0
0 24996 2 0
0 40854 3 0
0 40854 4 0
0 40854 5 0
0 40854 6 0
0 40854 7 0
0 40854 8 0
0 64991 9 0
0 64991 10 0
0 64991 11 0
0 64991 12 0
0 64991 13 0
0 64991 14 0
0 22936 15 0
0 22936 0 0
0 22936 1 0
0 22936 2 0
0 22936 3 0
0 22936 4 0
0 34965 5 0
0 34965 6 0
0 34965 7 0
0 34965 8 0
0 34965 9 0
0 34965 10 0
0 24468 11 0
0 24468 12 0
0 24468 13 0
0 24468 14 0
0 24468 15 0
0 24468 0 0
0 25901 1 0
0 25901 2 0
0 25901 3 0
0 25901 4 0
0 25901 5 0
0 25901 6 0
0 2071 7 0
0 2071 8 0
0 2071 9 0
0 2071 10 0
0 2071 11 0
0 2071 12 0
0 43468 13 0
0 43468 14 0
0 43468 15 0
0 43468 0 0
0 43468 1 0
0 43468 2 0
0 26159 3 0
0 26159 4 0
0 26159 5 0
0 26159 6 0
0 26159 7 0
0 26159 8 0
0 60570 9 0
0 60570 10 0
0 60570 11 0
0 60570 12 0
0 60570 13 0
0 60570 14 0
0 46511 15 0
0 46511 0 0
0 46511 1 0
0 46511 2 0
0 46511 3 0
0 46511 4 0
0 8615 5 0
0 8615 6 0
0 8615 7 0
0 8615 8 0
0 8615 9 0
0 8615 10 0
0 62241 11 0
0 62241 12 0
0 62241 13 0
0 62241 14 0
0 62241 15 0
0 62241 0 0
0 59840 1 0
0 59840 2 0
0 59840 3 0
0 59840 4 0
0 59840 5 0
0 59840 6 0
0 47677 7 0
0 47677 8 0
0 47677 9 0
0 47677 10 0
0 47677 11 0
0 47677 12 0
0 4495 13 0
0 4495 14 0
0 4495 15 0
0 4495 0 0
0 4495 1 0
0 4495 2 0
0 25453 3 0
0 25453 4 0
0 25453 5 0
0 25453 6 0
0 25453 7 0
0 25453 8 0
0 9271 9 0
0 9271 10 0
0 9271 11 0
0 9271 12 0
0 9271 13 0
0 9271 14 0
0 27791 15 0
0 27791 0 0
0 27791 1 0
0 27791 2 0
0 27791 3 0
0 27791 4 0
0 62465 5 0
0 62465 6 0
0 62465 7 0
0 62465 8 0
0 62465 9 0
0 62465 10 0
0 20690 11 0
0 20690 12 0
0 20690 13 0
0 20690 14 0
0 20690 15 0
0 20690 0 0
0 15012 1 0
0 15012 2 0
0 15012 3 0
0 15012 4 0
0 15012 5 0
0 15012 6 0
0 58710 7 0
0 58710 8 0
0 58710 9 0
0 58710 10 0
0 58710 11 0
0 58710 12 0
0 3293 13 0
0 3293 14 0
0 3293 15 0
0 3293 0 0
0 3293 1 0
0 3293 2 0
0 1611 3 0
0 1611 4 0
0 1611 5 0
0 1611 6 0
0 1611 7 0
0 1611 8 0
0 14673 9 0
0 14673 10 0
0 14673 11 0
0 14673 12 0
0 14673 13 0
0 14673 14 0
0 27065 15 0
0 27065 0 0
0 27065 1 0
0 27065 2 0
0 27065 3 0
0 27065 4 0
0 12127 5 0
0 12127 6 0
0 12127 7 0
0 12127 8 0
0 12127 9 0
0 12127 10 0
0 51926 11 0
0 51926 12 0
0 51926 13 0
0 51926 14 0
0 51926 15 0
0 51926 0 0
0 3955 1 0
0 3955 2 0
0 3955 3 0
0 3955 4 0
0 3955 5 0
0 3955 6 0
0 18447 7 0
0 18447 8 0
0 18447 9 0
0 18447 10 0
0 18447 11 0
0 18447 12 0
0 48664 13 0
0 48664 14 0
0 48664 15 0
0 48664 0 0
0 48664 1 0
0 48664 2 0
0 38344 3 0
0 38344 4 0
0 38344 5 0
0 38344 6 0
0 38344 7 0
0 38344 8 0
0 32182 9 0
0 32182 10 0
0 32182 11 0
0 32182 12 0
0 32182 13 0
0 32182 14 0
0 4890 15 0
0 4890 0 0
0 4890 1 0
0 4890 2 0
0 4890 3 0
0 4890 4 0
0 15653 5 0
0 15653 6 0
0 15653 7 0
0 15653 8 0
0 15653 9 0
0 15653 10 0
0 42359 11 0
0 42359 12 0
0 42359 13 0
0 42359 14 0
0 42359 15 0
0 42359 0 0
0 30029 1 0
0 30029 2 0
0 30029 3 0
0 30029 4 0
0 30029 5 0
0 30029 6 0
0 27099 7 0
0 27099 8 0
0 27099 9 0
0 27099 10 0
0 27099 11 0
0 27099 12 0
0 34080 13 0
0 34080 14 0
0 34080 15 0
0 34080 0 0
0 34080 1 0
0 34080 2 0
0 51201 3 0
0 51201 4 0
0 51201 5 0
0 51201 6 0
0 51201 7 0
0 51201 8 0
0 45981 9 0
0 45981 10 0
0 45981 11 0
0 45981 12 0
0 45981 13 0
0 45981 14 0
0 29290 15 0
0 29290 0 0
0 29290 1 0
0 29290 2 0
0 29290 3 0
0 29290 4 0
0 29334 5 0
0 29334 6 0
0 29334 7 0
0 29334 8 0
0 29334 9 0
0 29334 10 0
0 15567 11 0
0 15567 12 0
0 15567 13 0
0 15567 14 0
0 15567 15 0
0 15567 0 0
0 20319 1 0
0 20319 2 0
0 20319 3 0
0 20319 4 0
0 20319 5 0
0 20319 6 0
0 38545 7 0
0 38545 8 0
0 38545 9 0
0 38545 10 0
0 38545 11 0
0 38545 12 0
0 59183 13 0
0 59183 14 0
0 59183 15 0
0 59183 0 0
0 59183 1 0
0 59183 2 0
0 47051 3 0
0 47051 4 0
0 47051 5 0
0 47051 6 0
0 47051 7 0
0 47051 8 0
0 48588 9 0
0 48588 10 0
0 48588 11 0
0 48588 12 0
0 48588 13 0
0 48588 14 0
0 59172 15 0
0 59172 0 0
0 59172 1 0
0 59172 2 0
0 59172 3 0
0 59172 4 0
0 30449 5 0
0 30449 6 0
0 30449 7 0
0 30449 8 0
0 30449 9 0
0 30449 10 0
0 47644 11 0
0 47644 12 0
0 47644 13 0
0 47644 14 0
0 47644 15 0
0 47644 0 0
0 44234 1 0
0 44234 2 0
0 44234 3 0
0 44234 4 0
0 44234 5 0
0 44234 6 0
0 49209 7 0
0 49209 8 0
0 49209 9 0
0 49209 10 0
0 49209 11 0
0 49209 12 0
0 1906 13 0
0 1906 14 0
0 1906 15 0
0 1906 0 0
0 1906 1 0
0 1906 2 0
0 19801 3 0
0 19801 4 0
0 19801 5 0
0 19801 6 0
0 19801 7 0
0 19801 8 0
0 49452 9 0
0 49452 10 0
0 49452 11 0
0 49452 12 0
0 49452 13 0
0 49452 14 0
0 60919 15 0
0 60919 0 0
0 60919 1 0
0 60919 2 0
0 60919 3 0
0 60919 4 0
0 47494 5 0
0 47494 6 0
0 47494 7 0
0 47494 8 0
0 47494 9 0
0 47494 10 0
0 61443 11 0
0 61443 12 0
0 61443 13 0
0 61443 14 0
0 61443 15 0
0 61443 0 0
0 37202 1 0
0 37202 2 0
0 37202 3 0
0 37202 4 0
0 37202 5 0
0 37202 6 0
0 11821 7 0
0 11821 8 0
0 11821 9 0
0 11821 10 0
0 11821 11 0
0 11821 12 0
0 13835 13 0
0 13835 14 0
0 13835 15 0
0 13835 0 0
0 13835 1 0
0 13835 2 0
0 46970 3 0
0 46970 4 0
0 46970 5 0
0 46970 6 0
0 46970 7 0
0 46970 8 0
0 23484 9 0
0 23484 10 0
0 23484 11 0
0 23484 12 0
0 23484 13 0
0 23484 14 0
0 7210 15 0
0 7210 0 0
0 7210 1 0
0 7210 2 0
0 7210 3 0
0 7210 4 0
0 46964 5 0
0 46964 6 0
0 46964 7 0
0 46964 8 0
0 46964 9 0
0 46964 10 0
0 54873 11 0
0 54873 12 0
0 54873 13 0
0 54873 14 0
0 54873 15 0
0 54873 0 0
0 45937 1 0
0 45937 2 0
0 45937 3 0
0 45937 4 0
0 45937 5 0
0 45937 6 0
0 17693 7 0
0 17693 8 0
0 17693 9 0
0 17693 10 0
0 17693 11 0
0 17693 12 0
0 32231 13 0
0 32231 14 0
0 32231 15 0
0 32231 0 0
0 32231 1 0
0 32231 2 0
0 2722 3 0
0 2722 4 0
0 2722 5 0
0 2722 6 0
0 2722 7 0
0 2722 8 0
0 62802 9 0
0 62802 10 0
0 62802 11 0
0 62802 12 0
0 62802 13 0
0 62802 14 0
0 17284 15 0
0 17284 0 0
0 17284 1 0
0 17284 2 0
0 17284 3 0
0 17284 4 0
0 56717 5 0
0 56717 6 0
0 56717 7 0
0 56717 8 0
0 56717 9 0
0 56717 10 0
0 31463 11 0
0 31463 12 0
0 31463 13 0
0 31463 14 0
0 31463 15 0
0 31463 0 0
0 35590 1 0
0 35590 2 0
0 35590 3 0
0 35590 4 0
0 35590 5 0
0 35590 6 0
0 20188 7 0
0 20188 8 0
0 20188 9 0
0 20188 10 0
0 20188 11 0
0 20188 12 0
0 6277 13 0
0 6277 14 0
0 6277 15 0
0 6277 0 0
0 6277 1 0
0 6277 2 0
0 62181 3 0
0 62181 4 0
0 62181 5 0
0 62181 6 0
0 62181 7 0
0 62181 8 0
0 62414 9 0
0 62414 10 0
0 62414 11 0
0 62414 12 0
0 62414 13 0
0 62414 14 0
0 6556 15 0
0 6556 0 0
0 6556 1 0
0 6556 2 0
0 6556 3 0
0 6556 4 0
0 52635 5 0
0 52635 6 0
0 52635 7 0
0 52635 8 0
0 52635 9 0
0 52635 10 0
0 19031 11 0
0 19031 12 0
0 19031 13 0
0 19031 14 0
0 19031 15 0
0 19031 0 0
0 55954 1 0
0 55954 2 0
0 55954 3 0
0 55954 4 0
0 55954 5 0
0 55954 6 0
0 15547 7 0
0 15547 8 0
0 15547 9 0
0 15547 10 0
0 15547 11 0
0 15547 12 0
0 6999 13 0
0 6999 14 0
0 6999 15 0
0 6999 0 0
0 6999 1 0
0 6999 2 0
0 1484 3 0
0 1484 4 0
0 1484 5 0
0 1484 6 0
0 1484 7 0
0 1484 8 0
0 10106 9 0
0 10106 10 0
0 10106 11 0
0 10106 12 0
0 10106 13 0
0 10106 14 0
0 26430 15 0
0 26430 0 0
0 26430 1 0
0 26430 2 0
0 26430 3 0
0 26430 4 0
0 17361 5 0
0 17361 6 0
0 17361 7 0
0 17361 8 0
0 17361 9 0
0 17361 10 0
0 43320 11 0
0 43320 12 0
0 43320 13 0
0 43320 14 0
0 43320 15 0
0 43320 0 0
0 36413 1 0
0 36413 2 0
0 36413 3 0
0 36413 4 0
0 36413 5 0
0 36413 6 0
0 59292 7 0
0 59292 8 0
0 59292 9 0
0 59292 10 0
0 59292 11 0
0 59292 12 0
0 19165 13 0
0 19165 14 0
0 19165 15 0
0 19165 0 0
0 19165 1 0
0 19165 2 0
0 38341 3 0
0 38341 4 0
0 38341 5 0
0 38341 6 0
0 38341 7 0
0 38341 8 0
0 43425 9 0
0 43425 10 0
0 43425 11 0
0 43425 12 0
0 43425 13 0
0 43425 14 0
0 44414 15 0
0 44414 0 0
0 44414 1 0
0 44414 2 0
0 44414 3 0
0 44414 4 0
0 27759 5 0
0 27759 6 0
0 27759 7 0
0 27759 8 0
0 27759 9 0
0 27759 10 0
0 35840 11 0
0 35840 12 0
0 35840 13 0
0 35840 14 0
0 35840 15 0
0 35840 0 0
0 45736 1 0
0 45736 2 0
0 45736 3 0
0 45736 4 0
0 45736 5 0
0 45736 6 0
0 11974 7 0
0 11974 8 0
0 11974 9 0
0 11974 10 0
0 11974 11 0
0 11974 12 0
0 4794 13 0
0 4794 14 0
0 4794 15 0
0 4794 0 0
0 4794 1 0
0 4794 2 0
0 52027 3 0
0 52027 4 0
0 52027 5 0
0 52027 6 0
0 52027 7 0
0 52027 8 0
0 62360 9 0
0 62360 10 0
0 62360 11 0
0 62360 12 0
0 62360 13 0
0 62360 14 0
0 60173 15 0
0 60173 0 0
0 60173 1 0
0 60173 2 0
0 60173 3 0
0 60173 4 0
0 26047 5 0
0 26047 6 0
0 26047 7 0
0 26047 8 0
0 26047 9 0
0 26047 10 0
0 9749 11 0
0 9749 12 0
0 9749 13 0
0 9749 14 0
0 9749 15 0
0 9749 0 0
0 62472 1 0
0 62472 2 0
0 62472 3 0
0 62472 4 0
0 62472 5 0
0 62472 6 0
0 15993 7 0
0 15993 8 0
0 15993 9 0
0 15993 10 0
0 15993 11 0
0 15993 12 0
0 34306 13 0
0 34306 14 0
0 34306 15 0
0 34306 0 0
0 34306 1 0
0 34306 2 0
0 61011 3 0
0 61011 4 0
0 61011 5 0
0 61011 6 0
0 61011 7 0
0 61011 8 0
0 32493 9 0
0 32493 10 0
0 32493 11 0
0 32493 12 0
0 32493 13 0
0 32493 14 0
0 55671 15 0
0 55671 0 0
0 55671 1 0
0 55671 2 0
0 55671 3 0
0 55671 4 0
0 47750 5 0
0 47750 6 0
0 47750 7 0
0 47750 8 0
0 47750 9 0
0 47750 10 0
0 52941 11 0
0 52941 12 0
0 52941 13 0
0 52941 14 0
0 52941 15 0
0 52941 0 0
0 36257 1 0
0 36257 2 0
0 36257 3 0
0 36257 4 0
0 36257 5 0
0 36257 6 0
0 5584 7 0
0 5584 8 0
0 5584 9 0
0 5584 10 0
0 5584 11 0
0 5584 12 0
0 16040 13 0
0 16040 14 0
0 16040 15 0
0 16040 0 0
0 16040 1 0
0 16040 2 0
0 43087 3 0
0 43087 4 0
0 43087 5 0
0 43087 6 0
0 43087 7 0
0 43087 8 0
0 16411 9 0
0 16411 10 0
0 16411 11 0
0 16411 12 0
0 16411 13 0
0 16411 14 0
0 22944 15 0
0 22944 0 0
0 22944 1 0
0 22944 2 0
0 22944 3 0
0 22944 4 0
0 7638 5 0
0 7638 6 0
0 7638 7 0
0 7638 8 0
0 7638 9 0
0 7638 10 0
0 10088 11 0
0 10088 12 0
0 10088 13 0
0 10088 14 0
0 10088 15 0
0 10088 0 0
0 30814 1 0
0 30814 2 0
0 30814 3 0
0 30814 4 0
0 30814 5 0
0 30814 6 0
0 30064 7 0
0 30064 8 0
0 30064 9 0
0 30064 10 0
0 30064 11 0
0 30064 12 0
0 61663 13 0
0 61663 14 0
0 61663 15 0
0 61663 0 0
0 61663 1 0
0 61663 2 0
0 63753 3 0
0 63753 4 0
0 63753 5 0
0 63753 6 0
0 63753 7 0
0 63753 8 0
0 13104 9 0
0 13104 10 0
0 13104 11 0
0 13104 12 0
0 13104 13 0
0 13104 14 0
0 46377 15 0
0 46377 0 0
0 46377 1 0
0 46377 2 0
0 46377 3 0
0 46377 4 0
0 12931 5 0
0 12931 6 0
0 12931 7 0
0 12931 8 0
0 12931 9 0
0 12931 10 0
0 43487 11 0
0 43487 12 0
0 43487 13 0
0 43487 14 0
0 43487 15 0
0 43487 0 0
0 26184 1 0
0 26184 2 0
0 26184 3 0
0 26184 4 0
0 26184 5 0
0 26184 6 0
0 58961 7 0
0 58961 8 0
0 58961 9 0
0 58961 10 0
0 58961 11 0
0 58961 12 0
0 11787 13 0
0 11787 14 0
0 11787 15 0
0 11787 0 0
0 11787 1 0
0 11787 2 0
0 11800 3 0
0 11800 4 0
0 11800 5 0
0 11800 6 0
0 11800 7 0
0 11800 8 0
0 15829 9 0
0 15829 10 0
0 15829 11 0
0 15829 12 0
0 15829 13 0
0 15829 14 0
0 62854 15 0
0 62854 0 0
0 62854 1 0
0 62854 2 0
0 62854 3 0
0 62854 4 0
0 19145 5 0
0 19145 6 0
0 19145 7 0
0 19145 8 0
0 19145 9 0
0 19145 10 0
0 61688 11 0
0 61688 12 0
0 61688 13 0
0 61688 14 0
0 61688 15 0
0 61688 0 0
0 38679 1 0
0 38679 2 0
0 38679 3 0
0 38679 4 0
0 38679 5 0
0 38679 6 0
0 11589 7 0
0 11589 8 0
0 11589 9 0
0 11589 10 0
0 11589 11 0
0 11589 12 0
0 59139 13 0
0 59139 14 0
0 59139 15 0
0 59139 0 0
0 59139 1 0
0 59139 2 0
0 17384 3 0
0 17384 4 0
0 17384 5 0
0 17384 6 0
0 17384 7 0
0 17384 8 0
0 34123 9 0
0 34123 10 0
0 34123 11 0
0 34123 12 0
0 34123 13 0
0 34123 14 0
0 17189 15 0
0 17189 0 0
0 17189 1 0
0 17189 2 0
0 17189 3 0
0 17189 4 0
0 24889 5 0
0 24889 6 0
0 24889 7 0
0 24889 8 0
0 24889 9 0
0 24889 10 0
0 9660 11 0
0 9660 12 0
0 9660 13 0
0 9660 14 0
0 9660 15 0
0 9660 0 0
0 5454 1 0
0 5454 2 0
0 5454 3 0
0 5454 4 0
0 5454 5 0
0 5454 6 0
0 5034 7 0
0 5034 8 0
0 5034 9 0
0 5034 10 0
0 5034 11 0
0 5034 12 0
0 40573 13 0
0 40573 14 0
0 40573 15 0
0 40573 0 0
0 40573 1 0
0 40573 2 0
0 36584 3 0
0 36584 4 0
0 36584 5 0
0 36584 6 0
0 36584 7 0
0 36584 8 0
0 63095 9 0
0 63095 10 0
0 63095 11 0
0 63095 12 0
0 63095 13 0
0 63095 14 0
0 30795 15 0
0 30795 0 0
0 30795 1 0
0 30795 2 0
0 30795 3 0
0 30795 4 0
0 59584 5 0
0 59584 6 0
0 59584 7 0
0 59584 8 0
0 59584 9 0
0 59584 10 0
0 26466 11 0
0 26466 12 0
0 26466 13 0
0 26466 14 0
0 26466 15 0
0 26466 0 0
0 47818 1 0
0 47818 2 0
0 47818 3 0
0 47818 4 0
0 47818 5 0
0 47818 6 0
0 49747 7 0
0 49747 8 0
0 49747 9 0
0 49747 10 0
0 49747 11 0
0 49747 12 0
0 28048 13 0
0 28048 14 0
0 28048 15 0
0 28048 0 0
0 28048 1 0
0 28048 2 0
0 55869 3 0
0 55869 4 0
0 55869 5 0
0 55869 6 0
0 55869 7 0
0 55869 8 0
0 18158 9 0
0 18158 10 0
0 18158 11 0
0 18158 12 0
0 18158 13 0
0 18158 14 0
0 9515 15 0
0 9515 0 0
0 9515 1 0
0 9515 2 0
0 9515 3 0
0 9515 4 0
0 30440 5 0
0 30440 6 0
0 30440 7 0
0 30440 8 0
0 30440 9 0
0 30440 10 0
0 55803 11 0
0 55803 12 0
0 55803 13 0
0 55803 14 0
0 55803 15 0
0 55803 0 0
0 39853 1 0
0 39853 2 0
0 39853 3 0
0 39853 4 0
0 39853 5 0
0 39853 6 0
0 27109 7 0
0 27109 8 0
0 27109 9 0
0 27109 10 0
0 27109 11 0
0 27109 12 0
0 38324 13 0
0 38324 14 0
0 38324 15 0
0 38324 0 0
0 38324 1 0
0 38324 2 0
0 19439 3 0
0 19439 4 0
0 19439 5 0
0 19439 6 0
0 19439 7 0
0 19439 8 0
0 20714 9 0
0 20714 10 0
0 20714 11 0
0 20714 12 0
0 20714 13 0
0 20714 14 0
0 35989 15 0
0 35989 0 0
0 35989 1 0
0 35989 2 0
0 35989 3 0
0 35989 4 0
0 46861 5 0
0 46861 6 0
0 46861 7 0
0 46861 8 0
0 46861 9 0
0 46861 10 0
0 14015 11 0
0 14015 12 0
0 14015 13 0
0 14015 14 0
0 14015 15 0
0 14015 0 0
0 18871 1 0
0 18871 2 0
0 18871 3 0
0 18871 4 0
0 18871 5 0
0 18871 6 0
0 48133 7 0
0 48133 8 0
0 48133 9 0
0 48133 10 0
0 48133 11 0
0 48133 12 0
0 55126 13 0
0 55126 14 0
0 55126 15 0
0 55126 0 0
0 55126 1 0
0 55126 2 0
0 14717 3 0
0 14717 4 0
0 14717 5 0
0 14717 6 0
0 14717 7 0
0 14717 8 0
0 27039 9 0
0 27039 10 0
0 27039 11 0
0 27039 12 0
0 27039 13 0
0 27039 14 0
0 47601 15 0
0 47601 0 0
0 47601 1 0
0 47601 2 0
0 47601 3 0
0 47601 4 0
0 49536 5 0
0 49536 6 0
0 49536 7 0
0 49536 8 0
0 49536 9 0
0 49536 10 0
0 24454 11 0
0 24454 12 0
0 24454 13 0
0 24454 14 0
0 24454 15 0
0 24454 0 0
0 24352 1 0
0 24352 2 0
0 24352 3 0
0 24352 4 0
0 24352 5 0
0 24352 6 0
0 52237 7 0
0 52237 8 0
0 52237 9 0
0 52237 10 0
0 52237 11 0
0 52237 12 0
0 33710 13 0
0 33710 14 0
0 33710 15 0
0 33710 0 0
0 33710 1 0
0 33710 2 0
0 19520 3 0
0 19520 4 0
0 19520 5 0
0 19520 6 0
0 19520 7 0
0 19520 8 0
0 5661 9 0
0 5661 10 0
0 5661 11 0
0 5661 12 0
0 5661 13 0
0 5661 14 0
0 47289 15 0
0 47289 0 0
0 47289 1 0
0 47289 2 0
0 47289 3 0
0 47289 4 0
0 3099 5 0
0 3099 6 0
0 3099 7 0
0 3099 8 0
0 3099 9 0
0 3099 10 0
0 34099 11 0
0 34099 12 0
0 34099 13 0
0 34099 14 0
0 34099 15 0
0 34099 0 0
0 61725 1 0
0 61725 2 0
0 61725 3 0
0 61725 4 0
0 61725 5 0
0 61725 6 0
0 42095 7 0
0 42095 8 0
0 42095 9 0
0 42095 10 0
0 42095 11 0
0 42095 12 0
0 22450 13 0
0 22450 14 0
0 22450 15 0
0 22450 0 0
0 22450 1 0
0 22450 2 0
0 27780 3 0
0 27780 4 0
0 27780 5 0
0 27780 6 0
0 27780 7 0
0 27780 8 0
0 8900 9 0
0 8900 10 0
0 8900 11 0
0 8900 12 0
0 8900 13 0
0 8900 14 0
0 8006 15 0
0 8006 0 0
0 8006 1 0
0 8006 2 0
0 8006 3 0
0 8006 4 0
0 24590 5 0
0 24590 6 0
0 24590 7 0
0 24590 8 0
0 24590 9 0
0 24590 10 0
0 3079 11 0
0 3079 12 0
0 3079 13 0
0 3079 14 0
0 3079 15 0
0 3079 0 0
0 65349 1 0
0 65349 2 0
0 65349 3 0
0 65349 4 0
0 65349 5 0
0 65349 6 0
0 46774 7 0
0 46774 8 0
0 46774 9 0
0 46774 10 0
0 46774 11 0
0 46774 12 0
0 51521 13 0
0 51521 14 0
0 51521 15 0
0 51521 0 0
0 51521 1 0
0 51521 2 0
0 63456 3 0
0 63456 4 0
0 63456 5 0
0 63456 6 0
0 63456 7 0
0 63456 8 0
0 8567 9 0
0 8567 10 0
0 8567 11 0
0 8567 12 0
0 8567 13 0
0 8567 14 0
0 11715 15 0
0 11715 0 0
0 11715 1 0
0 11715 2 0
0 11715 3 0
0 11715 4 0
0 13606 5 0
0 13606 6 0
0 13606 7 0
0 13606 8 0
0 13606 9 0
0 13606 10 0
0 30818 11 0
0 30818 12 0
0 30818 13 0
0 30818 14 0
0 30818 15 0
0 30818 0 0
0 12558 1 0
0 12558 2 0
0 12558 3 0
0 12558 4 0
0 12558 5 0
0 12558 6 0
0 31209 7 0
0 31209 8 0
0 31209 9 0
0 31209 10 0
0 31209 11 0
0 31209 12 0
0 53391 13 0
0 53391 14 0
0 53391 15 0
0 53391 0 0
0 53391 1 0
0 53391 2 0
0 27937 3 0
0 27937 4 0
0 27937 5 0
0 27937 6 0
0 27937 7 0
0 27937 8 0
0 24867 9 0
0 24867 10 0
0 24867 11 0
0 24867 12 0
0 24867 13 0
0 24867 14 0
0 60603 15 0
0 60603 0 0
0 60603 1 0
0 60603 2 0
0 60603 3 0
0 60603 4 0
0 24877 5 0
0 24877 6 0
0 24877 7 0
0 24877 8 0
0 24877 9 0
0 24877 10 0
0 1071 11 0
0 1071 12 0
0 1071 13 0
0 1071 14 0
0 1071 15 0
0 1071 0 0
0 29980 1 0
0 29980 2 0
0 29980 3 0
0 29980 4 0
0 29980 5 0
0 29980 6 0
0 23729 7 0
0 23729 8 0
0 23729 9 0
0 23729 10 0
0 23729 11 0
0 23729 12 0
0 1650 13 0
0 1650 14 0
0 1650 15 0
0 1650 0 0
0 1650 1 0
0 1650 2 0
0 49981 3 0
0 49981 4 0
0 49981 5 0
0 49981 6 0
0 49981 7 0
0 49981 8 0
0 21463 9 0
0 21463 10 0
0 21463 11 0
0 21463 12 0
0 21463 13 0
0 21463 14 0
0 6973 15 0
0 6973 0 0
0 6973 1 0
0 6973 2 0
0 6973 3 0
0 6973 4 0
0 46464 5 0
0 46464 6 0
0 46464 7 0
0 46464 8 0
0 46464 9 0
0 46464 10 0
0 56411 11 0
0 56411 12 0
0 56411 13 0
0 56411 14 0
0 56411 15 0
0 56411 0 0
0 9135 1 0
0 9135 2 0
0 9135 3 0
0 9135 4 0
0 9135 5 0
0 9135 6 0
0 47386 7 0
0 47386 8 0
0 47386 9 0
0 47386 10 0
0 47386 11 0
0 47386 12 0
0 55632 13 0
0 55632 14 0
0 55632 15 0
0 55632 0 0
0 55632 1 0
0 55632 2 0
0 1799 3 0
0 1799 4 0
0 1799 5 0
0 1799 6 0
0 1799 7 0
0 1799 8 0
0 53705 9 0
0 53705 10 0
0 53705 11 0
0 53705 12 0
0 53705 13 0
0 53705 14 0
0 53353 15 0
0 53353 0 0
0 53353 1 0
0 53353 2 0
0 53353 3 0
0 53353 4 0
0 46070 5 0
0 46070 6 0
0 46070 7 0
0 46070 8 0
0 46070 9 0
0 46070 10 0
0 42423 11 0
0 42423 12 0
0 42423 13 0
0 42423 14 0
0 42423 15 0
0 42423 0 0
0 44028 1 0
0 44028 2 0
0 44028 3 0
0 44028 4 0
0 44028 5 0
0 44028 6 0
0 55686 7 0
0 55686 8 0
0 55686 9 0
0 55686 10 0
0 55686 11 0
0 55686 12 0
0 48863 13 0
0 48863 14 0
0 48863 15 0
0 48863 0 0
0 48863 1 0
0 48863 2 0
0 47066 3 0
0 47066 4 0
0 47066 5 0
0 47066 6 0
0 47066 7 0
0 47066 8 0
0 56546 9 0
0 56546 10 0
0 56546 11 0
0 56546 12 0
0 56546 13 0
0 56546 14 0
0 44634 15 0
0 44634 0 0
0 44634 1 0
0 44634 2 0
0 44634 3 0
0 44634 4 0
0 16264 5 0
0 16264 6 0
0 16264 7 0
0 16264 8 0
0 16264 9 0
0 16264 10 0
0 16117 11 0
0 16117 12 0
0 16117 13 0
0 16117 14 0
0 16117 15 0
0 16117 0 0
0 55155 1 0
0 55155 2 0
0 55155 3 0
0 55155 4 0
0 55155 5 0
0 55155 6 0
0 10759 7 0
0 10759 8 0
0 10759 9 0
0 10759 10 0
0 10759 11 0
0 10759 12 0
0 31141 13 0
0 31141 14 0
0 31141 15 0
0 31141 0 0
0 31141 1 0
0 31141 2 0
0 16141 3 0
0 16141 4 0
0 16141 5 0
0 16141 6 0
0 16141 7 0
0 16141 8 0
0 40083 9 0
0 40083 10 0
0 40083 11 0
0 40083 12 0
0 40083 13 0
0 40083 14 0
0 10013 15 0
0 10013 0 0
0 10013 1 0
0 10013 2 0
0 10013 3 0
0 10013 4 0
0 33214 5 0
0 33214 6 0
0 33214 7 0
0 33214 8 0
0 33214 9 0
0 33214 10 0
0 36148 11 0
0 36148 12 0
0 36148 13 0
0 36148 14 0
0 36148 15 0
0 36148 0 0
0 24998 1 0
0 24998 2 0
0 24998 3 0
0 24998 4 0
0 24998 5 0
0 24998 6 0
0 59527 7 0
0 59527 8 0
0 59527 9 0
0 59527 10 0
0 59527 11 0
0 59527 12 0
0 17981 13 0
0 17981 14 0
0 17981 15 0
0 17981 0 0
0 17981 1 0
0 17981 2 0
0 36626 3 0
0 36626 4 0
0 36626 5 0
0 36626 6 0
0 36626 7 0
0 36626 8 0
0 1336 9 0
0 1336 10 0
0 1336 11 0
0 1336 12 0
0 1336 13 0
0 1336 14 0
0 62464 15 0
0 62464 0 0
0 62464 1 0
0 62464 2 0
0 62464 3 0
0 62464 4 0
0 39970 5 0
0 39970 6 0
0 39970 7 0
0 39970 8 0
0 39970 9 0
0 39970 10 0
0 12367 11 0
0 12367 12 0
0 12367 13 0
0 12367 14 0
0 12367 15 0
0 12367 0 0
0 13581 1 0
0 13581 2 0
0 13581 3 0
0 13581 4 0
0 13581 5 0
0 13581 6 0
0 39548 7 0
0 39548 8 0
0 39548 9 0
0 39548 10 0
0 39548 11 0
0 39548 12 0
0 12096 13 0
0 12096 14 0
0 12096 15 0
0 12096 0 0
0 12096 1 0
0 12096 2 0
0 25253 3 0
0 25253 4 0
0 25253 5 0
0 25253 6 0
0 25253 7 0
0 25253 8 0
0 33833 9 0
0 33833 10 0
0 33833 11 0
0 33833 12 0
0 33833 13 0
0 33833 14 0
0 31797 15 0
0 31797 0 0
0 31797 1 0
0 31797 2 0
0 31797 3 0
0 31797 4 0
0 42370 5 0
0 42370 6 0
0 42370 7 0
0 42370 8 0
0 42370 9 0
0 42370 10 0
0 38353 11 0
0 38353 12 0
0 38353 13 0
0 38353 14 0
0 38353 15 0
0 38353 0 0
0 26719 1 0
0 26719 2 0
0 26719 3 0
0 26719 4 0
0 26719 5 0
0 26719 6 0
0 13509 7 0
0 13509 8 0
0 13509 9 0
0 13509 10 0
0 13509 11 0
0 13509 12 0
0 59098 13 0
0 59098 14 0
0 59098 15 0
0 59098 0 0
0 59098 1 0
0 59098 2 0
0 61688 3 0
0 61688 4 0
0 61688 5 0
0 61688 6 0
0 61688 7 0
0 61688 8 0
0 47372 9 0
0 47372 10 0
0 47372 11 0
0 47372 12 0
0 47372 13 0
0 47372 14 0
0 17043 15 0
0 17043 0 0
0 17043 1 0
0 17043 2 0
0 17043 3 0
0 17043 4 0
0 54333 5 0
0 54333 6 0
0 54333 7 0
0 54333 8 0
0 54333 9 0
0 54333 10 0
0 14212 11 0
0 14212 12 0
0 14212 13 0
0 14212 14 0
0 14212 15 0
0 14212 0 0
0 50887 1 0
0 50887 2 0
0 50887 3 0
0 50887 4 0
0 50887 5 0
0 50887 6 0
0 53877 7 0
0 53877 8 0
0 53877 9 0
0 53877 10 0
0 53877 11 0
0 53877 12 0
0 13575 13 0
0 13575 14 0
0 13575 15 0
0 13575 0 0
0 13575 1 0
0 13575 2 0
0 7999 3 0
0 7999 4 0
0 7999 5 0
0 7999 6 0
0 7999 7 0
0 7999 8 0
0 31713 9 0
0 31713 10 0
0 31713 11 0
0 31713 12 0
0 31713 13 0
0 31713 14 0
0 57348 15 0
0 57348 0 0
0 57348 1 0
0 57348 2 0
0 57348 3 0
0 57348 4 0
0 42564 5 0
0 42564 6 0
0 42564 7 0
0 42564 8 0
0 42564 9 0
0 42564 10 0
0 37601 11 0
0 37601 12 0
0 37601 13 0
0 37601 14 0
0 37601 15 0
0 37601 0 0
0 53041 1 0
0 53041 2 0
0 53041 3 0
0 53041 4 0
0 53041 5 0
0 53041 6 0
0 63326 7 0
0 63326 8 0
0 63326 9 0
0 63326 10 0
0 63326 11 0
0 63326 12 0
0 3923 13 0
0 3923 14 0
0 3923 15 0
0 3923 0 0
0 3923 1 0
0 3923 2 0
0 2121 3 0
0 2121 4 0
0 2121 5 0
0 2121 6 0
0 2121 7 0
0 2121 8 0
0 4248 9 0
0 4248 10 0
0 4248 11 0
0 4248 12 0
0 4248 13 0
0 4248 14 0
0 31005 15 0
0 31005 0 0
0 31005 1 0
0 31005 2 0
0 31005 3 0
0 31005 4 0
0 48552 5 0
0 48552 6 0
0 48552 7 0
0 48552 8 0
0 48552 9 0
0 48552 10 0
0 43102 11 0
0 43102 12 0
0 43102 13 0
0 43102 14 0
0 43102 15 0
0 43102 0 0
0 31833 1 0
0 31833 2 0
0 31833 3 0
0 31833 4 0
0 31833 5 0
0 31833 6 0
0 20152 7 0
0 20152 8 0
0 20152 9 0
0 20152 10 0
0 20152 11 0
0 20152 12 0
0 61354 13 0
0 61354 14 0
0 61354 15 0
