0 0 0 0
0 0 1 0
0 0 2 0
0 0 3 0
0 0 4 0
0 25573 5 0
0 25573 6 0
0 25573 7 0
0 25573 8 0
0 25573 9 0
0 25573 10 0
0 48044 11 0
0 48044 12 0
0 48044 13 0
0 48044 14 0
0 48044 15 0
0 48044 0 0
0 39040 1 0
0 39040 2 0
0 39040 3 0
0 39040 4 0
0 39040 5 0
0 39040 6 0
0 38866 7 0
0 38866 8 0
0 38866 9 0
0 38866 10 0
0 38866 11 0
0 38866 12 0
0 60273 13 0
0 60273 14 0
0 60273 15 0
0 60273 0 0
0 60273 1 0
0 60273 2 0
0 64446 3 0
0 64446 4 0
0 64446 5 0
0 64446 6 0
0 64446 7 0
0 64446 8 0
0 5427 9 0
0 5427 10 0
0 5427 11 0
0 5427 12 0
0 5427 13 0
0 5427 14 0
0 44828 15 0
0 44828 0 0
0 44828 1 0
0 44828 2 0
0 44828 3 0
0 44828 4 0
0 36352 5 0
0 36352 6 0
0 36352 7 0
0 36352 8 0
0 36352 9 0
0 36352 10 0
0 38536 11 0
0 38536 12 0
0 38536 13 0
0 38536 14 0
0 38536 15 0
0 38536 0 0
0 56364 1 0
0 56364 2 0
0 56364 3 0
0 56364 4 0
0 56364 5 0
0 56364 6 0
0 65496 7 0
0 65496 8 0
0 65496 9 0
0 65496 10 0
0 65496 11 0
0 65496 12 0
0 2600 13 0
0 2600 14 0
0 2600 15 0
0 2600 0 0
0 2600 1 0
0 2600 2 0
0 36969 3 0
0 36969 4 0
0 36969 5 0
0 36969 6 0
0 36969 7 0
0 36969 8 0
0 55826 9 0
0 55826 10 0
0 55826 11 0
0 55826 12 0
0 55826 13 0
0 55826 14 0
0 2470 15 0
0 2470 0 0
0 2470 1 0
0 2470 2 0
0 2470 3 0
0 2470 4 0
0 25350 5 0
0 25350 6 0
0 25350 7 0
0 25350 8 0
0 25350 9 0
0 25350 10 0
0 10317 11 0
0 10317 12 0
0 10317 13 0
0 10317 14 0
0 10317 15 0
0 10317 0 0
0 31499 1 0
0 31499 2 0
0 31499 3 0
0 31499 4 0
0 31499 5 0
0 31499 6 0
0 37438 7 0
0 37438 8 0
0 37438 9 0
0 37438 10 0
0 37438 11 0
0 37438 12 0
0 29468 13 0
0 29468 14 0
0 29468 15 0
0 29468 0 0
0 29468 1 0
0 29468 2 0
0 3065 3 0
0 3065 4 0
0 3065 5 0
0 3065 6 0
0 3065 7 0
0 3065 8 0
0 54480 9 0
0 54480 10 0
0 54480 11 0
0 54480 12 0
0 54480 13 0
0 54480 14 0
0 11017 15 0
0 11017 0 0
0 11017 1 0
0 11017 2 0
0 11017 3 0
0 11017 4 0
0 29331 5 0
0 29331 6 0
0 29331 7 0
0 29331 8 0
0 29331 9 0
0 29331 10 0
0 10848 11 0
0 10848 12 0
0 10848 13 0
0 10848 14 0
0 10848 15 0
0 10848 0 0
0 34538 1 0
0 34538 2 0
0 34538 3 0
0 34538 4 0
0 34538 5 0
0 34538 6 0
0 12811 7 0
0 12811 8 0
0 12811 9 0
0 12811 10 0
0 12811 11 0
0 12811 12 0
0 50002 13 0
0 50002 14 0
0 50002 15 0
0 50002 0 0
0 50002 1 0
0 50002 2 0
0 49417 3 0
0 49417 4 0
0 49417 5 0
0 49417 6 0
0 49417 7 0
0 49417 8 0
0 16048 9 0
0 16048 10 0
0 16048 11 0
0 16048 12 0
0 16048 13 0
0 16048 14 0
0 58596 15 0
0 58596 0 0
0 58596 1 0
0 58596 2 0
0 58596 3 0
0 58596 4 0
0 11378 5 0
0 11378 6 0
0 11378 7 0
0 11378 8 0
0 11378 9 0
0 11378 10 0
0 1892 11 0
0 1892 12 0
0 1892 13 0
0 1892 14 0
0 1892 15 0
0 1892 0 0
0 35281 1 0
0 35281 2 0
0 35281 3 0
0 35281 4 0
0 35281 5 0
0 35281 6 0
0 21367 7 0
0 21367 8 0
0 21367 9 0
0 21367 10 0
0 21367 11 0
0 21367 12 0
0 46942 13 0
0 46942 14 0
0 46942 15 0
0 46942 0 0
0 46942 1 0
0 46942 2 0
0 65156 3 0
0 65156 4 0
0 65156 5 0
0 65156 6 0
0 65156 7 0
0 65156 8 0
0 30936 9 0
0 30936 10 0
0 30936 11 0
0 30936 12 0
0 30936 13 0
0 30936 14 0
0 27797 15 0
0 27797 0 0
0 27797 1 0
0 27797 2 0
0 27797 3 0
0 27797 4 0
0 38374 5 0
0 38374 6 0
0 38374 7 0
0 38374 8 0
0 38374 9 0
0 38374 10 0
0 46153 11 0
0 46153 12 0
0 46153 13 0
0 46153 14 0
0 46153 15 0
0 46153 0 0
0 25246 1 0
0 25246 2 0
0 25246 3 0
0 25246 4 0
0 25246 5 0
0 25246 6 0
0 19771 7 0
0 19771 8 0
0 19771 9 0
0 19771 10 0
0 19771 11 0
0 19771 12 0
0 19419 13 0
0 19419 14 0
0 19419 15 0
0 19419 0 0
0 19419 1 0
0 19419 2 0
0 65173 3 0
0 65173 4 0
0 65173 5 0
0 65173 6 0
0 65173 7 0
0 65173 8 0
0 27897 9 0
0 27897 10 0
0 27897 11 0
0 27897 12 0
0 27897 13 0
0 27897 14 0
0 64734 15 0
0 64734 0 0
0 64734 1 0
0 64734 2 0
0 64734 3 0
0 64734 4 0
0 24169 5 0
0 24169 6 0
0 24169 7 0
0 24169 8 0
0 24169 9 0
0 24169 10 0
0 20069 11 0
0 20069 12 0
0 20069 13 0
0 20069 14 0
0 20069 15 0
0 20069 0 0
0 42817 1 0
0 42817 2 0
0 42817 3 0
0 42817 4 0
0 42817 5 0
0 42817 6 0
0 35876 7 0
0 35876 8 0
0 35876 9 0
0 35876 10 0
0 35876 11 0
0 35876 12 0
0 2042 13 0
0 2042 14 0
0 2042 15 0
0 2042 0 0
0 2042 1 0
0 2042 2 0
0 20369 3 0
0 20369 4 0
0 20369 5 0
0 20369 6 0
0 20369 7 0
0 20369 8 0
0 34205 9 0
0 34205 10 0
0 34205 11 0
0 34205 12 0
0 34205 13 0
0 34205 14 0
0 9994 15 0
0 9994 0 0
0 9994 1 0
0 9994 2 0
0 9994 3 0
0 9994 4 0
0 57389 5 0
0 57389 6 0
0 57389 7 0
0 57389 8 0
0 57389 9 0
0 57389 10 0
0 31720 11 0
0 31720 12 0
0 31720 13 0
0 31720 14 0
0 31720 15 0
0 31720 0 0
0 55622 1 0
0 55622 2 0
0 55622 3 0
0 55622 4 0
0 55622 5 0
0 55622 6 0
0 31383 7 0
0 31383 8 0
0 31383 9 0
0 31383 10 0
0 31383 11 0
0 31383 12 0
0 58649 13 0
0 58649 14 0
0 58649 15 0
0 58649 0 0
0 58649 1 0
0 58649 2 0
0 7504 3 0
0 7504 4 0
0 7504 5 0
0 7504 6 0
0 7504 7 0
0 7504 8 0
0 48279 9 0
0 48279 10 0
0 48279 11 0
0 48279 12 0
0 48279 13 0
0 48279 14 0
0 13889 15 0
0 13889 0 0
0 13889 1 0
0 13889 2 0
0 13889 3 0
0 13889 4 0
0 55922 5 0
0 55922 6 0
0 55922 7 0
0 55922 8 0
0 55922 9 0
0 55922 10 0
0 36353 11 0
0 36353 12 0
0 36353 13 0
0 36353 14 0
0 36353 15 0
0 36353 0 0
0 8699 1 0
0 8699 2 0
0 8699 3 0
0 8699 4 0
0 8699 5 0
0 8699 6 0
0 65366 7 0
0 65366 8 0
0 65366 9 0
0 65366 10 0
0 65366 11 0
0 65366 12 0
0 45869 13 0
0 45869 14 0
0 45869 15 0
0 45869 0 0
0 45869 1 0
0 45869 2 0
0 24805 3 0
0 24805 4 0
0 24805 5 0
0 24805 6 0
0 24805 7 0
0 24805 8 0
0 11346 9 0
0 11346 10 0
0 11346 11 0
0 11346 12 0
0 11346 13 0
0 11346 14 0
0 24229 15 0
0 24229 0 0
0 24229 1 0
0 24229 2 0
0 24229 3 0
0 24229 4 0
0 8987 5 0
0 8987 6 0
0 8987 7 0
0 8987 8 0
0 8987 9 0
0 8987 10 0
0 4092 11 0
0 4092 12 0
0 4092 13 0
0 4092 14 0
0 4092 15 0
0 4092 0 0
0 56907 1 0
0 56907 2 0
0 56907 3 0
0 56907 4 0
0 56907 5 0
0 56907 6 0
0 16211 7 0
0 16211 8 0
0 16211 9 0
0 16211 10 0
0 16211 11 0
0 16211 12 0
0 44753 13 0
0 44753 14 0
0 44753 15 0
0 44753 0 0
0 44753 1 0
0 44753 2 0
0 42303 3 0
0 42303 4 0
0 42303 5 0
0 42303 6 0
0 42303 7 0
0 42303 8 0
0 14898 9 0
0 14898 10 0
0 14898 11 0
0 14898 12 0
0 14898 13 0
0 14898 14 0
0 20702 15 0
0 20702 0 0
0 20702 1 0
0 20702 2 0
0 20702 3 0
0 20702 4 0
0 43403 5 0
0 43403 6 0
0 43403 7 0
0 43403 8 0
0 43403 9 0
0 43403 10 0
0 39366 11 0
0 39366 12 0
0 39366 13 0
0 39366 14 0
0 39366 15 0
0 39366 0 0
0 14779 1 0
0 14779 2 0
0 14779 3 0
0 14779 4 0
0 14779 5 0
0 14779 6 0
0 17725 7 0
0 17725 8 0
0 17725 9 0
0 17725 10 0
0 17725 11 0
0 17725 12 0
0 45020 13 0
0 45020 14 0
0 45020 15 0
0 45020 0 0
0 45020 1 0
0 45020 2 0
0 54171 3 0
0 54171 4 0
0 54171 5 0
0 54171 6 0
0 54171 7 0
0 54171 8 0
0 24383 9 0
0 24383 10 0
0 24383 11 0
0 24383 12 0
0 24383 13 0
0 24383 14 0
0 19049 15 0
0 19049 0 0
0 19049 1 0
0 19049 2 0
0 19049 3 0
0 19049 4 0
0 5557 5 0
0 5557 6 0
0 5557 7 0
0 5557 8 0
0 5557 9 0
0 5557 10 0
0 44331 11 0
0 44331 12 0
0 44331 13 0
0 44331 14 0
0 44331 15 0
0 44331 0 0
0 40044 1 0
0 40044 2 0
0 40044 3 0
0 40044 4 0
0 40044 5 0
0 40044 6 0
0 26237 7 0
0 26237 8 0
0 26237 9 0
0 26237 10 0
0 26237 11 0
0 26237 12 0
0 32728 13 0
0 32728 14 0
0 32728 15 0
0 32728 0 0
0 32728 1 0
0 32728 2 0
0 37486 3 0
0 37486 4 0
0 37486 5 0
0 37486 6 0
0 37486 7 0
0 37486 8 0
0 57411 9 0
0 57411 10 0
0 57411 11 0
0 57411 12 0
0 57411 13 0
0 57411 14 0
0 673 15 0
0 673 0 0
0 673 1 0
0 673 2 0
0 673 3 0
0 673 4 0
0 33082 5 0
0 33082 6 0
0 33082 7 0
0 33082 8 0
0 33082 9 0
0 33082 10 0
0 15912 11 0
0 15912 12 0
0 15912 13 0
0 15912 14 0
0 15912 15 0
0 15912 0 0
0 1722 1 0
0 1722 2 0
0 1722 3 0
0 1722 4 0
0 1722 5 0
0 1722 6 0
0 27136 7 0
0 27136 8 0
0 27136 9 0
0 27136 10 0
0 27136 11 0
0 27136 12 0
0 24239 13 0
0 24239 14 0
0 24239 15 0
0 24239 0 0
0 24239 1 0
0 24239 2 0
0 53453 3 0
0 53453 4 0
0 53453 5 0
0 53453 6 0
0 53453 7 0
0 53453 8 0
0 3203 9 0
0 3203 10 0
0 3203 11 0
0 3203 12 0
0 3203 13 0
0 3203 14 0
0 17140 15 0
0 17140 0 0
0 17140 1 0
0 17140 2 0
0 17140 3 0
0 17140 4 0
0 59187 5 0
0 59187 6 0
0 59187 7 0
0 59187 8 0
0 59187 9 0
0 59187 10 0
0 53214 11 0
0 53214 12 0
0 53214 13 0
0 53214 14 0
0 53214 15 0
0 53214 0 0
0 58002 1 0
0 58002 2 0
0 58002 3 0
0 58002 4 0
0 58002 5 0
0 58002 6 0
0 60340 7 0
0 60340 8 0
0 60340 9 0
0 60340 10 0
0 60340 11 0
0 60340 12 0
0 41825 13 0
0 41825 14 0
0 41825 15 0
0 41825 0 0
0 41825 1 0
0 41825 2 0
0 57470 3 0
0 57470 4 0
0 57470 5 0
0 57470 6 0
0 57470 7 0
0 57470 8 0
0 63345 9 0
0 63345 10 0
0 63345 11 0
0 63345 12 0
0 63345 13 0
0 63345 14 0
0 11620 15 0
0 11620 0 0
0 11620 1 0
0 11620 2 0
0 11620 3 0
0 11620 4 0
0 35525 5 0
0 35525 6 0
0 35525 7 0
0 35525 8 0
0 35525 9 0
0 35525 10 0
0 8506 11 0
0 8506 12 0
0 8506 13 0
0 8506 14 0
0 8506 15 0
0 8506 0 0
0 56175 1 0
0 56175 2 0
0 56175 3 0
0 56175 4 0
0 56175 5 0
0 56175 6 0
0 25682 7 0
0 25682 8 0
0 25682 9 0
0 25682 10 0
0 25682 11 0
0 25682 12 0
0 10411 13 0
0 10411 14 0
0 10411 15 0
0 10411 0 0
0 10411 1 0
0 10411 2 0
0 10955 3 0
0 10955 4 0
0 10955 5 0
0 10955 6 0
0 10955 7 0
0 10955 8 0
0 45869 9 0
0 45869 10 0
0 45869 11 0
0 45869 12 0
0 45869 13 0
0 45869 14 0
0 11065 15 0
0 11065 0 0
0 11065 1 0
0 11065 2 0
0 11065 3 0
0 11065 4 0
0 50408 5 0
0 50408 6 0
0 50408 7 0
0 50408 8 0
0 50408 9 0
0 50408 10 0
0 51498 11 0
0 51498 12 0
0 51498 13 0
0 51498 14 0
0 51498 15 0
0 51498 0 0
0 54593 1 0
0 54593 2 0
0 54593 3 0
0 54593 4 0
0 54593 5 0
0 54593 6 0
0 24714 7 0
0 24714 8 0
0 24714 9 0
0 24714 10 0
0 24714 11 0
0 24714 12 0
0 45004 13 0
0 45004 14 0
0 45004 15 0
0 45004 0 0
0 45004 1 0
0 45004 2 0
0 64635 3 0
0 64635 4 0
0 64635 5 0
0 64635 6 0
0 64635 7 0
0 64635 8 0
0 5566 9 0
0 5566 10 0
0 5566 11 0
0 5566 12 0
0 5566 13 0
0 5566 14 0
0 41336 15 0
0 41336 0 0
0 41336 1 0
0 41336 2 0
0 41336 3 0
0 41336 4 0
0 17482 5 0
0 17482 6 0
0 17482 7 0
0 17482 8 0
0 17482 9 0
0 17482 10 0
0 40082 11 0
0 40082 12 0
0 40082 13 0
0 40082 14 0
0 40082 15 0
0 40082 0 0
0 38559 1 0
0 38559 2 0
0 38559 3 0
0 38559 4 0
0 38559 5 0
0 38559 6 0
0 1242 7 0
0 1242 8 0
0 1242 9 0
0 1242 10 0
0 1242 11 0
0 1242 12 0
0 17012 13 0
0 17012 14 0
0 17012 15 0
0 17012 0 0
0 17012 1 0
0 17012 2 0
0 7382 3 0
0 7382 4 0
0 7382 5 0
0 7382 6 0
0 7382 7 0
0 7382 8 0
0 21977 9 0
0 21977 10 0
0 21977 11 0
0 21977 12 0
0 21977 13 0
0 21977 14 0
0 36000 15 0
0 36000 0 0
0 36000 1 0
0 36000 2 0
0 36000 3 0
0 36000 4 0
0 42456 5 0
0 42456 6 0
0 42456 7 0
0 42456 8 0
0 42456 9 0
0 42456 10 0
0 52843 11 0
0 52843 12 0
0 52843 13 0
0 52843 14 0
0 52843 15 0
0 52843 0 0
0 32989 1 0
0 32989 2 0
0 32989 3 0
0 32989 4 0
0 32989 5 0
0 32989 6 0
0 52983 7 0
0 52983 8 0
0 52983 9 0
0 52983 10 0
0 52983 11 0
0 52983 12 0
0 29970 13 0
0 29970 14 0
0 29970 15 0
0 29970 0 0
0 29970 1 0
0 29970 2 0
0 25674 3 0
0 25674 4 0
0 25674 5 0
0 25674 6 0
0 25674 7 0
0 25674 8 0
0 43512 9 0
0 43512 10 0
0 43512 11 0
0 43512 12 0
0 43512 13 0
0 43512 14 0
0 63213 15 0
0 63213 0 0
0 63213 1 0
0 63213 2 0
0 63213 3 0
0 63213 4 0
0 42373 5 0
0 42373 6 0
0 42373 7 0
0 42373 8 0
0 42373 9 0
0 42373 10 0
0 23249 11 0
0 23249 12 0
0 23249 13 0
0 23249 14 0
0 23249 15 0
0 23249 0 0
0 3978 1 0
0 3978 2 0
0 3978 3 0
0 3978 4 0
0 3978 5 0
0 3978 6 0
0 35464 7 0
0 35464 8 0
0 35464 9 0
0 35464 10 0
0 35464 11 0
0 35464 12 0
0 19388 13 0
0 19388 14 0
0 19388 15 0
0 19388 0 0
0 19388 1 0
0 19388 2 0
0 35821 3 0
0 35821 4 0
0 35821 5 0
0 35821 6 0
0 35821 7 0
0 35821 8 0
0 29278 9 0
0 29278 10 0
0 29278 11 0
0 29278 12 0
0 29278 13 0
0 29278 14 0
0 53100 15 0
0 53100 0 0
0 53100 1 0
0 53100 2 0
0 53100 3 0
0 53100 4 0
0 16118 5 0
0 16118 6 0
0 16118 7 0
0 16118 8 0
0 16118 9 0
0 16118 10 0
0 55061 11 0
0 55061 12 0
0 55061 13 0
0 55061 14 0
0 55061 15 0
0 55061 0 0
0 60228 1 0
0 60228 2 0
0 60228 3 0
0 60228 4 0
0 60228 5 0
0 60228 6 0
0 57757 7 0
0 57757 8 0
0 57757 9 0
0 57757 10 0
0 57757 11 0
0 57757 12 0
0 53338 13 0
0 53338 14 0
0 53338 15 0
0 53338 0 0
0 53338 1 0
0 53338 2 0
0 54263 3 0
0 54263 4 0
0 54263 5 0
0 54263 6 0
0 54263 7 0
0 54263 8 0
0 11595 9 0
0 11595 10 0
0 11595 11 0
0 11595 12 0
0 11595 13 0
0 11595 14 0
0 1049 15 0
0 1049 0 0
0 1049 1 0
0 1049 2 0
0 1049 3 0
0 1049 4 0
0 27673 5 0
0 27673 6 0
0 27673 7 0
0 27673 8 0
0 27673 9 0
0 27673 10 0
0 40486 11 0
0 40486 12 0
0 40486 13 0
0 40486 14 0
0 40486 15 0
0 40486 0 0
0 737 1 0
0 737 2 0
0 737 3 0
0 737 4 0
0 737 5 0
0 737 6 0
0 30144 7 0
0 30144 8 0
0 30144 9 0
0 30144 10 0
0 30144 11 0
0 30144 12 0
0 17310 13 0
0 17310 14 0
0 17310 15 0
0 17310 0 0
0 17310 1 0
0 17310 2 0
0 23706 3 0
0 23706 4 0
0 23706 5 0
0 23706 6 0
0 23706 7 0
0 23706 8 0
0 49478 9 0
0 49478 10 0
0 49478 11 0
0 49478 12 0
0 49478 13 0
0 49478 14 0
0 22501 15 0
0 22501 0 0
0 22501 1 0
0 22501 2 0
0 22501 3 0
0 22501 4 0
0 26349 5 0
0 26349 6 0
0 26349 7 0
0 26349 8 0
0 26349 9 0
0 26349 10 0
0 55605 11 0
0 55605 12 0
0 55605 13 0
0 55605 14 0
0 55605 15 0
0 55605 0 0
0 5274 1 0
0 5274 2 0
0 5274 3 0
0 5274 4 0
0 5274 5 0
0 5274 6 0
0 23417 7 0
0 23417 8 0
0 23417 9 0
0 23417 10 0
0 23417 11 0
0 23417 12 0
0 2261 13 0
0 2261 14 0
0 2261 15 0
0 2261 0 0
0 2261 1 0
0 2261 2 0
0 4253 3 0
0 4253 4 0
0 4253 5 0
0 4253 6 0
0 4253 7 0
0 4253 8 0
0 17453 9 0
0 17453 10 0
0 17453 11 0
0 17453 12 0
0 17453 13 0
0 17453 14 0
0 36293 15 0
0 36293 0 0
0 36293 1 0
0 36293 2 0
0 36293 3 0
0 36293 4 0
0 36588 5 0
0 36588 6 0
0 36588 7 0
0 36588 8 0
0 36588 9 0
0 36588 10 0
0 35321 11 0
0 35321 12 0
0 35321 13 0
0 35321 14 0
0 35321 15 0
0 35321 0 0
0 53511 1 0
0 53511 2 0
0 53511 3 0
0 53511 4 0
0 53511 5 0
0 53511 6 0
0 26008 7 0
0 26008 8 0
0 26008 9 0
0 26008 10 0
0 26008 11 0
0 26008 12 0
0 10109 13 0
0 10109 14 0
0 10109 15 0
0 10109 0 0
0 10109 1 0
0 10109 2 0
0 10938 3 0
0 10938 4 0
0 10938 5 0
0 10938 6 0
0 10938 7 0
0 10938 8 0
0 2930 9 0
0 2930 10 0
0 2930 11 0
0 2930 12 0
0 2930 13 0
0 2930 14 0
0 39376 15 0
0 39376 0 0
0 39376 1 0
0 39376 2 0
0 39376 3 0
0 39376 4 0
0 28658 5 0
0 28658 6 0
0 28658 7 0
0 28658 8 0
0 28658 9 0
0 28658 10 0
0 2342 11 0
0 2342 12 0
0 2342 13 0
0 2342 14 0
0 2342 15 0
0 2342 0 0
0 42691 1 0
0 42691 2 0
0 42691 3 0
0 42691 4 0
0 42691 5 0
0 42691 6 0
0 8253 7 0
0 8253 8 0
0 8253 9 0
0 8253 10 0
0 8253 11 0
0 8253 12 0
0 42331 13 0
0 42331 14 0
0 42331 15 0
0 42331 0 0
0 42331 1 0
0 42331 2 0
0 29977 3 0
0 29977 4 0
0 29977 5 0
0 29977 6 0
0 29977 7 0
0 29977 8 0
0 9408 9 0
0 9408 10 0
0 9408 11 0
0 9408 12 0
0 9408 13 0
0 9408 14 0
0 58494 15 0
0 58494 0 0
0 58494 1 0
0 58494 2 0
0 58494 3 0
0 58494 4 0
0 63477 5 0
0 63477 6 0
0 63477 7 0
0 63477 8 0
0 63477 9 0
0 63477 10 0
0 62832 11 0
0 62832 12 0
0 62832 13 0
0 62832 14 0
0 62832 15 0
0 62832 0 0
0 57414 1 0
0 57414 2 0
0 57414 3 0
0 57414 4 0
0 57414 5 0
0 57414 6 0
0 60701 7 0
0 60701 8 0
0 60701 9 0
0 60701 10 0
0 60701 11 0
0 60701 12 0
0 31157 13 0
0 31157 14 0
0 31157 15 0
0 31157 0 0
0 31157 1 0
0 31157 2 0
0 14130 3 0
0 14130 4 0
0 14130 5 0
0 14130 6 0
0 14130 7 0
0 14130 8 0
0 6277 9 0
0 6277 10 0
0 6277 11 0
0 6277 12 0
0 6277 13 0
0 6277 14 0
0 5045 15 0
0 5045 0 0
0 5045 1 0
0 5045 2 0
0 5045 3 0
0 5045 4 0
0 7373 5 0
0 7373 6 0
0 7373 7 0
0 7373 8 0
0 7373 9 0
0 7373 10 0
0 55759 11 0
0 55759 12 0
0 55759 13 0
0 55759 14 0
0 55759 15 0
0 55759 0 0
0 53642 1 0
0 53642 2 0
0 53642 3 0
0 53642 4 0
0 53642 5 0
0 53642 6 0
0 62919 7 0
0 62919 8 0
0 62919 9 0
0 62919 10 0
0 62919 11 0
0 62919 12 0
0 27098 13 0
0 27098 14 0
0 27098 15 0
0 27098 0 0
0 27098 1 0
0 27098 2 0
0 3167 3 0
0 3167 4 0
0 3167 5 0
0 3167 6 0
0 3167 7 0
0 3167 8 0
0 42269 9 0
0 42269 10 0
0 42269 11 0
0 42269 12 0
0 42269 13 0
0 42269 14 0
0 580 15 0
0 580 0 0
0 580 1 0
0 580 2 0
0 580 3 0
0 580 4 0
0 57288 5 0
0 57288 6 0
0 57288 7 0
0 57288 8 0
0 57288 9 0
0 57288 10 0
0 27158 11 0
0 27158 12 0
0 27158 13 0
0 27158 14 0
0 27158 15 0
0 27158 0 0
0 64804 1 0
0 64804 2 0
0 64804 3 0
0 64804 4 0
0 64804 5 0
0 64804 6 0
0 11868 7 0
0 11868 8 0
0 11868 9 0
0 11868 10 0
0 11868 11 0
0 11868 12 0
0 13798 13 0
0 13798 14 0
0 13798 15 0
0 13798 0 0
0 13798 1 0
0 13798 2 0
0 36379 3 0
0 36379 4 0
0 36379 5 0
0 36379 6 0
0 36379 7 0
0 36379 8 0
0 53422 9 0
0 53422 10 0
0 53422 11 0
0 53422 12 0
0 53422 13 0
0 53422 14 0
0 16895 15 0
0 16895 0 0
0 16895 1 0
0 16895 2 0
0 16895 3 0
0 16895 4 0
0 37288 5 0
0 37288 6 0
0 37288 7 0
0 37288 8 0
0 37288 9 0
0 37288 10 0
0 24985 11 0
0 24985 12 0
0 24985 13 0
0 24985 14 0
0 24985 15 0
0 24985 0 0
0 4019 1 0
0 4019 2 0
0 4019 3 0
0 4019 4 0
0 4019 5 0
0 4019 6 0
0 23771 7 0
0 23771 8 0
0 23771 9 0
0 23771 10 0
0 23771 11 0
0 23771 12 0
0 56715 13 0
0 56715 14 0
0 56715 15 0
0 56715 0 0
0 56715 1 0
0 56715 2 0
0 28710 3 0
0 28710 4 0
0 28710 5 0
0 28710 6 0
0 28710 7 0
0 28710 8 0
0 49109 9 0
0 49109 10 0
0 49109 11 0
0 49109 12 0
0 49109 13 0
0 49109 14 0
0 7396 15 0
0 7396 0 0
0 7396 1 0
0 7396 2 0
0 7396 3 0
0 7396 4 0
0 18793 5 0
0 18793 6 0
0 18793 7 0
0 18793 8 0
0 18793 9 0
0 18793 10 0
0 52141 11 0
0 52141 12 0
0 52141 13 0
0 52141 14 0
0 52141 15 0
0 52141 0 0
0 59797 1 0
0 59797 2 0
0 59797 3 0
0 59797 4 0
0 59797 5 0
0 59797 6 0
0 51703 7 0
0 51703 8 0
0 51703 9 0
0 51703 10 0
0 51703 11 0
0 51703 12 0
0 13249 13 0
0 13249 14 0
0 13249 15 0
0 13249 0 0
0 13249 1 0
0 13249 2 0
0 50278 3 0
0 50278 4 0
0 50278 5 0
0 50278 6 0
0 50278 7 0
0 50278 8 0
0 39420 9 0
0 39420 10 0
0 39420 11 0
0 39420 12 0
0 39420 13 0
0 39420 14 0
0 7872 15 0
0 7872 0 0
0 7872 1 0
0 7872 2 0
0 7872 3 0
0 7872 4 0
0 35686 5 0
0 35686 6 0
0 35686 7 0
0 35686 8 0
0 35686 9 0
0 35686 10 0
0 30054 11 0
0 30054 12 0
0 30054 13 0
0 30054 14 0
0 30054 15 0
0 30054 0 0
0 18552 1 0
0 18552 2 0
0 18552 3 0
0 18552 4 0
0 18552 5 0
0 18552 6 0
0 49881 7 0
0 49881 8 0
0 49881 9 0
0 49881 10 0
0 49881 11 0
0 49881 12 0
0 22630 13 0
0 22630 14 0
0 22630 15 0
0 22630 0 0
0 22630 1 0
0 22630 2 0
0 42197 3 0
0 42197 4 0
0 42197 5 0
0 42197 6 0
0 42197 7 0
0 42197 8 0
0 28768 9 0
0 28768 10 0
0 28768 11 0
0 28768 12 0
0 28768 13 0
0 28768 14 0
0 8026 15 0
0 8026 0 0
0 8026 1 0
0 8026 2 0
0 8026 3 0
0 8026 4 0
0 47889 5 0
0 47889 6 0
0 47889 7 0
0 47889 8 0
0 47889 9 0
0 47889 10 0
0 52579 11 0
0 52579 12 0
0 52579 13 0
0 52579 14 0
0 52579 15 0
0 52579 0 0
0 54152 1 0
0 54152 2 0
0 54152 3 0
0 54152 4 0
0 54152 5 0
0 54152 6 0
0 3692 7 0
0 3692 8 0
0 3692 9 0
0 3692 10 0
0 3692 11 0
0 3692 12 0
0 31106 13 0
0 31106 14 0
0 31106 15 0
0 31106 0 0
0 31106 1 0
0 31106 2 0
0 9642 3 0
0 9642 4 0
0 9642 5 0
0 9642 6 0
0 9642 7 0
0 9642 8 0
0 48769 9 0
0 48769 10 0
0 48769 11 0
0 48769 12 0
0 48769 13 0
0 48769 14 0
0 21259 15 0
0 21259 0 0
0 21259 1 0
0 21259 2 0
0 21259 3 0
0 21259 4 0
0 64124 5 0
0 64124 6 0
0 64124 7 0
0 64124 8 0
0 64124 9 0
0 64124 10 0
0 13052 11 0
0 13052 12 0
0 13052 13 0
0 13052 14 0
0 13052 15 0
0 13052 0 0
0 12875 1 0
0 12875 2 0
0 12875 3 0
0 12875 4 0
0 12875 5 0
0 12875 6 0
0 62998 7 0
0 62998 8 0
0 62998 9 0
0 62998 10 0
0 62998 11 0
0 62998 12 0
0 47576 13 0
0 47576 14 0
0 47576 15 0
0 47576 0 0
0 47576 1 0
0 47576 2 0
0 61473 3 0
0 61473 4 0
0 61473 5 0
0 61473 6 0
0 61473 7 0
0 61473 8 0
0 2665 9 0
0 2665 10 0
0 2665 11 0
0 2665 12 0
0 2665 13 0
0 2665 14 0
0 21046 15 0
0 21046 0 0
0 21046 1 0
0 21046 2 0
0 21046 3 0
0 21046 4 0
0 23370 5 0
0 23370 6 0
0 23370 7 0
0 23370 8 0
0 23370 9 0
0 23370 10 0
0 57366 11 0
0 57366 12 0
0 57366 13 0
0 57366 14 0
0 57366 15 0
0 57366 0 0
0 27118 1 0
0 27118 2 0
0 27118 3 0
0 27118 4 0
0 27118 5 0
0 27118 6 0
0 65428 7 0
0 65428 8 0
0 65428 9 0
0 65428 10 0
0 65428 11 0
0 65428 12 0
0 17388 13 0
0 17388 14 0
0 17388 15 0
0 17388 0 0
0 17388 1 0
0 17388 2 0
0 55967 3 0
0 55967 4 0
0 55967 5 0
0 55967 6 0
0 55967 7 0
0 55967 8 0
0 39142 9 0
0 39142 10 0
0 39142 11 0
0 39142 12 0
0 39142 13 0
0 39142 14 0
0 8068 15 0
0 8068 0 0
0 8068 1 0
0 8068 2 0
0 8068 3 0
0 8068 4 0
0 61156 5 0
0 61156 6 0
0 61156 7 0
0 61156 8 0
0 61156 9 0
0 61156 10 0
0 21534 11 0
0 21534 12 0
0 21534 13 0
0 21534 14 0
0 21534 15 0
0 21534 0 0
0 24738 1 0
0 24738 2 0
0 24738 3 0
0 24738 4 0
0 24738 5 0
0 24738 6 0
0 63620 7 0
0 63620 8 0
0 63620 9 0
0 63620 10 0
0 63620 11 0
0 63620 12 0
0 9406 13 0
0 9406 14 0
0 9406 15 0
0 9406 0 0
0 9406 1 0
0 9406 2 0
0 17154 3 0
0 17154 4 0
0 17154 5 0
0 17154 6 0
0 17154 7 0
0 17154 8 0
0 50523 9 0
0 50523 10 0
0 50523 11 0
0 50523 12 0
0 50523 13 0
0 50523 14 0
0 14200 15 0
0 14200 0 0
0 14200 1 0
0 14200 2 0
0 14200 3 0
0 14200 4 0
0 29340 5 0
0 29340 6 0
0 29340 7 0
0 29340 8 0
0 29340 9 0
0 29340 10 0
0 53553 11 0
0 53553 12 0
0 53553 13 0
0 53553 14 0
0 53553 15 0
0 53553 0 0
0 64659 1 0
0 64659 2 0
0 64659 3 0
0 64659 4 0
0 64659 5 0
0 64659 6 0
0 39277 7 0
0 39277 8 0
0 39277 9 0
0 39277 10 0
0 39277 11 0
0 39277 12 0
0 39629 13 0
0 39629 14 0
0 39629 15 0
0 39629 0 0
0 39629 1 0
0 39629 2 0
0 15915 3 0
0 15915 4 0
0 15915 5 0
0 15915 6 0
0 15915 7 0
0 15915 8 0
0 9283 9 0
0 9283 10 0
0 9283 11 0
0 9283 12 0
0 9283 13 0
0 9283 14 0
0 57399 15 0
0 57399 0 0
0 57399 1 0
0 57399 2 0
0 57399 3 0
0 57399 4 0
0 55628 5 0
0 55628 6 0
0 55628 7 0
0 55628 8 0
0 55628 9 0
0 55628 10 0
0 49777 11 0
0 49777 12 0
0 49777 13 0
0 49777 14 0
0 49777 15 0
0 49777 0 0
0 24924 1 0
0 24924 2 0
0 24924 3 0
0 24924 4 0
0 24924 5 0
0 24924 6 0
0 18412 7 0
0 18412 8 0
0 18412 9 0
0 18412 10 0
0 18412 11 0
0 18412 12 0
0 45952 13 0
0 45952 14 0
0 45952 15 0
0 45952 0 0
0 45952 1 0
0 45952 2 0
0 9806 3 0
0 9806 4 0
0 9806 5 0
0 9806 6 0
0 9806 7 0
0 9806 8 0
0 2478 9 0
0 2478 10 0
0 2478 11 0
0 2478 12 0
0 2478 13 0
0 2478 14 0
0 34246 15 0
0 34246 0 0
0 34246 1 0
0 34246 2 0
0 34246 3 0
0 34246 4 0
0 29767 5 0
0 29767 6 0
0 29767 7 0
0 29767 8 0
0 29767 9 0
0 29767 10 0
0 41284 11 0
0 41284 12 0
0 41284 13 0
0 41284 14 0
0 41284 15 0
0 41284 0 0
0 11133 1 0
0 11133 2 0
0 11133 3 0
0 11133 4 0
0 11133 5 0
0 11133 6 0
0 19043 7 0
0 19043 8 0
0 19043 9 0
0 19043 10 0
0 19043 11 0
0 19043 12 0
0 28757 13 0
0 28757 14 0
0 28757 15 0
0 28757 0 0
0 28757 1 0
0 28757 2 0
0 53316 3 0
0 53316 4 0
0 53316 5 0
0 53316 6 0
0 53316 7 0
0 53316 8 0
0 7032 9 0
0 7032 10 0
0 7032 11 0
0 7032 12 0
0 7032 13 0
0 7032 14 0
0 36976 15 0
0 36976 0 0
0 36976 1 0
0 36976 2 0
0 36976 3 0
0 36976 4 0
0 1003 5 0
0 1003 6 0
0 1003 7 0
0 1003 8 0
0 1003 9 0
0 1003 10 0
0 9632 11 0
0 9632 12 0
0 9632 13 0
0 9632 14 0
0 9632 15 0
0 9632 0 0
0 55793 1 0
0 55793 2 0
0 55793 3 0
0 55793 4 0
0 55793 5 0
0 55793 6 0
0 8867 7 0
0 8867 8 0
0 8867 9 0
0 8867 10 0
0 8867 11 0
0 8867 12 0
0 49830 13 0
0 49830 14 0
0 49830 15 0
0 49830 0 0
0 49830 1 0
0 49830 2 0
0 5887 3 0
0 5887 4 0
0 5887 5 0
0 5887 6 0
0 5887 7 0
0 5887 8 0
0 8788 9 0
0 8788 10 0
0 8788 11 0
0 8788 12 0
0 8788 13 0
0 8788 14 0
0 15052 15 0
0 15052 0 0
0 15052 1 0
0 15052 2 0
0 15052 3 0
0 15052 4 0
0 25148 5 0
0 25148 6 0
0 25148 7 0
0 25148 8 0
0 25148 9 0
0 25148 10 0
0 8414 11 0
0 8414 12 0
0 8414 13 0
0 8414 14 0
0 8414 15 0
0 8414 0 0
0 54331 1 0
0 54331 2 0
0 54331 3 0
0 54331 4 0
0 54331 5 0
0 54331 6 0
0 5076 7 0
0 5076 8 0
0 5076 9 0
0 5076 10 0
0 5076 11 0
0 5076 12 0
0 52916 13 0
0 52916 14 0
0 52916 15 0
0 52916 0 0
0 52916 1 0
0 52916 2 0
0 41693 3 0
0 41693 4 0
0 41693 5 0
0 41693 6 0
0 41693 7 0
0 41693 8 0
0 51146 9 0
0 51146 10 0
0 51146 11 0
0 51146 12 0
0 51146 13 0
0 51146 14 0
0 527 15 0
0 527 0 0
0 527 1 0
0 527 2 0
0 527 3 0
0 527 4 0
0 64383 5 0
0 64383 6 0
0 64383 7 0
0 64383 8 0
0 64383 9 0
0 64383 10 0
0 39668 11 0
0 39668 12 0
0 39668 13 0
0 39668 14 0
0 39668 15 0
0 39668 0 0
0 48900 1 0
0 48900 2 0
0 48900 3 0
0 48900 4 0
0 48900 5 0
0 48900 6 0
0 61762 7 0
0 61762 8 0
0 61762 9 0
0 61762 10 0
0 61762 11 0
0 61762 12 0
0 7274 13 0
0 7274 14 0
0 7274 15 0
0 7274 0 0
0 7274 1 0
0 7274 2 0
0 32885 3 0
0 32885 4 0
0 32885 5 0
0 32885 6 0
0 32885 7 0
0 32885 8 0
0 472 9 0
0 472 10 0
0 472 11 0
0 472 12 0
0 472 13 0
0 472 14 0
0 38860 15 0
0 38860 0 0
0 38860 1 0
0 38860 2 0
0 38860 3 0
0 38860 4 0
0 37083 5 0
0 37083 6 0
0 37083 7 0
0 37083 8 0
0 37083 9 0
0 37083 10 0
0 32538 11 0
0 32538 12 0
0 32538 13 0
0 32538 14 0
0 32538 15 0
0 32538 0 0
0 23166 1 0
0 23166 2 0
0 23166 3 0
0 23166 4 0
0 23166 5 0
0 23166 6 0
0 39127 7 0
0 39127 8 0
0 39127 9 0
0 39127 10 0
0 39127 11 0
0 39127 12 0
0 28678 13 0
0 28678 14 0
0 28678 15 0
0 28678 0 0
0 28678 1 0
0 28678 2 0
0 12519 3 0
0 12519 4 0
0 12519 5 0
0 12519 6 0
0 12519 7 0
0 12519 8 0
0 24938 9 0
0 24938 10 0
0 24938 11 0
0 24938 12 0
0 24938 13 0
0 24938 14 0
0 30686 15 0
0 30686 0 0
0 30686 1 0
0 30686 2 0
0 30686 3 0
0 30686 4 0
0 58640 5 0
0 58640 6 0
0 58640 7 0
0 58640 8 0
0 58640 9 0
0 58640 10 0
0 54503 11 0
0 54503 12 0
0 54503 13 0
0 54503 14 0
0 54503 15 0
0 54503 0 0
0 15339 1 0
0 15339 2 0
0 15339 3 0
0 15339 4 0
0 15339 5 0
0 15339 6 0
0 998 7 0
0 998 8 0
0 998 9 0
0 998 10 0
0 998 11 0
0 998 12 0
0 17092 13 0
0 17092 14 0
0 17092 15 0
