0 0 0 0
0 0 1 0
0 0 2 0
0 0 3 0
0 0 4 0
0 31804 5 0
0 31804 6 0
0 31804 7 0
0 31804 8 0
0 31804 9 0
0 31804 10 0
0 46315 11 0
0 46315 12 0
0 46315 13 0
0 46315 14 0
0 46315 15 0
0 46315 0 0
0 21305 1 0
0 21305 2 0
0 21305 3 0
0 21305 4 0
0 21305 5 0
0 21305 6 0
0 20061 7 0
0 20061 8 0
0 20061 9 0
0 20061 10 0
0 20061 11 0
0 20061 12 0
0 43340 13 0
0 43340 14 0
0 43340 15 0
0 43340 0 0
0 43340 1 0
0 43340 2 0
0 1191 3 0
0 1191 4 0
0 1191 5 0
0 1191 6 0
0 1191 7 0
0 1191 8 0
0 6718 9 0
0 6718 10 0
0 6718 11 0
0 6718 12 0
0 6718 13 0
0 6718 14 0
0 20469 15 0
0 20469 0 0
0 20469 1 0
0 20469 2 0
0 20469 3 0
0 20469 4 0
0 45164 5 0
0 45164 6 0
0 45164 7 0
0 45164 8 0
0 45164 9 0
0 45164 10 0
0 47604 11 0
0 47604 12 0
0 47604 13 0
0 47604 14 0
0 47604 15 0
0 47604 0 0
0 38166 1 0
0 38166 2 0
0 38166 3 0
0 38166 4 0
0 38166 5 0
0 38166 6 0
0 38459 7 0
0 38459 8 0
0 38459 9 0
0 38459 10 0
0 38459 11 0
0 38459 12 0
0 42336 13 0
0 42336 14 0
0 42336 15 0
0 42336 0 0
0 42336 1 0
0 42336 2 0
0 64862 3 0
0 64862 4 0
0 64862 5 0
0 64862 6 0
0 64862 7 0
0 64862 8 0
0 52908 9 0
0 52908 10 0
0 52908 11 0
0 52908 12 0
0 52908 13 0
0 52908 14 0
0 56492 15 0
0 56492 0 0
0 56492 1 0
0 56492 2 0
0 56492 3 0
0 56492 4 0
0 22286 5 0
0 22286 6 0
0 22286 7 0
0 22286 8 0
0 22286 9 0
0 22286 10 0
0 132 11 0
0 132 12 0
0 132 13 0
0 132 14 0
0 132 15 0
0 132 0 0
0 18449 1 0
0 18449 2 0
0 18449 3 0
0 18449 4 0
0 18449 5 0
0 18449 6 0
0 5714 7 0
0 5714 8 0
0 5714 9 0
0 5714 10 0
0 5714 11 0
0 5714 12 0
0 57919 13 0
0 57919 14 0
0 57919 15 0
0 57919 0 0
0 57919 1 0
0 57919 2 0
0 16495 3 0
0 16495 4 0
0 16495 5 0
0 16495 6 0
0 16495 7 0
0 16495 8 0
0 44740 9 0
0 44740 10 0
0 44740 11 0
0 44740 12 0
0 44740 13 0
0 44740 14 0
0 1221 15 0
0 1221 0 0
0 1221 1 0
0 1221 2 0
0 1221 3 0
0 1221 4 0
0 62968 5 0
0 62968 6 0
0 62968 7 0
0 62968 8 0
0 62968 9 0
0 62968 10 0
0 33764 11 0
0 33764 12 0
0 33764 13 0
0 33764 14 0
0 33764 15 0
0 33764 0 0
0 24596 1 0
0 24596 2 0
0 24596 3 0
0 24596 4 0
0 24596 5 0
0 24596 6 0
0 9207 7 0
0 9207 8 0
0 9207 9 0
0 9207 10 0
0 9207 11 0
0 9207 12 0
0 55558 13 0
0 55558 14 0
0 55558 15 0
0 55558 0 0
0 55558 1 0
0 55558 2 0
0 36530 3 0
0 36530 4 0
0 36530 5 0
0 36530 6 0
0 36530 7 0
0 36530 8 0
0 22784 9 0
0 22784 10 0
0 22784 11 0
0 22784 12 0
0 22784 13 0
0 22784 14 0
0 22263 15 0
0 22263 0 0
0 22263 1 0
0 22263 2 0
0 22263 3 0
0 22263 4 0
0 8295 5 0
0 8295 6 0
0 8295 7 0
0 8295 8 0
0 8295 9 0
0 8295 10 0
0 20630 11 0
0 20630 12 0
0 20630 13 0
0 20630 14 0
0 20630 15 0
0 20630 0 0
0 14424 1 0
0 14424 2 0
0 14424 3 0
0 14424 4 0
0 14424 5 0
0 14424 6 0
0 50423 7 0
0 50423 8 0
0 50423 9 0
0 50423 10 0
0 50423 11 0
0 50423 12 0
0 56968 13 0
0 56968 14 0
0 56968 15 0
0 56968 0 0
0 56968 1 0
0 56968 2 0
0 34833 3 0
0 34833 4 0
0 34833 5 0
0 34833 6 0
0 34833 7 0
0 34833 8 0
0 40815 9 0
0 40815 10 0
0 40815 11 0
0 40815 12 0
0 40815 13 0
0 40815 14 0
0 37350 15 0
0 37350 0 0
0 37350 1 0
0 37350 2 0
0 37350 3 0
0 37350 4 0
0 1787 5 0
0 1787 6 0
0 1787 7 0
0 1787 8 0
0 1787 9 0
0 1787 10 0
0 56191 11 0
0 56191 12 0
0 56191 13 0
0 56191 14 0
0 56191 15 0
0 56191 0 0
0 36757 1 0
0 36757 2 0
0 36757 3 0
0 36757 4 0
0 36757 5 0
0 36757 6 0
0 33841 7 0
0 33841 8 0
0 33841 9 0
0 33841 10 0
0 33841 11 0
0 33841 12 0
0 41671 13 0
0 41671 14 0
0 41671 15 0
0 41671 0 0
0 41671 1 0
0 41671 2 0
0 44861 3 0
0 44861 4 0
0 44861 5 0
0 44861 6 0
0 44861 7 0
0 44861 8 0
0 24902 9 0
0 24902 10 0
0 24902 11 0
0 24902 12 0
0 24902 13 0
0 24902 14 0
0 56583 15 0
0 56583 0 0
0 56583 1 0
0 56583 2 0
0 56583 3 0
0 56583 4 0
0 18573 5 0
0 18573 6 0
0 18573 7 0
0 18573 8 0
0 18573 9 0
0 18573 10 0
0 776 11 0
0 776 12 0
0 776 13 0
0 776 14 0
0 776 15 0
0 776 0 0
0 20359 1 0
0 20359 2 0
0 20359 3 0
0 20359 4 0
0 20359 5 0
0 20359 6 0
0 50350 7 0
0 50350 8 0
0 50350 9 0
0 50350 10 0
0 50350 11 0
0 50350 12 0
0 47309 13 0
0 47309 14 0
0 47309 15 0
0 47309 0 0
0 47309 1 0
0 47309 2 0
0 60834 3 0
0 60834 4 0
0 60834 5 0
0 60834 6 0
0 60834 7 0
0 60834 8 0
0 4766 9 0
0 4766 10 0
0 4766 11 0
0 4766 12 0
0 4766 13 0
0 4766 14 0
0 53954 15 0
0 53954 0 0
0 53954 1 0
0 53954 2 0
0 53954 3 0
0 53954 4 0
0 29924 5 0
0 29924 6 0
0 29924 7 0
0 29924 8 0
0 29924 9 0
0 29924 10 0
0 2056 11 0
0 2056 12 0
0 2056 13 0
0 2056 14 0
0 2056 15 0
0 2056 0 0
0 47477 1 0
0 47477 2 0
0 47477 3 0
0 47477 4 0
0 47477 5 0
0 47477 6 0
0 20777 7 0
0 20777 8 0
0 20777 9 0
0 20777 10 0
0 20777 11 0
0 20777 12 0
0 25494 13 0
0 25494 14 0
0 25494 15 0
0 25494 0 0
0 25494 1 0
0 25494 2 0
0 46461 3 0
0 46461 4 0
0 46461 5 0
0 46461 6 0
0 46461 7 0
0 46461 8 0
0 65141 9 0
0 65141 10 0
0 65141 11 0
0 65141 12 0
0 65141 13 0
0 65141 14 0
0 2508 15 0
0 2508 0 0
0 2508 1 0
0 2508 2 0
0 2508 3 0
0 2508 4 0
0 32662 5 0
0 32662 6 0
0 32662 7 0
0 32662 8 0
0 32662 9 0
0 32662 10 0
0 31729 11 0
0 31729 12 0
0 31729 13 0
0 31729 14 0
0 31729 15 0
0 31729 0 0
0 35975 1 0
0 35975 2 0
0 35975 3 0
0 35975 4 0
0 35975 5 0
0 35975 6 0
0 24266 7 0
0 24266 8 0
0 24266 9 0
0 24266 10 0
0 24266 11 0
0 24266 12 0
0 55047 13 0
0 55047 14 0
0 55047 15 0
0 55047 0 0
0 55047 1 0
0 55047 2 0
0 10213 3 0
0 10213 4 0
0 10213 5 0
0 10213 6 0
0 10213 7 0
0 10213 8 0
0 58743 9 0
0 58743 10 0
0 58743 11 0
0 58743 12 0
0 58743 13 0
0 58743 14 0
0 31029 15 0
0 31029 0 0
0 31029 1 0
0 31029 2 0
0 31029 3 0
0 31029 4 0
0 58937 5 0
0 58937 6 0
0 58937 7 0
0 58937 8 0
0 58937 9 0
0 58937 10 0
0 13162 11 0
0 13162 12 0
0 13162 13 0
0 13162 14 0
0 13162 15 0
0 13162 0 0
0 24678 1 0
0 24678 2 0
0 24678 3 0
0 24678 4 0
0 24678 5 0
0 24678 6 0
0 21559 7 0
0 21559 8 0
0 21559 9 0
0 21559 10 0
0 21559 11 0
0 21559 12 0
0 57736 13 0
0 57736 14 0
0 57736 15 0
0 57736 0 0
0 57736 1 0
0 57736 2 0
0 8549 3 0
0 8549 4 0
0 8549 5 0
0 8549 6 0
0 8549 7 0
0 8549 8 0
0 55934 9 0
0 55934 10 0
0 55934 11 0
0 55934 12 0
0 55934 13 0
0 55934 14 0
0 51739 15 0
0 51739 0 0
0 51739 1 0
0 51739 2 0
0 51739 3 0
0 51739 4 0
0 35632 5 0
0 35632 6 0
0 35632 7 0
0 35632 8 0
0 35632 9 0
0 35632 10 0
0 33120 11 0
0 33120 12 0
0 33120 13 0
0 33120 14 0
0 33120 15 0
0 33120 0 0
0 57306 1 0
0 57306 2 0
0 57306 3 0
0 57306 4 0
0 57306 5 0
0 57306 6 0
0 46683 7 0
0 46683 8 0
0 46683 9 0
0 46683 10 0
0 46683 11 0
0 46683 12 0
0 42960 13 0
0 42960 14 0
0 42960 15 0
0 42960 0 0
0 42960 1 0
0 42960 2 0
0 11878 3 0
0 11878 4 0
0 11878 5 0
0 11878 6 0
0 11878 7 0
0 11878 8 0
0 40241 9 0
0 40241 10 0
0 40241 11 0
0 40241 12 0
0 40241 13 0
0 40241 14 0
0 3949 15 0
0 3949 0 0
0 3949 1 0
0 3949 2 0
0 3949 3 0
0 3949 4 0
0 64555 5 0
0 64555 6 0
0 64555 7 0
0 64555 8 0
0 64555 9 0
0 64555 10 0
0 1437 11 0
0 1437 12 0
0 1437 13 0
0 1437 14 0
0 1437 15 0
0 1437 0 0
0 32841 1 0
0 32841 2 0
0 32841 3 0
0 32841 4 0
0 32841 5 0
0 32841 6 0
0 26579 7 0
0 26579 8 0
0 26579 9 0
0 26579 10 0
0 26579 11 0
0 26579 12 0
0 52153 13 0
0 52153 14 0
0 52153 15 0
0 52153 0 0
0 52153 1 0
0 52153 2 0
0 50675 3 0
0 50675 4 0
0 50675 5 0
0 50675 6 0
0 50675 7 0
0 50675 8 0
0 57096 9 0
0 57096 10 0
0 57096 11 0
0 57096 12 0
0 57096 13 0
0 57096 14 0
0 51021 15 0
0 51021 0 0
0 51021 1 0
0 51021 2 0
0 51021 3 0
0 51021 4 0
0 5035 5 0
0 5035 6 0
0 5035 7 0
0 5035 8 0
0 5035 9 0
0 5035 10 0
0 60989 11 0
0 60989 12 0
0 60989 13 0
0 60989 14 0
0 60989 15 0
0 60989 0 0
0 46475 1 0
0 46475 2 0
0 46475 3 0
0 46475 4 0
0 46475 5 0
0 46475 6 0
0 16621 7 0
0 16621 8 0
0 16621 9 0
0 16621 10 0
0 16621 11 0
0 16621 12 0
0 36483 13 0
0 36483 14 0
0 36483 15 0
0 36483 0 0
0 36483 1 0
0 36483 2 0
0 43006 3 0
0 43006 4 0
0 43006 5 0
0 43006 6 0
0 43006 7 0
0 43006 8 0
0 3185 9 0
0 3185 10 0
0 3185 11 0
0 3185 12 0
0 3185 13 0
0 3185 14 0
0 52178 15 0
0 52178 0 0
0 52178 1 0
0 52178 2 0
0 52178 3 0
0 52178 4 0
0 62092 5 0
0 62092 6 0
0 62092 7 0
0 62092 8 0
0 62092 9 0
0 62092 10 0
0 17739 11 0
0 17739 12 0
0 17739 13 0
0 17739 14 0
0 17739 15 0
0 17739 0 0
0 5450 1 0
0 5450 2 0
0 5450 3 0
0 5450 4 0
0 5450 5 0
0 5450 6 0
0 10680 7 0
0 10680 8 0
0 10680 9 0
0 10680 10 0
0 10680 11 0
0 10680 12 0
0 45538 13 0
0 45538 14 0
0 45538 15 0
0 45538 0 0
0 45538 1 0
0 45538 2 0
0 47319 3 0
0 47319 4 0
0 47319 5 0
0 47319 6 0
0 47319 7 0
0 47319 8 0
0 588 9 0
0 588 10 0
0 588 11 0
0 588 12 0
0 588 13 0
0 588 14 0
0 9092 15 0
0 9092 0 0
0 9092 1 0
0 9092 2 0
0 9092 3 0
0 9092 4 0
0 25005 5 0
0 25005 6 0
0 25005 7 0
0 25005 8 0
0 25005 9 0
0 25005 10 0
0 14524 11 0
0 14524 12 0
0 14524 13 0
0 14524 14 0
0 14524 15 0
0 14524 0 0
0 61748 1 0
0 61748 2 0
0 61748 3 0
0 61748 4 0
0 61748 5 0
0 61748 6 0
0 5651 7 0
0 5651 8 0
0 5651 9 0
0 5651 10 0
0 5651 11 0
0 5651 12 0
0 41226 13 0
0 41226 14 0
0 41226 15 0
0 41226 0 0
0 41226 1 0
0 41226 2 0
0 3327 3 0
0 3327 4 0
0 3327 5 0
0 3327 6 0
0 3327 7 0
0 3327 8 0
0 41261 9 0
0 41261 10 0
0 41261 11 0
0 41261 12 0
0 41261 13 0
0 41261 14 0
0 51465 15 0
0 51465 0 0
0 51465 1 0
0 51465 2 0
0 51465 3 0
0 51465 4 0
0 16419 5 0
0 16419 6 0
0 16419 7 0
0 16419 8 0
0 16419 9 0
0 16419 10 0
0 36055 11 0
0 36055 12 0
0 36055 13 0
0 36055 14 0
0 36055 15 0
0 36055 0 0
0 53269 1 0
0 53269 2 0
0 53269 3 0
0 53269 4 0
0 53269 5 0
0 53269 6 0
0 18629 7 0
0 18629 8 0
0 18629 9 0
0 18629 10 0
0 18629 11 0
0 18629 12 0
0 19331 13 0
0 19331 14 0
0 19331 15 0
0 19331 0 0
0 19331 1 0
0 19331 2 0
0 52979 3 0
0 52979 4 0
0 52979 5 0
0 52979 6 0
0 52979 7 0
0 52979 8 0
0 40120 9 0
0 40120 10 0
0 40120 11 0
0 40120 12 0
0 40120 13 0
0 40120 14 0
0 7844 15 0
0 7844 0 0
0 7844 1 0
0 7844 2 0
0 7844 3 0
0 7844 4 0
0 21353 5 0
0 21353 6 0
0 21353 7 0
0 21353 8 0
0 21353 9 0
0 21353 10 0
0 16434 11 0
0 16434 12 0
0 16434 13 0
0 16434 14 0
0 16434 15 0
0 16434 0 0
0 17557 1 0
0 17557 2 0
0 17557 3 0
0 17557 4 0
0 17557 5 0
0 17557 6 0
0 63031 7 0
0 63031 8 0
0 63031 9 0
0 63031 10 0
0 63031 11 0
0 63031 12 0
0 6122 13 0
0 6122 14 0
0 6122 15 0
0 6122 0 0
0 6122 1 0
0 6122 2 0
0 5697 3 0
0 5697 4 0
0 5697 5 0
0 5697 6 0
0 5697 7 0
0 5697 8 0
0 50759 9 0
0 50759 10 0
0 50759 11 0
0 50759 12 0
0 50759 13 0
0 50759 14 0
0 23621 15 0
0 23621 0 0
0 23621 1 0
0 23621 2 0
0 23621 3 0
0 23621 4 0
0 45180 5 0
0 45180 6 0
0 45180 7 0
0 45180 8 0
0 45180 9 0
0 45180 10 0
0 10852 11 0
0 10852 12 0
0 10852 13 0
0 10852 14 0
0 10852 15 0
0 10852 0 0
0 10581 1 0
0 10581 2 0
0 10581 3 0
0 10581 4 0
0 10581 5 0
0 10581 6 0
0 22862 7 0
0 22862 8 0
0 22862 9 0
0 22862 10 0
0 22862 11 0
0 22862 12 0
0 34810 13 0
0 34810 14 0
0 34810 15 0
0 34810 0 0
0 34810 1 0
0 34810 2 0
0 26424 3 0
0 26424 4 0
0 26424 5 0
0 26424 6 0
0 26424 7 0
0 26424 8 0
0 34205 9 0
0 34205 10 0
0 34205 11 0
0 34205 12 0
0 34205 13 0
0 34205 14 0
0 42983 15 0
0 42983 0 0
0 42983 1 0
0 42983 2 0
0 42983 3 0
0 42983 4 0
0 33276 5 0
0 33276 6 0
0 33276 7 0
0 33276 8 0
0 33276 9 0
0 33276 10 0
0 33979 11 0
0 33979 12 0
0 33979 13 0
0 33979 14 0
0 33979 15 0
0 33979 0 0
0 59831 1 0
0 59831 2 0
0 59831 3 0
0 59831 4 0
0 59831 5 0
0 59831 6 0
0 20342 7 0
0 20342 8 0
0 20342 9 0
0 20342 10 0
0 20342 11 0
0 20342 12 0
0 58828 13 0
0 58828 14 0
0 58828 15 0
0 58828 0 0
0 58828 1 0
0 58828 2 0
0 20030 3 0
0 20030 4 0
0 20030 5 0
0 20030 6 0
0 20030 7 0
0 20030 8 0
0 5059 9 0
0 5059 10 0
0 5059 11 0
0 5059 12 0
0 5059 13 0
0 5059 14 0
0 23195 15 0
0 23195 0 0
0 23195 1 0
0 23195 2 0
0 23195 3 0
0 23195 4 0
0 4429 5 0
0 4429 6 0
0 4429 7 0
0 4429 8 0
0 4429 9 0
0 4429 10 0
0 41429 11 0
0 41429 12 0
0 41429 13 0
0 41429 14 0
0 41429 15 0
0 41429 0 0
0 9390 1 0
0 9390 2 0
0 9390 3 0
0 9390 4 0
0 9390 5 0
0 9390 6 0
0 25282 7 0
0 25282 8 0
0 25282 9 0
0 25282 10 0
0 25282 11 0
0 25282 12 0
0 59840 13 0
0 59840 14 0
0 59840 15 0
0 59840 0 0
0 59840 1 0
0 59840 2 0
0 31289 3 0
0 31289 4 0
0 31289 5 0
0 31289 6 0
0 31289 7 0
0 31289 8 0
0 60118 9 0
0 60118 10 0
0 60118 11 0
0 60118 12 0
0 60118 13 0
0 60118 14 0
0 20891 15 0
0 20891 0 0
0 20891 1 0
0 20891 2 0
0 20891 3 0
0 20891 4 0
0 43734 5 0
0 43734 6 0
0 43734 7 0
0 43734 8 0
0 43734 9 0
0 43734 10 0
0 17678 11 0
0 17678 12 0
0 17678 13 0
0 17678 14 0
0 17678 15 0
0 17678 0 0
0 62453 1 0
0 62453 2 0
0 62453 3 0
0 62453 4 0
0 62453 5 0
0 62453 6 0
0 7492 7 0
0 7492 8 0
0 7492 9 0
0 7492 10 0
0 7492 11 0
0 7492 12 0
0 10802 13 0
0 10802 14 0
0 10802 15 0
0 10802 0 0
0 10802 1 0
0 10802 2 0
0 45007 3 0
0 45007 4 0
0 45007 5 0
0 45007 6 0
0 45007 7 0
0 45007 8 0
0 322 9 0
0 322 10 0
0 322 11 0
0 322 12 0
0 322 13 0
0 322 14 0
0 10484 15 0
0 10484 0 0
0 10484 1 0
0 10484 2 0
0 10484 3 0
0 10484 4 0
0 13629 5 0
0 13629 6 0
0 13629 7 0
0 13629 8 0
0 13629 9 0
0 13629 10 0
0 56063 11 0
0 56063 12 0
0 56063 13 0
0 56063 14 0
0 56063 15 0
0 56063 0 0
0 46179 1 0
0 46179 2 0
0 46179 3 0
0 46179 4 0
0 46179 5 0
0 46179 6 0
0 59189 7 0
0 59189 8 0
0 59189 9 0
0 59189 10 0
0 59189 11 0
0 59189 12 0
0 44014 13 0
0 44014 14 0
0 44014 15 0
0 44014 0 0
0 44014 1 0
0 44014 2 0
0 49553 3 0
0 49553 4 0
0 49553 5 0
0 49553 6 0
0 49553 7 0
0 49553 8 0
0 47455 9 0
0 47455 10 0
0 47455 11 0
0 47455 12 0
0 47455 13 0
0 47455 14 0
0 15577 15 0
0 15577 0 0
0 15577 1 0
0 15577 2 0
0 15577 3 0
0 15577 4 0
0 17840 5 0
0 17840 6 0
0 17840 7 0
0 17840 8 0
0 17840 9 0
0 17840 10 0
0 41535 11 0
0 41535 12 0
0 41535 13 0
0 41535 14 0
0 41535 15 0
0 41535 0 0
0 2978 1 0
0 2978 2 0
0 2978 3 0
0 2978 4 0
0 2978 5 0
0 2978 6 0
0 23933 7 0
0 23933 8 0
0 23933 9 0
0 23933 10 0
0 23933 11 0
0 23933 12 0
0 16397 13 0
0 16397 14 0
0 16397 15 0
0 16397 0 0
0 16397 1 0
0 16397 2 0
0 2516 3 0
0 2516 4 0
0 2516 5 0
0 2516 6 0
0 2516 7 0
0 2516 8 0
0 44287 9 0
0 44287 10 0
0 44287 11 0
0 44287 12 0
0 44287 13 0
0 44287 14 0
0 25341 15 0
0 25341 0 0
0 25341 1 0
0 25341 2 0
0 25341 3 0
0 25341 4 0
0 5785 5 0
0 5785 6 0
0 5785 7 0
0 5785 8 0
0 5785 9 0
0 5785 10 0
0 54242 11 0
0 54242 12 0
0 54242 13 0
0 54242 14 0
0 54242 15 0
0 54242 0 0
0 8131 1 0
0 8131 2 0
0 8131 3 0
0 8131 4 0
0 8131 5 0
0 8131 6 0
0 40796 7 0
0 40796 8 0
0 40796 9 0
0 40796 10 0
0 40796 11 0
0 40796 12 0
0 51054 13 0
0 51054 14 0
0 51054 15 0
0 51054 0 0
0 51054 1 0
0 51054 2 0
0 6846 3 0
0 6846 4 0
0 6846 5 0
0 6846 6 0
0 6846 7 0
0 6846 8 0
0 22041 9 0
0 22041 10 0
0 22041 11 0
0 22041 12 0
0 22041 13 0
0 22041 14 0
0 46908 15 0
0 46908 0 0
0 46908 1 0
0 46908 2 0
0 46908 3 0
0 46908 4 0
0 10147 5 0
0 10147 6 0
0 10147 7 0
0 10147 8 0
0 10147 9 0
0 10147 10 0
0 53507 11 0
0 53507 12 0
0 53507 13 0
0 53507 14 0
0 53507 15 0
0 53507 0 0
0 7078 1 0
0 7078 2 0
0 7078 3 0
0 7078 4 0
0 7078 5 0
0 7078 6 0
0 57764 7 0
0 57764 8 0
0 57764 9 0
0 57764 10 0
0 57764 11 0
0 57764 12 0
0 46527 13 0
0 46527 14 0
0 46527 15 0
0 46527 0 0
0 46527 1 0
0 46527 2 0
0 33531 3 0
0 33531 4 0
0 33531 5 0
0 33531 6 0
0 33531 7 0
0 33531 8 0
0 40598 9 0
0 40598 10 0
0 40598 11 0
0 40598 12 0
0 40598 13 0
0 40598 14 0
0 59459 15 0
0 59459 0 0
0 59459 1 0
0 59459 2 0
0 59459 3 0
0 59459 4 0
0 54031 5 0
0 54031 6 0
0 54031 7 0
0 54031 8 0
0 54031 9 0
0 54031 10 0
0 23680 11 0
0 23680 12 0
0 23680 13 0
0 23680 14 0
0 23680 15 0
0 23680 0 0
0 4022 1 0
0 4022 2 0
0 4022 3 0
0 4022 4 0
0 4022 5 0
0 4022 6 0
0 59471 7 0
0 59471 8 0
0 59471 9 0
0 59471 10 0
0 59471 11 0
0 59471 12 0
0 34622 13 0
0 34622 14 0
0 34622 15 0
0 34622 0 0
0 34622 1 0
0 34622 2 0
0 24968 3 0
0 24968 4 0
0 24968 5 0
0 24968 6 0
0 24968 7 0
0 24968 8 0
0 50811 9 0
0 50811 10 0
0 50811 11 0
0 50811 12 0
0 50811 13 0
0 50811 14 0
0 8400 15 0
0 8400 0 0
0 8400 1 0
0 8400 2 0
0 8400 3 0
0 8400 4 0
0 46872 5 0
0 46872 6 0
0 46872 7 0
0 46872 8 0
0 46872 9 0
0 46872 10 0
0 12622 11 0
0 12622 12 0
0 12622 13 0
0 12622 14 0
0 12622 15 0
0 12622 0 0
0 16169 1 0
0 16169 2 0
0 16169 3 0
0 16169 4 0
0 16169 5 0
0 16169 6 0
0 3432 7 0
0 3432 8 0
0 3432 9 0
0 3432 10 0
0 3432 11 0
0 3432 12 0
0 45978 13 0
0 45978 14 0
0 45978 15 0
0 45978 0 0
0 45978 1 0
0 45978 2 0
0 2796 3 0
0 2796 4 0
0 2796 5 0
0 2796 6 0
0 2796 7 0
0 2796 8 0
0 23211 9 0
0 23211 10 0
0 23211 11 0
0 23211 12 0
0 23211 13 0
0 23211 14 0
0 52922 15 0
0 52922 0 0
0 52922 1 0
0 52922 2 0
0 52922 3 0
0 52922 4 0
0 1788 5 0
0 1788 6 0
0 1788 7 0
0 1788 8 0
0 1788 9 0
0 1788 10 0
0 42310 11 0
0 42310 12 0
0 42310 13 0
0 42310 14 0
0 42310 15 0
0 42310 0 0
0 59831 1 0
0 59831 2 0
0 59831 3 0
0 59831 4 0
0 59831 5 0
0 59831 6 0
0 65015 7 0
0 65015 8 0
0 65015 9 0
0 65015 10 0
0 65015 11 0
0 65015 12 0
0 62460 13 0
0 62460 14 0
0 62460 15 0
0 62460 0 0
0 62460 1 0
0 62460 2 0
0 10544 3 0
0 10544 4 0
0 10544 5 0
0 10544 6 0
0 10544 7 0
0 10544 8 0
0 6779 9 0
0 6779 10 0
0 6779 11 0
0 6779 12 0
0 6779 13 0
0 6779 14 0
0 52682 15 0
0 52682 0 0
0 52682 1 0
0 52682 2 0
0 52682 3 0
0 52682 4 0
0 34372 5 0
0 34372 6 0
0 34372 7 0
0 34372 8 0
0 34372 9 0
0 34372 10 0
0 3643 11 0
0 3643 12 0
0 3643 13 0
0 3643 14 0
0 3643 15 0
0 3643 0 0
0 12545 1 0
0 12545 2 0
0 12545 3 0
0 12545 4 0
0 12545 5 0
0 12545 6 0
0 10497 7 0
0 10497 8 0
0 10497 9 0
0 10497 10 0
0 10497 11 0
0 10497 12 0
0 43727 13 0
0 43727 14 0
0 43727 15 0
0 43727 0 0
0 43727 1 0
0 43727 2 0
0 46995 3 0
0 46995 4 0
0 46995 5 0
0 46995 6 0
0 46995 7 0
0 46995 8 0
0 12908 9 0
0 12908 10 0
0 12908 11 0
0 12908 12 0
0 12908 13 0
0 12908 14 0
0 61785 15 0
0 61785 0 0
0 61785 1 0
0 61785 2 0
0 61785 3 0
0 61785 4 0
0 4334 5 0
0 4334 6 0
0 4334 7 0
0 4334 8 0
0 4334 9 0
0 4334 10 0
0 20220 11 0
0 20220 12 0
0 20220 13 0
0 20220 14 0
0 20220 15 0
0 20220 0 0
0 37628 1 0
0 37628 2 0
0 37628 3 0
0 37628 4 0
0 37628 5 0
0 37628 6 0
0 4823 7 0
0 4823 8 0
0 4823 9 0
0 4823 10 0
0 4823 11 0
0 4823 12 0
0 95 13 0
0 95 14 0
0 95 15 0
0 95 0 0
0 95 1 0
0 95 2 0
0 49373 3 0
0 49373 4 0
0 49373 5 0
0 49373 6 0
0 49373 7 0
0 49373 8 0
0 44261 9 0
0 44261 10 0
0 44261 11 0
0 44261 12 0
0 44261 13 0
0 44261 14 0
0 20560 15 0
0 20560 0 0
0 20560 1 0
0 20560 2 0
0 20560 3 0
0 20560 4 0
0 19252 5 0
0 19252 6 0
0 19252 7 0
0 19252 8 0
0 19252 9 0
0 19252 10 0
0 21044 11 0
0 21044 12 0
0 21044 13 0
0 21044 14 0
0 21044 15 0
0 21044 0 0
0 22887 1 0
0 22887 2 0
0 22887 3 0
0 22887 4 0
0 22887 5 0
0 22887 6 0
0 20837 7 0
0 20837 8 0
0 20837 9 0
0 20837 10 0
0 20837 11 0
0 20837 12 0
0 31795 13 0
0 31795 14 0
0 31795 15 0
0 31795 0 0
0 31795 1 0
0 31795 2 0
0 43027 3 0
0 43027 4 0
0 43027 5 0
0 43027 6 0
0 43027 7 0
0 43027 8 0
0 3125 9 0
0 3125 10 0
0 3125 11 0
0 3125 12 0
0 3125 13 0
0 3125 14 0
0 63296 15 0
0 63296 0 0
0 63296 1 0
0 63296 2 0
0 63296 3 0
0 63296 4 0
0 52180 5 0
0 52180 6 0
0 52180 7 0
0 52180 8 0
0 52180 9 0
0 52180 10 0
0 5789 11 0
0 5789 12 0
0 5789 13 0
0 5789 14 0
0 5789 15 0
0 5789 0 0
0 29678 1 0
0 29678 2 0
0 29678 3 0
0 29678 4 0
0 29678 5 0
0 29678 6 0
0 31495 7 0
0 31495 8 0
0 31495 9 0
0 31495 10 0
0 31495 11 0
0 31495 12 0
0 36906 13 0
0 36906 14 0
0 36906 15 0
0 36906 0 0
0 36906 1 0
0 36906 2 0
0 43066 3 0
0 43066 4 0
0 43066 5 0
0 43066 6 0
0 43066 7 0
0 43066 8 0
0 22284 9 0
0 22284 10 0
0 22284 11 0
0 22284 12 0
0 22284 13 0
0 22284 14 0
0 31219 15 0
0 31219 0 0
0 31219 1 0
0 31219 2 0
0 31219 3 0
0 31219 4 0
0 46148 5 0
0 46148 6 0
0 46148 7 0
0 46148 8 0
0 46148 9 0
0 46148 10 0
0 29627 11 0
0 29627 12 0
0 29627 13 0
0 29627 14 0
0 29627 15 0
0 29627 0 0
0 21446 1 0
0 21446 2 0
0 21446 3 0
0 21446 4 0
0 21446 5 0
0 21446 6 0
0 55148 7 0
0 55148 8 0
0 55148 9 0
0 55148 10 0
0 55148 11 0
0 55148 12 0
0 60673 13 0
0 60673 14 0
0 60673 15 0
0 60673 0 0
0 60673 1 0
0 60673 2 0
0 47616 3 0
0 47616 4 0
0 47616 5 0
0 47616 6 0
0 47616 7 0
0 47616 8 0
0 18087 9 0
0 18087 10 0
0 18087 11 0
0 18087 12 0
0 18087 13 0
0 18087 14 0
0 50660 15 0
0 50660 0 0
0 50660 1 0
0 50660 2 0
0 50660 3 0
0 50660 4 0
0 1765 5 0
0 1765 6 0
0 1765 7 0
0 1765 8 0
0 1765 9 0
0 1765 10 0
0 21252 11 0
0 21252 12 0
0 21252 13 0
0 21252 14 0
0 21252 15 0
0 21252 0 0
0 738 1 0
0 738 2 0
0 738 3 0
0 738 4 0
0 738 5 0
0 738 6 0
0 51105 7 0
0 51105 8 0
0 51105 9 0
0 51105 10 0
0 51105 11 0
0 51105 12 0
0 22539 13 0
0 22539 14 0
0 22539 15 0
0 22539 0 0
0 22539 1 0
0 22539 2 0
0 19513 3 0
0 19513 4 0
0 19513 5 0
0 19513 6 0
0 19513 7 0
0 19513 8 0
0 2557 9 0
0 2557 10 0
0 2557 11 0
0 2557 12 0
0 2557 13 0
0 2557 14 0
0 3298 15 0
0 3298 0 0
0 3298 1 0
0 3298 2 0
0 3298 3 0
0 3298 4 0
0 42378 5 0
0 42378 6 0
0 42378 7 0
0 42378 8 0
0 42378 9 0
0 42378 10 0
0 484 11 0
0 484 12 0
0 484 13 0
0 484 14 0
0 484 15 0
0 484 0 0
0 5004 1 0
0 5004 2 0
0 5004 3 0
0 5004 4 0
0 5004 5 0
0 5004 6 0
0 6187 7 0
0 6187 8 0
0 6187 9 0
0 6187 10 0
0 6187 11 0
0 6187 12 0
0 14667 13 0
0 14667 14 0
0 14667 15 0
0 14667 0 0
0 14667 1 0
0 14667 2 0
0 19358 3 0
0 19358 4 0
0 19358 5 0
0 19358 6 0
0 19358 7 0
0 19358 8 0
0 20073 9 0
0 20073 10 0
0 20073 11 0
0 20073 12 0
0 20073 13 0
0 20073 14 0
0 49790 15 0
0 49790 0 0
0 49790 1 0
0 49790 2 0
0 49790 3 0
0 49790 4 0
0 3465 5 0
0 3465 6 0
0 3465 7 0
0 3465 8 0
0 3465 9 0
0 3465 10 0
0 54884 11 0
0 54884 12 0
0 54884 13 0
0 54884 14 0
0 54884 15 0
0 54884 0 0
0 57181 1 0
0 57181 2 0
0 57181 3 0
0 57181 4 0
0 57181 5 0
0 57181 6 0
0 43636 7 0
0 43636 8 0
0 43636 9 0
0 43636 10 0
0 43636 11 0
0 43636 12 0
0 32500 13 0
0 32500 14 0
0 32500 15 0
0 32500 0 0
0 32500 1 0
0 32500 2 0
0 18065 3 0
0 18065 4 0
0 18065 5 0
0 18065 6 0
0 18065 7 0
0 18065 8 0
0 47713 9 0
0 47713 10 0
0 47713 11 0
0 47713 12 0
0 47713 13 0
0 47713 14 0
0 28398 15 0
0 28398 0 0
0 28398 1 0
0 28398 2 0
0 28398 3 0
0 28398 4 0
0 52479 5 0
0 52479 6 0
0 52479 7 0
0 52479 8 0
0 52479 9 0
0 52479 10 0
0 9574 11 0
0 9574 12 0
0 9574 13 0
0 9574 14 0
0 9574 15 0
0 9574 0 0
0 17012 1 0
0 17012 2 0
0 17012 3 0
0 17012 4 0
0 17012 5 0
0 17012 6 0
0 53445 7 0
0 53445 8 0
0 53445 9 0
0 53445 10 0
0 53445 11 0
0 53445 12 0
0 45952 13 0
0 45952 14 0
0 45952 15 0
0 45952 0 0
0 45952 1 0
0 45952 2 0
0 12655 3 0
0 12655 4 0
0 12655 5 0
0 12655 6 0
0 12655 7 0
0 12655 8 0
0 56562 9 0
0 56562 10 0
0 56562 11 0
0 56562 12 0
0 56562 13 0
0 56562 14 0
0 57152 15 0
0 57152 0 0
0 57152 1 0
0 57152 2 0
0 57152 3 0
0 57152 4 0
0 32197 5 0
0 32197 6 0
0 32197 7 0
0 32197 8 0
0 32197 9 0
0 32197 10 0
0 61752 11 0
0 61752 12 0
0 61752 13 0
0 61752 14 0
0 61752 15 0
0 61752 0 0
0 50037 1 0
0 50037 2 0
0 50037 3 0
0 50037 4 0
0 50037 5 0
0 50037 6 0
0 29495 7 0
0 29495 8 0
0 29495 9 0
0 29495 10 0
0 29495 11 0
0 29495 12 0
0 51752 13 0
0 51752 14 0
0 51752 15 0
0 51752 0 0
0 51752 1 0
0 51752 2 0
0 31464 3 0
0 31464 4 0
0 31464 5 0
0 31464 6 0
0 31464 7 0
0 31464 8 0
0 63069 9 0
0 63069 10 0
0 63069 11 0
0 63069 12 0
0 63069 13 0
0 63069 14 0
0 52043 15 0
0 52043 0 0
0 52043 1 0
0 52043 2 0
0 52043 3 0
0 52043 4 0
0 9046 5 0
0 9046 6 0
0 9046 7 0
0 9046 8 0
0 9046 9 0
0 9046 10 0
0 33078 11 0
0 33078 12 0
0 33078 13 0
0 33078 14 0
0 33078 15 0
0 33078 0 0
0 36159 1 0
0 36159 2 0
0 36159 3 0
0 36159 4 0
0 36159 5 0
0 36159 6 0
0 48732 7 0
0 48732 8 0
0 48732 9 0
0 48732 10 0
0 48732 11 0
0 48732 12 0
0 2847 13 0
0 2847 14 0
0 2847 15 0
0 2847 0 0
0 2847 1 0
0 2847 2 0
0 62200 3 0
0 62200 4 0
0 62200 5 0
0 62200 6 0
0 62200 7 0
0 62200 8 0
0 31066 9 0
0 31066 10 0
0 31066 11 0
0 31066 12 0
0 31066 13 0
0 31066 14 0
0 36212 15 0
0 36212 0 0
0 36212 1 0
0 36212 2 0
0 36212 3 0
0 36212 4 0
0 5282 5 0
0 5282 6 0
0 5282 7 0
0 5282 8 0
0 5282 9 0
0 5282 10 0
0 42148 11 0
0 42148 12 0
0 42148 13 0
0 42148 14 0
0 42148 15 0
0 42148 0 0
0 51219 1 0
0 51219 2 0
0 51219 3 0
0 51219 4 0
0 51219 5 0
0 51219 6 0
0 13980 7 0
0 13980 8 0
0 13980 9 0
0 13980 10 0
0 13980 11 0
0 13980 12 0
0 6385 13 0
0 6385 14 0
0 6385 15 0
0 6385 0 0
0 6385 1 0
0 6385 2 0
0 18901 3 0
0 18901 4 0
0 18901 5 0
0 18901 6 0
0 18901 7 0
0 18901 8 0
0 51436 9 0
0 51436 10 0
0 51436 11 0
0 51436 12 0
0 51436 13 0
0 51436 14 0
0 3512 15 0
0 3512 0 0
0 3512 1 0
0 3512 2 0
0 3512 3 0
0 3512 4 0
0 55187 5 0
0 55187 6 0
0 55187 7 0
0 55187 8 0
0 55187 9 0
0 55187 10 0
0 51525 11 0
0 51525 12 0
0 51525 13 0
0 51525 14 0
0 51525 15 0
0 51525 0 0
0 56748 1 0
0 56748 2 0
0 56748 3 0
0 56748 4 0
0 56748 5 0
0 56748 6 0
0 13738 7 0
0 13738 8 0
0 13738 9 0
0 13738 10 0
0 13738 11 0
0 13738 12 0
0 60383 13 0
0 60383 14 0
0 60383 15 0
0 60383 0 0
0 60383 1 0
0 60383 2 0
0 60553 3 0
0 60553 4 0
0 60553 5 0
0 60553 6 0
0 60553 7 0
0 60553 8 0
0 21152 9 0
0 21152 10 0
0 21152 11 0
0 21152 12 0
0 21152 13 0
0 21152 14 0
0 22230 15 0
0 22230 0 0
0 22230 1 0
0 22230 2 0
0 22230 3 0
0 22230 4 0
0 44629 5 0
0 44629 6 0
0 44629 7 0
0 44629 8 0
0 44629 9 0
0 44629 10 0
0 62175 11 0
0 62175 12 0
0 62175 13 0
0 62175 14 0
0 62175 15 0
0 62175 0 0
0 53883 1 0
0 53883 2 0
0 53883 3 0
0 53883 4 0
0 53883 5 0
0 53883 6 0
0 20841 7 0
0 20841 8 0
0 20841 9 0
0 20841 10 0
0 20841 11 0
0 20841 12 0
0 37186 13 0
0 37186 14 0
0 37186 15 0
