0 0 0 0
0 0 1 0
0 0 2 0
0 0 3 0
0 0 4 0
0 51138 5 0
0 51138 6 0
0 51138 7 0
0 51138 8 0
0 51138 9 0
0 51138 10 0
0 11100 11 0
0 11100 12 0
0 11100 13 0
0 11100 14 0
0 11100 15 0
0 11100 0 0
0 56245 1 0
0 56245 2 0
0 56245 3 0
0 56245 4 0
0 56245 5 0
0 56245 6 0
0 15235 7 0
0 15235 8 0
0 15235 9 0
0 15235 10 0
0 15235 11 0
0 15235 12 0
0 49178 13 0
0 49178 14 0
0 49178 15 0
0 49178 0 0
0 49178 1 0
0 49178 2 0
0 15576 3 0
0 15576 4 0
0 15576 5 0
0 15576 6 0
0 15576 7 0
0 15576 8 0
0 23676 9 0
0 23676 10 0
0 23676 11 0
0 23676 12 0
0 23676 13 0
0 23676 14 0
0 17642 15 0
0 17642 0 0
0 17642 1 0
0 17642 2 0
0 17642 3 0
0 17642 4 0
0 19289 5 0
0 19289 6 0
0 19289 7 0
0 19289 8 0
0 19289 9 0
0 19289 10 0
0 56578 11 0
0 56578 12 0
0 56578 13 0
0 56578 14 0
0 56578 15 0
0 56578 0 0
0 22545 1 0
0 22545 2 0
0 22545 3 0
0 22545 4 0
0 22545 5 0
0 22545 6 0
0 48796 7 0
0 48796 8 0
0 48796 9 0
0 48796 10 0
0 48796 11 0
0 48796 12 0
0 56411 13 0
0 56411 14 0
0 56411 15 0
0 56411 0 0
0 56411 1 0
0 56411 2 0
0 50468 3 0
0 50468 4 0
0 50468 5 0
0 50468 6 0
0 50468 7 0
0 50468 8 0
0 46441 9 0
0 46441 10 0
0 46441 11 0
0 46441 12 0
0 46441 13 0
0 46441 14 0
0 27336 15 0
0 27336 0 0
0 27336 1 0
0 27336 2 0
0 27336 3 0
0 27336 4 0
0 63968 5 0
0 63968 6 0
0 63968 7 0
0 63968 8 0
0 63968 9 0
0 63968 10 0
0 24302 11 0
0 24302 12 0
0 24302 13 0
0 24302 14 0
0 24302 15 0
0 24302 0 0
0 29553 1 0
0 29553 2 0
0 29553 3 0
0 29553 4 0
0 29553 5 0
0 29553 6 0
0 1870 7 0
0 1870 8 0
0 1870 9 0
0 1870 10 0
0 1870 11 0
0 1870 12 0
0 22536 13 0
0 22536 14 0
0 22536 15 0
0 22536 0 0
0 22536 1 0
0 22536 2 0
0 36764 3 0
0 36764 4 0
0 36764 5 0
0 36764 6 0
0 36764 7 0
0 36764 8 0
0 17863 9 0
0 17863 10 0
0 17863 11 0
0 17863 12 0
0 17863 13 0
0 17863 14 0
0 31665 15 0
0 31665 0 0
0 31665 1 0
0 31665 2 0
0 31665 3 0
0 31665 4 0
0 44252 5 0
0 44252 6 0
0 44252 7 0
0 44252 8 0
0 44252 9 0
0 44252 10 0
0 47851 11 0
0 47851 12 0
0 47851 13 0
0 47851 14 0
0 47851 15 0
0 47851 0 0
0 33512 1 0
0 33512 2 0
0 33512 3 0
0 33512 4 0
0 33512 5 0
0 33512 6 0
0 38592 7 0
0 38592 8 0
0 38592 9 0
0 38592 10 0
0 38592 11 0
0 38592 12 0
0 18750 13 0
0 18750 14 0
0 18750 15 0
0 18750 0 0
0 18750 1 0
0 18750 2 0
0 19867 3 0
0 19867 4 0
0 19867 5 0
0 19867 6 0
0 19867 7 0
0 19867 8 0
0 8921 9 0
0 8921 10 0
0 8921 11 0
0 8921 12 0
0 8921 13 0
0 8921 14 0
0 28687 15 0
0 28687 0 0
0 28687 1 0
0 28687 2 0
0 28687 3 0
0 28687 4 0
0 31244 5 0
0 31244 6 0
0 31244 7 0
0 31244 8 0
0 31244 9 0
0 31244 10 0
0 15624 11 0
0 15624 12 0
0 15624 13 0
0 15624 14 0
0 15624 15 0
0 15624 0 0
0 26933 1 0
0 26933 2 0
0 26933 3 0
0 26933 4 0
0 26933 5 0
0 26933 6 0
0 9907 7 0
0 9907 8 0
0 9907 9 0
0 9907 10 0
0 9907 11 0
0 9907 12 0
0 35681 13 0
0 35681 14 0
0 35681 15 0
0 35681 0 0
0 35681 1 0
0 35681 2 0
0 34860 3 0
0 34860 4 0
0 34860 5 0
0 34860 6 0
0 34860 7 0
0 34860 8 0
0 4901 9 0
0 4901 10 0
0 4901 11 0
0 4901 12 0
0 4901 13 0
0 4901 14 0
0 61773 15 0
0 61773 0 0
0 61773 1 0
0 61773 2 0
0 61773 3 0
0 61773 4 0
0 36125 5 0
0 36125 6 0
0 36125 7 0
0 36125 8 0
0 36125 9 0
0 36125 10 0
0 64683 11 0
0 64683 12 0
0 64683 13 0
0 64683 14 0
0 64683 15 0
0 64683 0 0
0 57113 1 0
0 57113 2 0
0 57113 3 0
0 57113 4 0
0 57113 5 0
0 57113 6 0
0 29688 7 0
0 29688 8 0
0 29688 9 0
0 29688 10 0
0 29688 11 0
0 29688 12 0
0 54704 13 0
0 54704 14 0
0 54704 15 0
0 54704 0 0
0 54704 1 0
0 54704 2 0
0 8333 3 0
0 8333 4 0
0 8333 5 0
0 8333 6 0
0 8333 7 0
0 8333 8 0
0 15404 9 0
0 15404 10 0
0 15404 11 0
0 15404 12 0
0 15404 13 0
0 15404 14 0
0 21019 15 0
0 21019 0 0
0 21019 1 0
0 21019 2 0
0 21019 3 0
0 21019 4 0
0 37525 5 0
0 37525 6 0
0 37525 7 0
0 37525 8 0
0 37525 9 0
0 37525 10 0
0 5683 11 0
0 5683 12 0
0 5683 13 0
0 5683 14 0
0 5683 15 0
0 5683 0 0
0 45429 1 0
0 45429 2 0
0 45429 3 0
0 45429 4 0
0 45429 5 0
0 45429 6 0
0 28224 7 0
0 28224 8 0
0 28224 9 0
0 28224 10 0
0 28224 11 0
0 28224 12 0
0 46900 13 0
0 46900 14 0
0 46900 15 0
0 46900 0 0
0 46900 1 0
0 46900 2 0
0 16702 3 0
0 16702 4 0
0 16702 5 0
0 16702 6 0
0 16702 7 0
0 16702 8 0
0 48857 9 0
0 48857 10 0
0 48857 11 0
0 48857 12 0
0 48857 13 0
0 48857 14 0
0 9033 15 0
0 9033 0 0
0 9033 1 0
0 9033 2 0
0 9033 3 0
0 9033 4 0
0 39881 5 0
0 39881 6 0
0 39881 7 0
0 39881 8 0
0 39881 9 0
0 39881 10 0
0 20905 11 0
0 20905 12 0
0 20905 13 0
0 20905 14 0
0 20905 15 0
0 20905 0 0
0 63426 1 0
0 63426 2 0
0 63426 3 0
0 63426 4 0
0 63426 5 0
0 63426 6 0
0 51671 7 0
0 51671 8 0
0 51671 9 0
0 51671 10 0
0 51671 11 0
0 51671 12 0
0 14378 13 0
0 14378 14 0
0 14378 15 0
0 14378 0 0
0 14378 1 0
0 14378 2 0
0 35372 3 0
0 35372 4 0
0 35372 5 0
0 35372 6 0
0 35372 7 0
0 35372 8 0
0 51002 9 0
0 51002 10 0
0 51002 11 0
0 51002 12 0
0 51002 13 0
0 51002 14 0
0 28386 15 0
0 28386 0 0
0 28386 1 0
0 28386 2 0
0 28386 3 0
0 28386 4 0
0 26792 5 0
0 26792 6 0
0 26792 7 0
0 26792 8 0
0 26792 9 0
0 26792 10 0
0 33531 11 0
0 33531 12 0
0 33531 13 0
0 33531 14 0
0 33531 15 0
0 33531 0 0
0 53532 1 0
0 53532 2 0
0 53532 3 0
0 53532 4 0
0 53532 5 0
0 53532 6 0
0 22943 7 0
0 22943 8 0
0 22943 9 0
0 22943 10 0
0 22943 11 0
0 22943 12 0
0 20551 13 0
0 20551 14 0
0 20551 15 0
0 20551 0 0
0 20551 1 0
0 20551 2 0
0 2413 3 0
0 2413 4 0
0 2413 5 0
0 2413 6 0
0 2413 7 0
0 2413 8 0
0 19344 9 0
0 19344 10 0
0 19344 11 0
0 19344 12 0
0 19344 13 0
0 19344 14 0
0 17571 15 0
0 17571 0 0
0 17571 1 0
0 17571 2 0
0 17571 3 0
0 17571 4 0
0 15243 5 0
0 15243 6 0
0 15243 7 0
0 15243 8 0
0 15243 9 0
0 15243 10 0
0 10280 11 0
0 10280 12 0
0 10280 13 0
0 10280 14 0
0 10280 15 0
0 10280 0 0
0 1638 1 0
0 1638 2 0
0 1638 3 0
0 1638 4 0
0 1638 5 0
0 1638 6 0
0 24736 7 0
0 24736 8 0
0 24736 9 0
0 24736 10 0
0 24736 11 0
0 24736 12 0
0 30087 13 0
0 30087 14 0
0 30087 15 0
0 30087 0 0
0 30087 1 0
0 30087 2 0
0 31324 3 0
0 31324 4 0
0 31324 5 0
0 31324 6 0
0 31324 7 0
0 31324 8 0
0 58740 9 0
0 58740 10 0
0 58740 11 0
0 58740 12 0
0 58740 13 0
0 58740 14 0
0 41304 15 0
0 41304 0 0
0 41304 1 0
0 41304 2 0
0 41304 3 0
0 41304 4 0
0 13926 5 0
0 13926 6 0
0 13926 7 0
0 13926 8 0
0 13926 9 0
0 13926 10 0
0 48085 11 0
0 48085 12 0
0 48085 13 0
0 48085 14 0
0 48085 15 0
0 48085 0 0
0 25222 1 0
0 25222 2 0
0 25222 3 0
0 25222 4 0
0 25222 5 0
0 25222 6 0
0 17500 7 0
0 17500 8 0
0 17500 9 0
0 17500 10 0
0 17500 11 0
0 17500 12 0
0 58139 13 0
0 58139 14 0
0 58139 15 0
0 58139 0 0
0 58139 1 0
0 58139 2 0
0 53269 3 0
0 53269 4 0
0 53269 5 0
0 53269 6 0
0 53269 7 0
0 53269 8 0
0 26812 9 0
0 26812 10 0
0 26812 11 0
0 26812 12 0
0 26812 13 0
0 26812 14 0
0 5283 15 0
0 5283 0 0
0 5283 1 0
0 5283 2 0
0 5283 3 0
0 5283 4 0
0 60062 5 0
0 60062 6 0
0 60062 7 0
0 60062 8 0
0 60062 9 0
0 60062 10 0
0 44532 11 0
0 44532 12 0
0 44532 13 0
0 44532 14 0
0 44532 15 0
0 44532 0 0
0 63986 1 0
0 63986 2 0
0 63986 3 0
0 63986 4 0
0 63986 5 0
0 63986 6 0
0 6190 7 0
0 6190 8 0
0 6190 9 0
0 6190 10 0
0 6190 11 0
0 6190 12 0
0 52256 13 0
0 52256 14 0
0 52256 15 0
0 52256 0 0
0 52256 1 0
0 52256 2 0
0 54657 3 0
0 54657 4 0
0 54657 5 0
0 54657 6 0
0 54657 7 0
0 54657 8 0
0 17114 9 0
0 17114 10 0
0 17114 11 0
0 17114 12 0
0 17114 13 0
0 17114 14 0
0 23882 15 0
0 23882 0 0
0 23882 1 0
0 23882 2 0
0 23882 3 0
0 23882 4 0
0 6283 5 0
0 6283 6 0
0 6283 7 0
0 6283 8 0
0 6283 9 0
0 6283 10 0
0 21371 11 0
0 21371 12 0
0 21371 13 0
0 21371 14 0
0 21371 15 0
0 21371 0 0
0 58997 1 0
0 58997 2 0
0 58997 3 0
0 58997 4 0
0 58997 5 0
0 58997 6 0
0 19117 7 0
0 19117 8 0
0 19117 9 0
0 19117 10 0
0 19117 11 0
0 19117 12 0
0 65067 13 0
0 65067 14 0
0 65067 15 0
0 65067 0 0
0 65067 1 0
0 65067 2 0
0 57048 3 0
0 57048 4 0
0 57048 5 0
0 57048 6 0
0 57048 7 0
0 57048 8 0
0 12931 9 0
0 12931 10 0
0 12931 11 0
0 12931 12 0
0 12931 13 0
0 12931 14 0
0 57764 15 0
0 57764 0 0
0 57764 1 0
0 57764 2 0
0 57764 3 0
0 57764 4 0
0 59314 5 0
0 59314 6 0
0 59314 7 0
0 59314 8 0
0 59314 9 0
0 59314 10 0
0 63584 11 0
0 63584 12 0
0 63584 13 0
0 63584 14 0
0 63584 15 0
0 63584 0 0
0 35996 1 0
0 35996 2 0
0 35996 3 0
0 35996 4 0
0 35996 5 0
0 35996 6 0
0 40216 7 0
0 40216 8 0
0 40216 9 0
0 40216 10 0
0 40216 11 0
0 40216 12 0
0 13690 13 0
0 13690 14 0
0 13690 15 0
0 13690 0 0
0 13690 1 0
0 13690 2 0
0 62613 3 0
0 62613 4 0
0 62613 5 0
0 62613 6 0
0 62613 7 0
0 62613 8 0
0 19005 9 0
0 19005 10 0
0 19005 11 0
0 19005 12 0
0 19005 13 0
0 19005 14 0
0 51987 15 0
0 51987 0 0
0 51987 1 0
0 51987 2 0
0 51987 3 0
0 51987 4 0
0 9012 5 0
0 9012 6 0
0 9012 7 0
0 9012 8 0
0 9012 9 0
0 9012 10 0
0 12125 11 0
0 12125 12 0
0 12125 13 0
0 12125 14 0
0 12125 15 0
0 12125 0 0
0 37261 1 0
0 37261 2 0
0 37261 3 0
0 37261 4 0
0 37261 5 0
0 37261 6 0
0 46381 7 0
0 46381 8 0
0 46381 9 0
0 46381 10 0
0 46381 11 0
0 46381 12 0
0 45084 13 0
0 45084 14 0
0 45084 15 0
0 45084 0 0
0 45084 1 0
0 45084 2 0
0 45790 3 0
0 45790 4 0
0 45790 5 0
0 45790 6 0
0 45790 7 0
0 45790 8 0
0 452 9 0
0 452 10 0
0 452 11 0
0 452 12 0
0 452 13 0
0 452 14 0
0 23756 15 0
0 23756 0 0
0 23756 1 0
0 23756 2 0
0 23756 3 0
0 23756 4 0
0 8858 5 0
0 8858 6 0
0 8858 7 0
0 8858 8 0
0 8858 9 0
0 8858 10 0
0 36059 11 0
0 36059 12 0
0 36059 13 0
0 36059 14 0
0 36059 15 0
0 36059 0 0
0 16983 1 0
0 16983 2 0
0 16983 3 0
0 16983 4 0
0 16983 5 0
0 16983 6 0
0 17048 7 0
0 17048 8 0
0 17048 9 0
0 17048 10 0
0 17048 11 0
0 17048 12 0
0 54668 13 0
0 54668 14 0
0 54668 15 0
0 54668 0 0
0 54668 1 0
0 54668 2 0
0 61446 3 0
0 61446 4 0
0 61446 5 0
0 61446 6 0
0 61446 7 0
0 61446 8 0
0 33395 9 0
0 33395 10 0
0 33395 11 0
0 33395 12 0
0 33395 13 0
0 33395 14 0
0 28612 15 0
0 28612 0 0
0 28612 1 0
0 28612 2 0
0 28612 3 0
0 28612 4 0
0 40821 5 0
0 40821 6 0
0 40821 7 0
0 40821 8 0
0 40821 9 0
0 40821 10 0
0 25709 11 0
0 25709 12 0
0 25709 13 0
0 25709 14 0
0 25709 15 0
0 25709 0 0
0 58689 1 0
0 58689 2 0
0 58689 3 0
0 58689 4 0
0 58689 5 0
0 58689 6 0
0 39407 7 0
0 39407 8 0
0 39407 9 0
0 39407 10 0
0 39407 11 0
0 39407 12 0
0 19886 13 0
0 19886 14 0
0 19886 15 0
0 19886 0 0
0 19886 1 0
0 19886 2 0
0 13925 3 0
0 13925 4 0
0 13925 5 0
0 13925 6 0
0 13925 7 0
0 13925 8 0
0 3023 9 0
0 3023 10 0
0 3023 11 0
0 3023 12 0
0 3023 13 0
0 3023 14 0
0 64575 15 0
0 64575 0 0
0 64575 1 0
0 64575 2 0
0 64575 3 0
0 64575 4 0
0 30950 5 0
0 30950 6 0
0 30950 7 0
0 30950 8 0
0 30950 9 0
0 30950 10 0
0 14513 11 0
0 14513 12 0
0 14513 13 0
0 14513 14 0
0 14513 15 0
0 14513 0 0
0 12431 1 0
0 12431 2 0
0 12431 3 0
0 12431 4 0
0 12431 5 0
0 12431 6 0
0 18191 7 0
0 18191 8 0
0 18191 9 0
0 18191 10 0
0 18191 11 0
0 18191 12 0
0 36798 13 0
0 36798 14 0
0 36798 15 0
0 36798 0 0
0 36798 1 0
0 36798 2 0
0 3025 3 0
0 3025 4 0
0 3025 5 0
0 3025 6 0
0 3025 7 0
0 3025 8 0
0 22323 9 0
0 22323 10 0
0 22323 11 0
0 22323 12 0
0 22323 13 0
0 22323 14 0
0 34469 15 0
0 34469 0 0
0 34469 1 0
0 34469 2 0
0 34469 3 0
0 34469 4 0
0 20376 5 0
0 20376 6 0
0 20376 7 0
0 20376 8 0
0 20376 9 0
0 20376 10 0
0 7050 11 0
0 7050 12 0
0 7050 13 0
0 7050 14 0
0 7050 15 0
0 7050 0 0
0 51558 1 0
0 51558 2 0
0 51558 3 0
0 51558 4 0
0 51558 5 0
0 51558 6 0
0 1414 7 0
0 1414 8 0
0 1414 9 0
0 1414 10 0
0 1414 11 0
0 1414 12 0
0 3699 13 0
0 3699 14 0
0 3699 15 0
0 3699 0 0
0 3699 1 0
0 3699 2 0
0 2163 3 0
0 2163 4 0
0 2163 5 0
0 2163 6 0
0 2163 7 0
0 2163 8 0
0 50210 9 0
0 50210 10 0
0 50210 11 0
0 50210 12 0
0 50210 13 0
0 50210 14 0
0 62640 15 0
0 62640 0 0
0 62640 1 0
0 62640 2 0
0 62640 3 0
0 62640 4 0
0 43907 5 0
0 43907 6 0
0 43907 7 0
0 43907 8 0
0 43907 9 0
0 43907 10 0
0 40669 11 0
0 40669 12 0
0 40669 13 0
0 40669 14 0
0 40669 15 0
0 40669 0 0
0 37055 1 0
0 37055 2 0
0 37055 3 0
0 37055 4 0
0 37055 5 0
0 37055 6 0
0 46136 7 0
0 46136 8 0
0 46136 9 0
0 46136 10 0
0 46136 11 0
0 46136 12 0
0 20319 13 0
0 20319 14 0
0 20319 15 0
0 20319 0 0
0 20319 1 0
0 20319 2 0
0 13892 3 0
0 13892 4 0
0 13892 5 0
0 13892 6 0
0 13892 7 0
0 13892 8 0
0 21592 9 0
0 21592 10 0
0 21592 11 0
0 21592 12 0
0 21592 13 0
0 21592 14 0
0 59591 15 0
0 59591 0 0
0 59591 1 0
0 59591 2 0
0 59591 3 0
0 59591 4 0
0 41296 5 0
0 41296 6 0
0 41296 7 0
0 41296 8 0
0 41296 9 0
0 41296 10 0
0 16193 11 0
0 16193 12 0
0 16193 13 0
0 16193 14 0
0 16193 15 0
0 16193 0 0
0 36894 1 0
0 36894 2 0
0 36894 3 0
0 36894 4 0
0 36894 5 0
0 36894 6 0
0 53949 7 0
0 53949 8 0
0 53949 9 0
0 53949 10 0
0 53949 11 0
0 53949 12 0
0 62409 13 0
0 62409 14 0
0 62409 15 0
0 62409 0 0
0 62409 1 0
0 62409 2 0
0 46221 3 0
0 46221 4 0
0 46221 5 0
0 46221 6 0
0 46221 7 0
0 46221 8 0
0 46159 9 0
0 46159 10 0
0 46159 11 0
0 46159 12 0
0 46159 13 0
0 46159 14 0
0 56602 15 0
0 56602 0 0
0 56602 1 0
0 56602 2 0
0 56602 3 0
0 56602 4 0
0 62331 5 0
0 62331 6 0
0 62331 7 0
0 62331 8 0
0 62331 9 0
0 62331 10 0
0 17226 11 0
0 17226 12 0
0 17226 13 0
0 17226 14 0
0 17226 15 0
0 17226 0 0
0 12284 1 0
0 12284 2 0
0 12284 3 0
0 12284 4 0
0 12284 5 0
0 12284 6 0
0 50428 7 0
0 50428 8 0
0 50428 9 0
0 50428 10 0
0 50428 11 0
0 50428 12 0
0 17341 13 0
0 17341 14 0
0 17341 15 0
0 17341 0 0
0 17341 1 0
0 17341 2 0
0 47948 3 0
0 47948 4 0
0 47948 5 0
0 47948 6 0
0 47948 7 0
0 47948 8 0
0 39326 9 0
0 39326 10 0
0 39326 11 0
0 39326 12 0
0 39326 13 0
0 39326 14 0
0 36553 15 0
0 36553 0 0
0 36553 1 0
0 36553 2 0
0 36553 3 0
0 36553 4 0
0 47211 5 0
0 47211 6 0
0 47211 7 0
0 47211 8 0
0 47211 9 0
0 47211 10 0
0 25052 11 0
0 25052 12 0
0 25052 13 0
0 25052 14 0
0 25052 15 0
0 25052 0 0
0 22913 1 0
0 22913 2 0
0 22913 3 0
0 22913 4 0
0 22913 5 0
0 22913 6 0
0 24311 7 0
0 24311 8 0
0 24311 9 0
0 24311 10 0
0 24311 11 0
0 24311 12 0
0 64077 13 0
0 64077 14 0
0 64077 15 0
0 64077 0 0
0 64077 1 0
0 64077 2 0
0 7008 3 0
0 7008 4 0
0 7008 5 0
0 7008 6 0
0 7008 7 0
0 7008 8 0
0 15473 9 0
0 15473 10 0
0 15473 11 0
0 15473 12 0
0 15473 13 0
0 15473 14 0
0 49662 15 0
0 49662 0 0
0 49662 1 0
0 49662 2 0
0 49662 3 0
0 49662 4 0
0 60199 5 0
0 60199 6 0
0 60199 7 0
0 60199 8 0
0 60199 9 0
0 60199 10 0
0 40281 11 0
0 40281 12 0
0 40281 13 0
0 40281 14 0
0 40281 15 0
0 40281 0 0
0 13795 1 0
0 13795 2 0
0 13795 3 0
0 13795 4 0
0 13795 5 0
0 13795 6 0
0 25278 7 0
0 25278 8 0
0 25278 9 0
0 25278 10 0
0 25278 11 0
0 25278 12 0
0 13318 13 0
0 13318 14 0
0 13318 15 0
0 13318 0 0
0 13318 1 0
0 13318 2 0
0 33489 3 0
0 33489 4 0
0 33489 5 0
0 33489 6 0
0 33489 7 0
0 33489 8 0
0 17770 9 0
0 17770 10 0
0 17770 11 0
0 17770 12 0
0 17770 13 0
0 17770 14 0
0 61203 15 0
0 61203 0 0
0 61203 1 0
0 61203 2 0
0 61203 3 0
0 61203 4 0
0 16808 5 0
0 16808 6 0
0 16808 7 0
0 16808 8 0
0 16808 9 0
0 16808 10 0
0 59729 11 0
0 59729 12 0
0 59729 13 0
0 59729 14 0
0 59729 15 0
0 59729 0 0
0 64708 1 0
0 64708 2 0
0 64708 3 0
0 64708 4 0
0 64708 5 0
0 64708 6 0
0 13573 7 0
0 13573 8 0
0 13573 9 0
0 13573 10 0
0 13573 11 0
0 13573 12 0
0 44781 13 0
0 44781 14 0
0 44781 15 0
0 44781 0 0
0 44781 1 0
0 44781 2 0
0 46183 3 0
0 46183 4 0
0 46183 5 0
0 46183 6 0
0 46183 7 0
0 46183 8 0
0 2876 9 0
0 2876 10 0
0 2876 11 0
0 2876 12 0
0 2876 13 0
0 2876 14 0
0 52980 15 0
0 52980 0 0
0 52980 1 0
0 52980 2 0
0 52980 3 0
0 52980 4 0
0 21146 5 0
0 21146 6 0
0 21146 7 0
0 21146 8 0
0 21146 9 0
0 21146 10 0
0 23550 11 0
0 23550 12 0
0 23550 13 0
0 23550 14 0
0 23550 15 0
0 23550 0 0
0 16626 1 0
0 16626 2 0
0 16626 3 0
0 16626 4 0
0 16626 5 0
0 16626 6 0
0 32217 7 0
0 32217 8 0
0 32217 9 0
0 32217 10 0
0 32217 11 0
0 32217 12 0
0 56619 13 0
0 56619 14 0
0 56619 15 0
0 56619 0 0
0 56619 1 0
0 56619 2 0
0 34320 3 0
0 34320 4 0
0 34320 5 0
0 34320 6 0
0 34320 7 0
0 34320 8 0
0 33574 9 0
0 33574 10 0
0 33574 11 0
0 33574 12 0
0 33574 13 0
0 33574 14 0
0 21040 15 0
0 21040 0 0
0 21040 1 0
0 21040 2 0
0 21040 3 0
0 21040 4 0
0 29806 5 0
0 29806 6 0
0 29806 7 0
0 29806 8 0
0 29806 9 0
0 29806 10 0
0 30608 11 0
0 30608 12 0
0 30608 13 0
0 30608 14 0
0 30608 15 0
0 30608 0 0
0 4466 1 0
0 4466 2 0
0 4466 3 0
0 4466 4 0
0 4466 5 0
0 4466 6 0
0 49871 7 0
0 49871 8 0
0 49871 9 0
0 49871 10 0
0 49871 11 0
0 49871 12 0
0 39849 13 0
0 39849 14 0
0 39849 15 0
0 39849 0 0
0 39849 1 0
0 39849 2 0
0 35930 3 0
0 35930 4 0
0 35930 5 0
0 35930 6 0
0 35930 7 0
0 35930 8 0
0 41927 9 0
0 41927 10 0
0 41927 11 0
0 41927 12 0
0 41927 13 0
0 41927 14 0
0 25592 15 0
0 25592 0 0
0 25592 1 0
0 25592 2 0
0 25592 3 0
0 25592 4 0
0 49903 5 0
0 49903 6 0
0 49903 7 0
0 49903 8 0
0 49903 9 0
0 49903 10 0
0 11699 11 0
0 11699 12 0
0 11699 13 0
0 11699 14 0
0 11699 15 0
0 11699 0 0
0 56682 1 0
0 56682 2 0
0 56682 3 0
0 56682 4 0
0 56682 5 0
0 56682 6 0
0 36048 7 0
0 36048 8 0
0 36048 9 0
0 36048 10 0
0 36048 11 0
0 36048 12 0
0 30272 13 0
0 30272 14 0
0 30272 15 0
0 30272 0 0
0 30272 1 0
0 30272 2 0
0 5106 3 0
0 5106 4 0
0 5106 5 0
0 5106 6 0
0 5106 7 0
0 5106 8 0
0 50572 9 0
0 50572 10 0
0 50572 11 0
0 50572 12 0
0 50572 13 0
0 50572 14 0
0 49308 15 0
0 49308 0 0
0 49308 1 0
0 49308 2 0
0 49308 3 0
0 49308 4 0
0 56892 5 0
0 56892 6 0
0 56892 7 0
0 56892 8 0
0 56892 9 0
0 56892 10 0
0 16100 11 0
0 16100 12 0
0 16100 13 0
0 16100 14 0
0 16100 15 0
0 16100 0 0
0 27587 1 0
0 27587 2 0
0 27587 3 0
0 27587 4 0
0 27587 5 0
0 27587 6 0
0 57761 7 0
0 57761 8 0
0 57761 9 0
0 57761 10 0
0 57761 11 0
0 57761 12 0
0 3925 13 0
0 3925 14 0
0 3925 15 0
0 3925 0 0
0 3925 1 0
0 3925 2 0
0 60282 3 0
0 60282 4 0
0 60282 5 0
0 60282 6 0
0 60282 7 0
0 60282 8 0
0 4020 9 0
0 4020 10 0
0 4020 11 0
0 4020 12 0
0 4020 13 0
0 4020 14 0
0 2782 15 0
0 2782 0 0
0 2782 1 0
0 2782 2 0
0 2782 3 0
0 2782 4 0
0 9557 5 0
0 9557 6 0
0 9557 7 0
0 9557 8 0
0 9557 9 0
0 9557 10 0
0 16640 11 0
0 16640 12 0
0 16640 13 0
0 16640 14 0
0 16640 15 0
0 16640 0 0
0 12169 1 0
0 12169 2 0
0 12169 3 0
0 12169 4 0
0 12169 5 0
0 12169 6 0
0 35601 7 0
0 35601 8 0
0 35601 9 0
0 35601 10 0
0 35601 11 0
0 35601 12 0
0 19109 13 0
0 19109 14 0
0 19109 15 0
0 19109 0 0
0 19109 1 0
0 19109 2 0
0 39160 3 0
0 39160 4 0
0 39160 5 0
0 39160 6 0
0 39160 7 0
0 39160 8 0
0 12325 9 0
0 12325 10 0
0 12325 11 0
0 12325 12 0
0 12325 13 0
0 12325 14 0
0 52064 15 0
0 52064 0 0
0 52064 1 0
0 52064 2 0
0 52064 3 0
0 52064 4 0
0 6712 5 0
0 6712 6 0
0 6712 7 0
0 6712 8 0
0 6712 9 0
0 6712 10 0
0 17213 11 0
0 17213 12 0
0 17213 13 0
0 17213 14 0
0 17213 15 0
0 17213 0 0
0 41793 1 0
0 41793 2 0
0 41793 3 0
0 41793 4 0
0 41793 5 0
0 41793 6 0
0 49615 7 0
0 49615 8 0
0 49615 9 0
0 49615 10 0
0 49615 11 0
0 49615 12 0
0 52309 13 0
0 52309 14 0
0 52309 15 0
0 52309 0 0
0 52309 1 0
0 52309 2 0
0 17430 3 0
0 17430 4 0
0 17430 5 0
0 17430 6 0
0 17430 7 0
0 17430 8 0
0 39467 9 0
0 39467 10 0
0 39467 11 0
0 39467 12 0
0 39467 13 0
0 39467 14 0
0 27729 15 0
0 27729 0 0
0 27729 1 0
0 27729 2 0
0 27729 3 0
0 27729 4 0
0 56335 5 0
0 56335 6 0
0 56335 7 0
0 56335 8 0
0 56335 9 0
0 56335 10 0
0 37509 11 0
0 37509 12 0
0 37509 13 0
0 37509 14 0
0 37509 15 0
0 37509 0 0
0 16484 1 0
0 16484 2 0
0 16484 3 0
0 16484 4 0
0 16484 5 0
0 16484 6 0
0 50411 7 0
0 50411 8 0
0 50411 9 0
0 50411 10 0
0 50411 11 0
0 50411 12 0
0 31438 13 0
0 31438 14 0
0 31438 15 0
0 31438 0 0
0 31438 1 0
0 31438 2 0
0 8059 3 0
0 8059 4 0
0 8059 5 0
0 8059 6 0
0 8059 7 0
0 8059 8 0
0 35494 9 0
0 35494 10 0
0 35494 11 0
0 35494 12 0
0 35494 13 0
0 35494 14 0
0 28500 15 0
0 28500 0 0
0 28500 1 0
0 28500 2 0
0 28500 3 0
0 28500 4 0
0 29856 5 0
0 29856 6 0
0 29856 7 0
0 29856 8 0
0 29856 9 0
0 29856 10 0
0 62423 11 0
0 62423 12 0
0 62423 13 0
0 62423 14 0
0 62423 15 0
0 62423 0 0
0 62885 1 0
0 62885 2 0
0 62885 3 0
0 62885 4 0
0 62885 5 0
0 62885 6 0
0 21148 7 0
0 21148 8 0
0 21148 9 0
0 21148 10 0
0 21148 11 0
0 21148 12 0
0 29196 13 0
0 29196 14 0
0 29196 15 0
0 29196 0 0
0 29196 1 0
0 29196 2 0
0 63274 3 0
0 63274 4 0
0 63274 5 0
0 63274 6 0
0 63274 7 0
0 63274 8 0
0 33059 9 0
0 33059 10 0
0 33059 11 0
0 33059 12 0
0 33059 13 0
0 33059 14 0
0 28413 15 0
0 28413 0 0
0 28413 1 0
0 28413 2 0
0 28413 3 0
0 28413 4 0
0 29752 5 0
0 29752 6 0
0 29752 7 0
0 29752 8 0
0 29752 9 0
0 29752 10 0
0 30177 11 0
0 30177 12 0
0 30177 13 0
0 30177 14 0
0 30177 15 0
0 30177 0 0
0 59065 1 0
0 59065 2 0
0 59065 3 0
0 59065 4 0
0 59065 5 0
0 59065 6 0
0 60011 7 0
0 60011 8 0
0 60011 9 0
0 60011 10 0
0 60011 11 0
0 60011 12 0
0 55648 13 0
0 55648 14 0
0 55648 15 0
0 55648 0 0
0 55648 1 0
0 55648 2 0
0 22517 3 0
0 22517 4 0
0 22517 5 0
0 22517 6 0
0 22517 7 0
0 22517 8 0
0 37370 9 0
0 37370 10 0
0 37370 11 0
0 37370 12 0
0 37370 13 0
0 37370 14 0
0 44748 15 0
0 44748 0 0
0 44748 1 0
0 44748 2 0
0 44748 3 0
0 44748 4 0
0 62079 5 0
0 62079 6 0
0 62079 7 0
0 62079 8 0
0 62079 9 0
0 62079 10 0
0 16241 11 0
0 16241 12 0
0 16241 13 0
0 16241 14 0
0 16241 15 0
0 16241 0 0
0 13599 1 0
0 13599 2 0
0 13599 3 0
0 13599 4 0
0 13599 5 0
0 13599 6 0
0 19210 7 0
0 19210 8 0
0 19210 9 0
0 19210 10 0
0 19210 11 0
0 19210 12 0
0 39293 13 0
0 39293 14 0
0 39293 15 0
0 39293 0 0
0 39293 1 0
0 39293 2 0
0 55687 3 0
0 55687 4 0
0 55687 5 0
0 55687 6 0
0 55687 7 0
0 55687 8 0
0 16276 9 0
0 16276 10 0
0 16276 11 0
0 16276 12 0
0 16276 13 0
0 16276 14 0
0 34227 15 0
0 34227 0 0
0 34227 1 0
0 34227 2 0
0 34227 3 0
0 34227 4 0
0 57346 5 0
0 57346 6 0
0 57346 7 0
0 57346 8 0
0 57346 9 0
0 57346 10 0
0 37523 11 0
0 37523 12 0
0 37523 13 0
0 37523 14 0
0 37523 15 0
0 37523 0 0
0 43666 1 0
0 43666 2 0
0 43666 3 0
0 43666 4 0
0 43666 5 0
0 43666 6 0
0 13650 7 0
0 13650 8 0
0 13650 9 0
0 13650 10 0
0 13650 11 0
0 13650 12 0
0 44064 13 0
0 44064 14 0
0 44064 15 0
0 44064 0 0
0 44064 1 0
0 44064 2 0
0 10408 3 0
0 10408 4 0
0 10408 5 0
0 10408 6 0
0 10408 7 0
0 10408 8 0
0 48954 9 0
0 48954 10 0
0 48954 11 0
0 48954 12 0
0 48954 13 0
0 48954 14 0
0 17192 15 0
0 17192 0 0
0 17192 1 0
0 17192 2 0
0 17192 3 0
0 17192 4 0
0 47114 5 0
0 47114 6 0
0 47114 7 0
0 47114 8 0
0 47114 9 0
0 47114 10 0
0 44481 11 0
0 44481 12 0
0 44481 13 0
0 44481 14 0
0 44481 15 0
0 44481 0 0
0 51052 1 0
0 51052 2 0
0 51052 3 0
0 51052 4 0
0 51052 5 0
0 51052 6 0
0 50571 7 0
0 50571 8 0
0 50571 9 0
0 50571 10 0
0 50571 11 0
0 50571 12 0
0 63200 13 0
0 63200 14 0
0 63200 15 0
0 63200 0 0
0 63200 1 0
0 63200 2 0
0 5614 3 0
0 5614 4 0
0 5614 5 0
0 5614 6 0
0 5614 7 0
0 5614 8 0
0 12254 9 0
0 12254 10 0
0 12254 11 0
0 12254 12 0
0 12254 13 0
0 12254 14 0
0 31771 15 0
0 31771 0 0
0 31771 1 0
0 31771 2 0
0 31771 3 0
0 31771 4 0
0 64369 5 0
0 64369 6 0
0 64369 7 0
0 64369 8 0
0 64369 9 0
0 64369 10 0
0 13313 11 0
0 13313 12 0
0 13313 13 0
0 13313 14 0
0 13313 15 0
0 13313 0 0
0 18608 1 0
0 18608 2 0
0 18608 3 0
0 18608 4 0
0 18608 5 0
0 18608 6 0
0 62332 7 0
0 62332 8 0
0 62332 9 0
0 62332 10 0
0 62332 11 0
0 62332 12 0
0 1264 13 0
0 1264 14 0
0 1264 15 0
0 1264 0 0
0 1264 1 0
0 1264 2 0
0 4669 3 0
0 4669 4 0
0 4669 5 0
0 4669 6 0
0 4669 7 0
0 4669 8 0
0 62600 9 0
0 62600 10 0
0 62600 11 0
0 62600 12 0
0 62600 13 0
0 62600 14 0
0 12157 15 0
0 12157 0 0
0 12157 1 0
0 12157 2 0
0 12157 3 0
0 12157 4 0
0 37404 5 0
0 37404 6 0
0 37404 7 0
0 37404 8 0
0 37404 9 0
0 37404 10 0
0 29829 11 0
0 29829 12 0
0 29829 13 0
0 29829 14 0
0 29829 15 0
0 29829 0 0
0 51222 1 0
0 51222 2 0
0 51222 3 0
0 51222 4 0
0 51222 5 0
0 51222 6 0
0 60092 7 0
0 60092 8 0
0 60092 9 0
0 60092 10 0
0 60092 11 0
0 60092 12 0
0 48369 13 0
0 48369 14 0
0 48369 15 0
0 48369 0 0
0 48369 1 0
0 48369 2 0
0 9438 3 0
0 9438 4 0
0 9438 5 0
0 9438 6 0
0 9438 7 0
0 9438 8 0
0 28240 9 0
0 28240 10 0
0 28240 11 0
0 28240 12 0
0 28240 13 0
0 28240 14 0
0 15152 15 0
0 15152 0 0
0 15152 1 0
0 15152 2 0
0 15152 3 0
0 15152 4 0
0 3599 5 0
0 3599 6 0
0 3599 7 0
0 3599 8 0
0 3599 9 0
0 3599 10 0
0 40573 11 0
0 40573 12 0
0 40573 13 0
0 40573 14 0
0 40573 15 0
0 40573 0 0
0 61591 1 0
0 61591 2 0
0 61591 3 0
0 61591 4 0
0 61591 5 0
0 61591 6 0
0 44819 7 0
0 44819 8 0
0 44819 9 0
0 44819 10 0
0 44819 11 0
0 44819 12 0
0 535 13 0
0 535 14 0
0 535 15 0
0 535 0 0
0 535 1 0
0 535 2 0
0 38805 3 0
0 38805 4 0
0 38805 5 0
0 38805 6 0
0 38805 7 0
0 38805 8 0
0 38247 9 0
0 38247 10 0
0 38247 11 0
0 38247 12 0
0 38247 13 0
0 38247 14 0
0 48275 15 0
0 48275 0 0
0 48275 1 0
0 48275 2 0
0 48275 3 0
0 48275 4 0
0 36932 5 0
0 36932 6 0
0 36932 7 0
0 36932 8 0
0 36932 9 0
0 36932 10 0
0 32757 11 0
0 32757 12 0
0 32757 13 0
0 32757 14 0
0 32757 15 0
0 32757 0 0
0 50429 1 0
0 50429 2 0
0 50429 3 0
0 50429 4 0
0 50429 5 0
0 50429 6 0
0 63673 7 0
0 63673 8 0
0 63673 9 0
0 63673 10 0
0 63673 11 0
0 63673 12 0
0 57919 13 0
0 57919 14 0
0 57919 15 0
0 57919 0 0
0 57919 1 0
0 57919 2 0
0 1259 3 0
0 1259 4 0
0 1259 5 0
0 1259 6 0
0 1259 7 0
0 1259 8 0
0 39672 9 0
0 39672 10 0
0 39672 11 0
0 39672 12 0
0 39672 13 0
0 39672 14 0
0 36619 15 0
0 36619 0 0
0 36619 1 0
0 36619 2 0
0 36619 3 0
0 36619 4 0
0 64692 5 0
0 64692 6 0
0 64692 7 0
0 64692 8 0
0 64692 9 0
0 64692 10 0
0 48130 11 0
0 48130 12 0
0 48130 13 0
0 48130 14 0
0 48130 15 0
0 48130 0 0
0 20500 1 0
0 20500 2 0
0 20500 3 0
0 20500 4 0
0 20500 5 0
0 20500 6 0
0 65088 7 0
0 65088 8 0
0 65088 9 0
0 65088 10 0
0 65088 11 0
0 65088 12 0
0 63395 13 0
0 63395 14 0
0 63395 15 0
