0 0 0 0
0 0 1 0
0 0 2 0
0 0 3 0
0 0 4 0
0 37057 5 0
0 37057 6 0
0 37057 7 0
0 37057 8 0
0 37057 9 0
0 37057 10 0
0 28556 11 0
0 28556 12 0
0 28556 13 0
0 28556 14 0
0 28556 15 0
0 28556 0 0
0 37452 1 0
0 37452 2 0
0 37452 3 0
0 37452 4 0
0 37452 5 0
0 37452 6 0
0 51441 7 0
0 51441 8 0
0 51441 9 0
0 51441 10 0
0 51441 11 0
0 51441 12 0
0 8582 13 0
0 8582 14 0
0 8582 15 0
0 8582 0 0
0 8582 1 0
0 8582 2 0
0 22963 3 0
0 22963 4 0
0 22963 5 0
0 22963 6 0
0 22963 7 0
0 22963 8 0
0 49226 9 0
0 49226 10 0
0 49226 11 0
0 49226 12 0
0 49226 13 0
0 49226 14 0
0 14915 15 0
0 14915 0 0
0 14915 1 0
0 14915 2 0
0 14915 3 0
0 14915 4 0
0 12478 5 0
0 12478 6 0
0 12478 7 0
0 12478 8 0
0 12478 9 0
0 12478 10 0
0 18150 11 0
0 18150 12 0
0 18150 13 0
0 18150 14 0
0 18150 15 0
0 18150 0 0
0 60400 1 0
0 60400 2 0
0 60400 3 0
0 60400 4 0
0 60400 5 0
0 60400 6 0
0 18898 7 0
0 18898 8 0
0 18898 9 0
0 18898 10 0
0 18898 11 0
0 18898 12 0
0 55385 13 0
0 55385 14 0
0 55385 15 0
0 55385 0 0
0 55385 1 0
0 55385 2 0
0 34288 3 0
0 34288 4 0
0 34288 5 0
0 34288 6 0
0 34288 7 0
0 34288 8 0
0 25569 9 0
0 25569 10 0
0 25569 11 0
0 25569 12 0
0 25569 13 0
0 25569 14 0
0 23283 15 0
0 23283 0 0
0 23283 1 0
0 23283 2 0
0 23283 3 0
0 23283 4 0
0 8969 5 0
0 8969 6 0
0 8969 7 0
0 8969 8 0
0 8969 9 0
0 8969 10 0
0 34742 11 0
0 34742 12 0
0 34742 13 0
0 34742 14 0
0 34742 15 0
0 34742 0 0
0 57736 1 0
0 57736 2 0
0 57736 3 0
0 57736 4 0
0 57736 5 0
0 57736 6 0
0 42867 7 0
0 42867 8 0
0 42867 9 0
0 42867 10 0
0 42867 11 0
0 42867 12 0
0 49305 13 0
0 49305 14 0
0 49305 15 0
0 49305 0 0
0 49305 1 0
0 49305 2 0
0 6719 3 0
0 6719 4 0
0 6719 5 0
0 6719 6 0
0 6719 7 0
0 6719 8 0
0 45131 9 0
0 45131 10 0
0 45131 11 0
0 45131 12 0
0 45131 13 0
0 45131 14 0
0 51120 15 0
0 51120 0 0
0 51120 1 0
0 51120 2 0
0 51120 3 0
0 51120 4 0
0 50325 5 0
0 50325 6 0
0 50325 7 0
0 50325 8 0
0 50325 9 0
0 50325 10 0
0 16497 11 0
0 16497 12 0
0 16497 13 0
0 16497 14 0
0 16497 15 0
0 16497 0 0
0 19915 1 0
0 19915 2 0
0 19915 3 0
0 19915 4 0
0 19915 5 0
0 19915 6 0
0 4559 7 0
0 4559 8 0
0 4559 9 0
0 4559 10 0
0 4559 11 0
0 4559 12 0
0 40028 13 0
0 40028 14 0
0 40028 15 0
0 40028 0 0
0 40028 1 0
0 40028 2 0
0 58153 3 0
0 58153 4 0
0 58153 5 0
0 58153 6 0
0 58153 7 0
0 58153 8 0
0 54507 9 0
0 54507 10 0
0 54507 11 0
0 54507 12 0
0 54507 13 0
0 54507 14 0
0 27542 15 0
0 27542 0 0
0 27542 1 0
0 27542 2 0
0 27542 3 0
0 27542 4 0
0 61434 5 0
0 61434 6 0
0 61434 7 0
0 61434 8 0
0 61434 9 0
0 61434 10 0
0 26666 11 0
0 26666 12 0
0 26666 13 0
0 26666 14 0
0 26666 15 0
0 26666 0 0
0 51305 1 0
0 51305 2 0
0 51305 3 0
0 51305 4 0
0 51305 5 0
0 51305 6 0
0 11498 7 0
0 11498 8 0
0 11498 9 0
0 11498 10 0
0 11498 11 0
0 11498 12 0
0 12788 13 0
0 12788 14 0
0 12788 15 0
0 12788 0 0
0 12788 1 0
0 12788 2 0
0 52705 3 0
0 52705 4 0
0 52705 5 0
0 52705 6 0
0 52705 7 0
0 52705 8 0
0 15938 9 0
0 15938 10 0
0 15938 11 0
0 15938 12 0
0 15938 13 0
0 15938 14 0
0 61153 15 0
0 61153 0 0
0 61153 1 0
0 61153 2 0
0 61153 3 0
0 61153 4 0
0 22010 5 0
0 22010 6 0
0 22010 7 0
0 22010 8 0
0 22010 9 0
0 22010 10 0
0 4231 11 0
0 4231 12 0
0 4231 13 0
0 4231 14 0
0 4231 15 0
0 4231 0 0
0 26412 1 0
0 26412 2 0
0 26412 3 0
0 26412 4 0
0 26412 5 0
0 26412 6 0
0 30541 7 0
0 30541 8 0
0 30541 9 0
0 30541 10 0
0 30541 11 0
0 30541 12 0
0 31550 13 0
0 31550 14 0
0 31550 15 0
0 31550 0 0
0 31550 1 0
0 31550 2 0
0 12469 3 0
0 12469 4 0
0 12469 5 0
0 12469 6 0
0 12469 7 0
0 12469 8 0
0 49542 9 0
0 49542 10 0
0 49542 11 0
0 49542 12 0
0 49542 13 0
0 49542 14 0
0 53279 15 0
0 53279 0 0
0 53279 1 0
0 53279 2 0
0 53279 3 0
0 53279 4 0
0 9130 5 0
0 9130 6 0
0 9130 7 0
0 9130 8 0
0 9130 9 0
0 9130 10 0
0 27868 11 0
0 27868 12 0
0 27868 13 0
0 27868 14 0
0 27868 15 0
0 27868 0 0
0 26045 1 0
0 26045 2 0
0 26045 3 0
0 26045 4 0
0 26045 5 0
0 26045 6 0
0 28638 7 0
0 28638 8 0
0 28638 9 0
0 28638 10 0
0 28638 11 0
0 28638 12 0
0 64459 13 0
0 64459 14 0
0 64459 15 0
0 64459 0 0
0 64459 1 0
0 64459 2 0
0 11908 3 0
0 11908 4 0
0 11908 5 0
0 11908 6 0
0 11908 7 0
0 11908 8 0
0 25095 9 0
0 25095 10 0
0 25095 11 0
0 25095 12 0
0 25095 13 0
0 25095 14 0
0 13059 15 0
0 13059 0 0
0 13059 1 0
0 13059 2 0
0 13059 3 0
0 13059 4 0
0 17068 5 0
0 17068 6 0
0 17068 7 0
0 17068 8 0
0 17068 9 0
0 17068 10 0
0 25599 11 0
0 25599 12 0
0 25599 13 0
0 25599 14 0
0 25599 15 0
0 25599 0 0
0 56575 1 0
0 56575 2 0
0 56575 3 0
0 56575 4 0
0 56575 5 0
0 56575 6 0
0 51760 7 0
0 51760 8 0
0 51760 9 0
0 51760 10 0
0 51760 11 0
0 51760 12 0
0 34353 13 0
0 34353 14 0
0 34353 15 0
0 34353 0 0
0 34353 1 0
0 34353 2 0
0 61779 3 0
0 61779 4 0
0 61779 5 0
0 61779 6 0
0 61779 7 0
0 61779 8 0
0 3784 9 0
0 3784 10 0
0 3784 11 0
0 3784 12 0
0 3784 13 0
0 3784 14 0
0 45979 15 0
0 45979 0 0
0 45979 1 0
0 45979 2 0
0 45979 3 0
0 45979 4 0
0 45268 5 0
0 45268 6 0
0 45268 7 0
0 45268 8 0
0 45268 9 0
0 45268 10 0
0 26988 11 0
0 26988 12 0
0 26988 13 0
0 26988 14 0
0 26988 15 0
0 26988 0 0
0 4543 1 0
0 4543 2 0
0 4543 3 0
0 4543 4 0
0 4543 5 0
0 4543 6 0
0 25899 7 0
0 25899 8 0
0 25899 9 0
0 25899 10 0
0 25899 11 0
0 25899 12 0
0 57742 13 0
0 57742 14 0
0 57742 15 0
0 57742 0 0
0 57742 1 0
0 57742 2 0
0 28212 3 0
0 28212 4 0
0 28212 5 0
0 28212 6 0
0 28212 7 0
0 28212 8 0
0 27792 9 0
0 27792 10 0
0 27792 11 0
0 27792 12 0
0 27792 13 0
0 27792 14 0
0 919 15 0
0 919 0 0
0 919 1 0
0 919 2 0
0 919 3 0
0 919 4 0
0 18788 5 0
0 18788 6 0
0 18788 7 0
0 18788 8 0
0 18788 9 0
0 18788 10 0
0 31011 11 0
0 31011 12 0
0 31011 13 0
0 31011 14 0
0 31011 15 0
0 31011 0 0
0 59472 1 0
0 59472 2 0
0 59472 3 0
0 59472 4 0
0 59472 5 0
0 59472 6 0
0 61845 7 0
0 61845 8 0
0 61845 9 0
0 61845 10 0
0 61845 11 0
0 61845 12 0
0 11981 13 0
0 11981 14 0
0 11981 15 0
0 11981 0 0
0 11981 1 0
0 11981 2 0
0 36184 3 0
0 36184 4 0
0 36184 5 0
0 36184 6 0
0 36184 7 0
0 36184 8 0
0 38013 9 0
0 38013 10 0
0 38013 11 0
0 38013 12 0
0 38013 13 0
0 38013 14 0
0 51404 15 0
0 51404 0 0
0 51404 1 0
0 51404 2 0
0 51404 3 0
0 51404 4 0
0 43128 5 0
0 43128 6 0
0 43128 7 0
0 43128 8 0
0 43128 9 0
0 43128 10 0
0 38988 11 0
0 38988 12 0
0 38988 13 0
0 38988 14 0
0 38988 15 0
0 38988 0 0
0 11623 1 0
0 11623 2 0
0 11623 3 0
0 11623 4 0
0 11623 5 0
0 11623 6 0
0 16316 7 0
0 16316 8 0
0 16316 9 0
0 16316 10 0
0 16316 11 0
0 16316 12 0
0 65056 13 0
0 65056 14 0
0 65056 15 0
0 65056 0 0
0 65056 1 0
0 65056 2 0
0 48571 3 0
0 48571 4 0
0 48571 5 0
0 48571 6 0
0 48571 7 0
0 48571 8 0
0 11581 9 0
0 11581 10 0
0 11581 11 0
0 11581 12 0
0 11581 13 0
0 11581 14 0
0 30159 15 0
0 30159 0 0
0 30159 1 0
0 30159 2 0
0 30159 3 0
0 30159 4 0
0 17838 5 0
0 17838 6 0
0 17838 7 0
0 17838 8 0
0 17838 9 0
0 17838 10 0
0 53655 11 0
0 53655 12 0
0 53655 13 0
0 53655 14 0
0 53655 15 0
0 53655 0 0
0 31466 1 0
0 31466 2 0
0 31466 3 0
0 31466 4 0
0 31466 5 0
0 31466 6 0
0 2336 7 0
0 2336 8 0
0 2336 9 0
0 2336 10 0
0 2336 11 0
0 2336 12 0
0 63559 13 0
0 63559 14 0
0 63559 15 0
0 63559 0 0
0 63559 1 0
0 63559 2 0
0 37081 3 0
0 37081 4 0
0 37081 5 0
0 37081 6 0
0 37081 7 0
0 37081 8 0
0 18871 9 0
0 18871 10 0
0 18871 11 0
0 18871 12 0
0 18871 13 0
0 18871 14 0
0 48517 15 0
0 48517 0 0
0 48517 1 0
0 48517 2 0
0 48517 3 0
0 48517 4 0
0 19082 5 0
0 19082 6 0
0 19082 7 0
0 19082 8 0
0 19082 9 0
0 19082 10 0
0 15172 11 0
0 15172 12 0
0 15172 13 0
0 15172 14 0
0 15172 15 0
0 15172 0 0
0 42135 1 0
0 42135 2 0
0 42135 3 0
0 42135 4 0
0 42135 5 0
0 42135 6 0
0 41968 7 0
0 41968 8 0
0 41968 9 0
0 41968 10 0
0 41968 11 0
0 41968 12 0
0 9907 13 0
0 9907 14 0
0 9907 15 0
0 9907 0 0
0 9907 1 0
0 9907 2 0
0 47119 3 0
0 47119 4 0
0 47119 5 0
0 47119 6 0
0 47119 7 0
0 47119 8 0
0 25115 9 0
0 25115 10 0
0 25115 11 0
0 25115 12 0
0 25115 13 0
0 25115 14 0
0 26244 15 0
0 26244 0 0
0 26244 1 0
0 26244 2 0
0 26244 3 0
0 26244 4 0
0 38691 5 0
0 38691 6 0
0 38691 7 0
0 38691 8 0
0 38691 9 0
0 38691 10 0
0 55554 11 0
0 55554 12 0
0 55554 13 0
0 55554 14 0
0 55554 15 0
0 55554 0 0
0 49656 1 0
0 49656 2 0
0 49656 3 0
0 49656 4 0
0 49656 5 0
0 49656 6 0
0 51742 7 0
0 51742 8 0
0 51742 9 0
0 51742 10 0
0 51742 11 0
0 51742 12 0
0 4650 13 0
0 4650 14 0
0 4650 15 0
0 4650 0 0
0 4650 1 0
0 4650 2 0
0 18707 3 0
0 18707 4 0
0 18707 5 0
0 18707 6 0
0 18707 7 0
0 18707 8 0
0 57786 9 0
0 57786 10 0
0 57786 11 0
0 57786 12 0
0 57786 13 0
0 57786 14 0
0 10106 15 0
0 10106 0 0
0 10106 1 0
0 10106 2 0
0 10106 3 0
0 10106 4 0
0 37721 5 0
0 37721 6 0
0 37721 7 0
0 37721 8 0
0 37721 9 0
0 37721 10 0
0 20324 11 0
0 20324 12 0
0 20324 13 0
0 20324 14 0
0 20324 15 0
0 20324 0 0
0 24645 1 0
0 24645 2 0
0 24645 3 0
0 24645 4 0
0 24645 5 0
0 24645 6 0
0 64130 7 0
0 64130 8 0
0 64130 9 0
0 64130 10 0
0 64130 11 0
0 64130 12 0
0 45865 13 0
0 45865 14 0
0 45865 15 0
0 45865 0 0
0 45865 1 0
0 45865 2 0
0 20361 3 0
0 20361 4 0
0 20361 5 0
0 20361 6 0
0 20361 7 0
0 20361 8 0
0 19477 9 0
0 19477 10 0
0 19477 11 0
0 19477 12 0
0 19477 13 0
0 19477 14 0
0 56281 15 0
0 56281 0 0
0 56281 1 0
0 56281 2 0
0 56281 3 0
0 56281 4 0
0 34717 5 0
0 34717 6 0
0 34717 7 0
0 34717 8 0
0 34717 9 0
0 34717 10 0
0 27734 11 0
0 27734 12 0
0 27734 13 0
0 27734 14 0
0 27734 15 0
0 27734 0 0
0 15305 1 0
0 15305 2 0
0 15305 3 0
0 15305 4 0
0 15305 5 0
0 15305 6 0
0 20680 7 0
0 20680 8 0
0 20680 9 0
0 20680 10 0
0 20680 11 0
0 20680 12 0
0 18257 13 0
0 18257 14 0
0 18257 15 0
0 18257 0 0
0 18257 1 0
0 18257 2 0
0 57860 3 0
0 57860 4 0
0 57860 5 0
0 57860 6 0
0 57860 7 0
0 57860 8 0
0 55550 9 0
0 55550 10 0
0 55550 11 0
0 55550 12 0
0 55550 13 0
0 55550 14 0
0 23523 15 0
0 23523 0 0
0 23523 1 0
0 23523 2 0
0 23523 3 0
0 23523 4 0
0 5021 5 0
0 5021 6 0
0 5021 7 0
0 5021 8 0
0 5021 9 0
0 5021 10 0
0 39174 11 0
0 39174 12 0
0 39174 13 0
0 39174 14 0
0 39174 15 0
0 39174 0 0
0 61629 1 0
0 61629 2 0
0 61629 3 0
0 61629 4 0
0 61629 5 0
0 61629 6 0
0 11178 7 0
0 11178 8 0
0 11178 9 0
0 11178 10 0
0 11178 11 0
0 11178 12 0
0 48060 13 0
0 48060 14 0
0 48060 15 0
0 48060 0 0
0 48060 1 0
0 48060 2 0
0 12913 3 0
0 12913 4 0
0 12913 5 0
0 12913 6 0
0 12913 7 0
0 12913 8 0
0 13238 9 0
0 13238 10 0
0 13238 11 0
0 13238 12 0
0 13238 13 0
0 13238 14 0
0 64785 15 0
0 64785 0 0
0 64785 1 0
0 64785 2 0
0 64785 3 0
0 64785 4 0
0 32196 5 0
0 32196 6 0
0 32196 7 0
0 32196 8 0
0 32196 9 0
0 32196 10 0
0 5600 11 0
0 5600 12 0
0 5600 13 0
0 5600 14 0
0 5600 15 0
0 5600 0 0
0 3946 1 0
0 3946 2 0
0 3946 3 0
0 3946 4 0
0 3946 5 0
0 3946 6 0
0 11307 7 0
0 11307 8 0
0 11307 9 0
0 11307 10 0
0 11307 11 0
0 11307 12 0
0 61034 13 0
0 61034 14 0
0 61034 15 0
0 61034 0 0
0 61034 1 0
0 61034 2 0
0 34084 3 0
0 34084 4 0
0 34084 5 0
0 34084 6 0
0 34084 7 0
0 34084 8 0
0 33666 9 0
0 33666 10 0
0 33666 11 0
0 33666 12 0
0 33666 13 0
0 33666 14 0
0 49331 15 0
0 49331 0 0
0 49331 1 0
0 49331 2 0
0 49331 3 0
0 49331 4 0
0 21295 5 0
0 21295 6 0
0 21295 7 0
0 21295 8 0
0 21295 9 0
0 21295 10 0
0 31141 11 0
0 31141 12 0
0 31141 13 0
0 31141 14 0
0 31141 15 0
0 31141 0 0
0 15987 1 0
0 15987 2 0
0 15987 3 0
0 15987 4 0
0 15987 5 0
0 15987 6 0
0 20952 7 0
0 20952 8 0
0 20952 9 0
0 20952 10 0
0 20952 11 0
0 20952 12 0
0 65099 13 0
0 65099 14 0
0 65099 15 0
0 65099 0 0
0 65099 1 0
0 65099 2 0
0 31875 3 0
0 31875 4 0
0 31875 5 0
0 31875 6 0
0 31875 7 0
0 31875 8 0
0 1724 9 0
0 1724 10 0
0 1724 11 0
0 1724 12 0
0 1724 13 0
0 1724 14 0
0 29684 15 0
0 29684 0 0
0 29684 1 0
0 29684 2 0
0 29684 3 0
0 29684 4 0
0 18814 5 0
0 18814 6 0
0 18814 7 0
0 18814 8 0
0 18814 9 0
0 18814 10 0
0 18908 11 0
0 18908 12 0
0 18908 13 0
0 18908 14 0
0 18908 15 0
0 18908 0 0
0 20230 1 0
0 20230 2 0
0 20230 3 0
0 20230 4 0
0 20230 5 0
0 20230 6 0
0 23240 7 0
0 23240 8 0
0 23240 9 0
0 23240 10 0
0 23240 11 0
0 23240 12 0
0 8901 13 0
0 8901 14 0
0 8901 15 0
0 8901 0 0
0 8901 1 0
0 8901 2 0
0 13841 3 0
0 13841 4 0
0 13841 5 0
0 13841 6 0
0 13841 7 0
0 13841 8 0
0 36626 9 0
0 36626 10 0
0 36626 11 0
0 36626 12 0
0 36626 13 0
0 36626 14 0
0 12512 15 0
0 12512 0 0
0 12512 1 0
0 12512 2 0
0 12512 3 0
0 12512 4 0
0 35328 5 0
0 35328 6 0
0 35328 7 0
0 35328 8 0
0 35328 9 0
0 35328 10 0
0 61319 11 0
0 61319 12 0
0 61319 13 0
0 61319 14 0
0 61319 15 0
0 61319 0 0
0 33812 1 0
0 33812 2 0
0 33812 3 0
0 33812 4 0
0 33812 5 0
0 33812 6 0
0 55030 7 0
0 55030 8 0
0 55030 9 0
0 55030 10 0
0 55030 11 0
0 55030 12 0
0 5439 13 0
0 5439 14 0
0 5439 15 0
0 5439 0 0
0 5439 1 0
0 5439 2 0
0 9796 3 0
0 9796 4 0
0 9796 5 0
0 9796 6 0
0 9796 7 0
0 9796 8 0
0 18528 9 0
0 18528 10 0
0 18528 11 0
0 18528 12 0
0 18528 13 0
0 18528 14 0
0 59180 15 0
0 59180 0 0
0 59180 1 0
0 59180 2 0
0 59180 3 0
0 59180 4 0
0 7682 5 0
0 7682 6 0
0 7682 7 0
0 7682 8 0
0 7682 9 0
0 7682 10 0
0 45486 11 0
0 45486 12 0
0 45486 13 0
0 45486 14 0
0 45486 15 0
0 45486 0 0
0 43628 1 0
0 43628 2 0
0 43628 3 0
0 43628 4 0
0 43628 5 0
0 43628 6 0
0 33284 7 0
0 33284 8 0
0 33284 9 0
0 33284 10 0
0 33284 11 0
0 33284 12 0
0 53450 13 0
0 53450 14 0
0 53450 15 0
0 53450 0 0
0 53450 1 0
0 53450 2 0
0 51181 3 0
0 51181 4 0
0 51181 5 0
0 51181 6 0
0 51181 7 0
0 51181 8 0
0 2906 9 0
0 2906 10 0
0 2906 11 0
0 2906 12 0
0 2906 13 0
0 2906 14 0
0 38860 15 0
0 38860 0 0
0 38860 1 0
0 38860 2 0
0 38860 3 0
0 38860 4 0
0 31701 5 0
0 31701 6 0
0 31701 7 0
0 31701 8 0
0 31701 9 0
0 31701 10 0
0 27826 11 0
0 27826 12 0
0 27826 13 0
0 27826 14 0
0 27826 15 0
0 27826 0 0
0 11684 1 0
0 11684 2 0
0 11684 3 0
0 11684 4 0
0 11684 5 0
0 11684 6 0
0 18873 7 0
0 18873 8 0
0 18873 9 0
0 18873 10 0
0 18873 11 0
0 18873 12 0
0 32487 13 0
0 32487 14 0
0 32487 15 0
0 32487 0 0
0 32487 1 0
0 32487 2 0
0 27918 3 0
0 27918 4 0
0 27918 5 0
0 27918 6 0
0 27918 7 0
0 27918 8 0
0 59372 9 0
0 59372 10 0
0 59372 11 0
0 59372 12 0
0 59372 13 0
0 59372 14 0
0 41900 15 0
0 41900 0 0
0 41900 1 0
0 41900 2 0
0 41900 3 0
0 41900 4 0
0 1400 5 0
0 1400 6 0
0 1400 7 0
0 1400 8 0
0 1400 9 0
0 1400 10 0
0 32831 11 0
0 32831 12 0
0 32831 13 0
0 32831 14 0
0 32831 15 0
0 32831 0 0
0 55159 1 0
0 55159 2 0
0 55159 3 0
0 55159 4 0
0 55159 5 0
0 55159 6 0
0 16930 7 0
0 16930 8 0
0 16930 9 0
0 16930 10 0
0 16930 11 0
0 16930 12 0
0 43501 13 0
0 43501 14 0
0 43501 15 0
0 43501 0 0
0 43501 1 0
0 43501 2 0
0 50887 3 0
0 50887 4 0
0 50887 5 0
0 50887 6 0
0 50887 7 0
0 50887 8 0
0 26271 9 0
0 26271 10 0
0 26271 11 0
0 26271 12 0
0 26271 13 0
0 26271 14 0
0 39090 15 0
0 39090 0 0
0 39090 1 0
0 39090 2 0
0 39090 3 0
0 39090 4 0
0 12443 5 0
0 12443 6 0
0 12443 7 0
0 12443 8 0
0 12443 9 0
0 12443 10 0
0 58347 11 0
0 58347 12 0
0 58347 13 0
0 58347 14 0
0 58347 15 0
0 58347 0 0
0 35347 1 0
0 35347 2 0
0 35347 3 0
0 35347 4 0
0 35347 5 0
0 35347 6 0
0 31051 7 0
0 31051 8 0
0 31051 9 0
0 31051 10 0
0 31051 11 0
0 31051 12 0
0 34317 13 0
0 34317 14 0
0 34317 15 0
0 34317 0 0
0 34317 1 0
0 34317 2 0
0 40144 3 0
0 40144 4 0
0 40144 5 0
0 40144 6 0
0 40144 7 0
0 40144 8 0
0 11099 9 0
0 11099 10 0
0 11099 11 0
0 11099 12 0
0 11099 13 0
0 11099 14 0
0 48224 15 0
0 48224 0 0
0 48224 1 0
0 48224 2 0
0 48224 3 0
0 48224 4 0
0 18999 5 0
0 18999 6 0
0 18999 7 0
0 18999 8 0
0 18999 9 0
0 18999 10 0
0 58974 11 0
0 58974 12 0
0 58974 13 0
0 58974 14 0
0 58974 15 0
0 58974 0 0
0 3442 1 0
0 3442 2 0
0 3442 3 0
0 3442 4 0
0 3442 5 0
0 3442 6 0
0 50635 7 0
0 50635 8 0
0 50635 9 0
0 50635 10 0
0 50635 11 0
0 50635 12 0
0 58628 13 0
0 58628 14 0
0 58628 15 0
0 58628 0 0
0 58628 1 0
0 58628 2 0
0 6811 3 0
0 6811 4 0
0 6811 5 0
0 6811 6 0
0 6811 7 0
0 6811 8 0
0 37400 9 0
0 37400 10 0
0 37400 11 0
0 37400 12 0
0 37400 13 0
0 37400 14 0
0 55557 15 0
0 55557 0 0
0 55557 1 0
0 55557 2 0
0 55557 3 0
0 55557 4 0
0 61368 5 0
0 61368 6 0
0 61368 7 0
0 61368 8 0
0 61368 9 0
0 61368 10 0
0 25513 11 0
0 25513 12 0
0 25513 13 0
0 25513 14 0
0 25513 15 0
0 25513 0 0
0 21013 1 0
0 21013 2 0
0 21013 3 0
0 21013 4 0
0 21013 5 0
0 21013 6 0
0 986 7 0
0 986 8 0
0 986 9 0
0 986 10 0
0 986 11 0
0 986 12 0
0 34968 13 0
0 34968 14 0
0 34968 15 0
0 34968 0 0
0 34968 1 0
0 34968 2 0
0 14021 3 0
0 14021 4 0
0 14021 5 0
0 14021 6 0
0 14021 7 0
0 14021 8 0
0 50448 9 0
0 50448 10 0
0 50448 11 0
0 50448 12 0
0 50448 13 0
0 50448 14 0
0 33698 15 0
0 33698 0 0
0 33698 1 0
0 33698 2 0
0 33698 3 0
0 33698 4 0
0 25931 5 0
0 25931 6 0
0 25931 7 0
0 25931 8 0
0 25931 9 0
0 25931 10 0
0 63543 11 0
0 63543 12 0
0 63543 13 0
0 63543 14 0
0 63543 15 0
0 63543 0 0
0 61712 1 0
0 61712 2 0
0 61712 3 0
0 61712 4 0
0 61712 5 0
0 61712 6 0
0 34699 7 0
0 34699 8 0
0 34699 9 0
0 34699 10 0
0 34699 11 0
0 34699 12 0
0 52973 13 0
0 52973 14 0
0 52973 15 0
0 52973 0 0
0 52973 1 0
0 52973 2 0
0 17394 3 0
0 17394 4 0
0 17394 5 0
0 17394 6 0
0 17394 7 0
0 17394 8 0
0 65196 9 0
0 65196 10 0
0 65196 11 0
0 65196 12 0
0 65196 13 0
0 65196 14 0
0 35144 15 0
0 35144 0 0
0 35144 1 0
0 35144 2 0
0 35144 3 0
0 35144 4 0
0 22542 5 0
0 22542 6 0
0 22542 7 0
0 22542 8 0
0 22542 9 0
0 22542 10 0
0 2037 11 0
0 2037 12 0
0 2037 13 0
0 2037 14 0
0 2037 15 0
0 2037 0 0
0 27230 1 0
0 27230 2 0
0 27230 3 0
0 27230 4 0
0 27230 5 0
0 27230 6 0
0 44418 7 0
0 44418 8 0
0 44418 9 0
0 44418 10 0
0 44418 11 0
0 44418 12 0
0 34303 13 0
0 34303 14 0
0 34303 15 0
0 34303 0 0
0 34303 1 0
0 34303 2 0
0 14321 3 0
0 14321 4 0
0 14321 5 0
0 14321 6 0
0 14321 7 0
0 14321 8 0
0 4089 9 0
0 4089 10 0
0 4089 11 0
0 4089 12 0
0 4089 13 0
0 4089 14 0
0 57157 15 0
0 57157 0 0
0 57157 1 0
0 57157 2 0
0 57157 3 0
0 57157 4 0
0 40650 5 0
0 40650 6 0
0 40650 7 0
0 40650 8 0
0 40650 9 0
0 40650 10 0
0 42283 11 0
0 42283 12 0
0 42283 13 0
0 42283 14 0
0 42283 15 0
0 42283 0 0
0 25236 1 0
0 25236 2 0
0 25236 3 0
0 25236 4 0
0 25236 5 0
0 25236 6 0
0 43309 7 0
0 43309 8 0
0 43309 9 0
0 43309 10 0
0 43309 11 0
0 43309 12 0
0 53779 13 0
0 53779 14 0
0 53779 15 0
0 53779 0 0
0 53779 1 0
0 53779 2 0
0 16713 3 0
0 16713 4 0
0 16713 5 0
0 16713 6 0
0 16713 7 0
0 16713 8 0
0 16243 9 0
0 16243 10 0
0 16243 11 0
0 16243 12 0
0 16243 13 0
0 16243 14 0
0 32763 15 0
0 32763 0 0
0 32763 1 0
0 32763 2 0
0 32763 3 0
0 32763 4 0
0 46856 5 0
0 46856 6 0
0 46856 7 0
0 46856 8 0
0 46856 9 0
0 46856 10 0
0 61915 11 0
0 61915 12 0
0 61915 13 0
0 61915 14 0
0 61915 15 0
0 61915 0 0
0 57856 1 0
0 57856 2 0
0 57856 3 0
0 57856 4 0
0 57856 5 0
0 57856 6 0
0 22775 7 0
0 22775 8 0
0 22775 9 0
0 22775 10 0
0 22775 11 0
0 22775 12 0
0 46404 13 0
0 46404 14 0
0 46404 15 0
0 46404 0 0
0 46404 1 0
0 46404 2 0
0 56057 3 0
0 56057 4 0
0 56057 5 0
0 56057 6 0
0 56057 7 0
0 56057 8 0
0 57194 9 0
0 57194 10 0
0 57194 11 0
0 57194 12 0
0 57194 13 0
0 57194 14 0
0 53757 15 0
0 53757 0 0
0 53757 1 0
0 53757 2 0
0 53757 3 0
0 53757 4 0
0 47792 5 0
0 47792 6 0
0 47792 7 0
0 47792 8 0
0 47792 9 0
0 47792 10 0
0 13836 11 0
0 13836 12 0
0 13836 13 0
0 13836 14 0
0 13836 15 0
0 13836 0 0
0 11507 1 0
0 11507 2 0
0 11507 3 0
0 11507 4 0
0 11507 5 0
0 11507 6 0
0 59353 7 0
0 59353 8 0
0 59353 9 0
0 59353 10 0
0 59353 11 0
0 59353 12 0
0 17172 13 0
0 17172 14 0
0 17172 15 0
0 17172 0 0
0 17172 1 0
0 17172 2 0
0 12590 3 0
0 12590 4 0
0 12590 5 0
0 12590 6 0
0 12590 7 0
0 12590 8 0
0 2038 9 0
0 2038 10 0
0 2038 11 0
0 2038 12 0
0 2038 13 0
0 2038 14 0
0 50627 15 0
0 50627 0 0
0 50627 1 0
0 50627 2 0
0 50627 3 0
0 50627 4 0
0 62915 5 0
0 62915 6 0
0 62915 7 0
0 62915 8 0
0 62915 9 0
0 62915 10 0
0 31122 11 0
0 31122 12 0
0 31122 13 0
0 31122 14 0
0 31122 15 0
0 31122 0 0
0 51551 1 0
0 51551 2 0
0 51551 3 0
0 51551 4 0
0 51551 5 0
0 51551 6 0
0 12665 7 0
0 12665 8 0
0 12665 9 0
0 12665 10 0
0 12665 11 0
0 12665 12 0
0 55293 13 0
0 55293 14 0
0 55293 15 0
0 55293 0 0
0 55293 1 0
0 55293 2 0
0 7508 3 0
0 7508 4 0
0 7508 5 0
0 7508 6 0
0 7508 7 0
0 7508 8 0
0 38840 9 0
0 38840 10 0
0 38840 11 0
0 38840 12 0
0 38840 13 0
0 38840 14 0
0 22337 15 0
0 22337 0 0
0 22337 1 0
0 22337 2 0
0 22337 3 0
0 22337 4 0
0 39501 5 0
0 39501 6 0
0 39501 7 0
0 39501 8 0
0 39501 9 0
0 39501 10 0
0 36511 11 0
0 36511 12 0
0 36511 13 0
0 36511 14 0
0 36511 15 0
0 36511 0 0
0 16308 1 0
0 16308 2 0
0 16308 3 0
0 16308 4 0
0 16308 5 0
0 16308 6 0
0 44220 7 0
0 44220 8 0
0 44220 9 0
0 44220 10 0
0 44220 11 0
0 44220 12 0
0 17 13 0
0 17 14 0
0 17 15 0
0 17 0 0
0 17 1 0
0 17 2 0
0 18933 3 0
0 18933 4 0
0 18933 5 0
0 18933 6 0
0 18933 7 0
0 18933 8 0
0 199 9 0
0 199 10 0
0 199 11 0
0 199 12 0
0 199 13 0
0 199 14 0
0 12211 15 0
0 12211 0 0
0 12211 1 0
0 12211 2 0
0 12211 3 0
0 12211 4 0
0 44473 5 0
0 44473 6 0
0 44473 7 0
0 44473 8 0
0 44473 9 0
0 44473 10 0
0 44267 11 0
0 44267 12 0
0 44267 13 0
0 44267 14 0
0 44267 15 0
0 44267 0 0
0 59288 1 0
0 59288 2 0
0 59288 3 0
0 59288 4 0
0 59288 5 0
0 59288 6 0
0 26004 7 0
0 26004 8 0
0 26004 9 0
0 26004 10 0
0 26004 11 0
0 26004 12 0
0 31819 13 0
0 31819 14 0
0 31819 15 0
0 31819 0 0
0 31819 1 0
0 31819 2 0
0 49084 3 0
0 49084 4 0
0 49084 5 0
0 49084 6 0
0 49084 7 0
0 49084 8 0
0 60453 9 0
0 60453 10 0
0 60453 11 0
0 60453 12 0
0 60453 13 0
0 60453 14 0
0 34278 15 0
0 34278 0 0
0 34278 1 0
0 34278 2 0
0 34278 3 0
0 34278 4 0
0 22440 5 0
0 22440 6 0
0 22440 7 0
0 22440 8 0
0 22440 9 0
0 22440 10 0
0 58946 11 0
0 58946 12 0
0 58946 13 0
0 58946 14 0
0 58946 15 0
0 58946 0 0
0 52471 1 0
0 52471 2 0
0 52471 3 0
0 52471 4 0
0 52471 5 0
0 52471 6 0
0 1946 7 0
0 1946 8 0
0 1946 9 0
0 1946 10 0
0 1946 11 0
0 1946 12 0
0 13533 13 0
0 13533 14 0
0 13533 15 0
0 13533 0 0
0 13533 1 0
0 13533 2 0
0 620 3 0
0 620 4 0
0 620 5 0
0 620 6 0
0 620 7 0
0 620 8 0
0 14042 9 0
0 14042 10 0
0 14042 11 0
0 14042 12 0
0 14042 13 0
0 14042 14 0
0 43205 15 0
0 43205 0 0
0 43205 1 0
0 43205 2 0
0 43205 3 0
0 43205 4 0
0 27226 5 0
0 27226 6 0
0 27226 7 0
0 27226 8 0
0 27226 9 0
0 27226 10 0
0 40956 11 0
0 40956 12 0
0 40956 13 0
0 40956 14 0
0 40956 15 0
0 40956 0 0
0 15078 1 0
0 15078 2 0
0 15078 3 0
0 15078 4 0
0 15078 5 0
0 15078 6 0
0 39483 7 0
0 39483 8 0
0 39483 9 0
0 39483 10 0
0 39483 11 0
0 39483 12 0
0 12127 13 0
0 12127 14 0
0 12127 15 0
0 12127 0 0
0 12127 1 0
0 12127 2 0
0 13416 3 0
0 13416 4 0
0 13416 5 0
0 13416 6 0
0 13416 7 0
0 13416 8 0
0 37839 9 0
0 37839 10 0
0 37839 11 0
0 37839 12 0
0 37839 13 0
0 37839 14 0
0 7985 15 0
0 7985 0 0
0 7985 1 0
0 7985 2 0
0 7985 3 0
0 7985 4 0
0 32222 5 0
0 32222 6 0
0 32222 7 0
0 32222 8 0
0 32222 9 0
0 32222 10 0
0 14583 11 0
0 14583 12 0
0 14583 13 0
0 14583 14 0
0 14583 15 0
0 14583 0 0
0 21567 1 0
0 21567 2 0
0 21567 3 0
0 21567 4 0
0 21567 5 0
0 21567 6 0
0 58270 7 0
0 58270 8 0
0 58270 9 0
0 58270 10 0
0 58270 11 0
0 58270 12 0
0 21702 13 0
0 21702 14 0
0 21702 15 0
0 21702 0 0
0 21702 1 0
0 21702 2 0
0 21720 3 0
0 21720 4 0
0 21720 5 0
0 21720 6 0
0 21720 7 0
0 21720 8 0
0 60980 9 0
0 60980 10 0
0 60980 11 0
0 60980 12 0
0 60980 13 0
0 60980 14 0
0 33794 15 0
0 33794 0 0
0 33794 1 0
0 33794 2 0
0 33794 3 0
0 33794 4 0
0 21994 5 0
0 21994 6 0
0 21994 7 0
0 21994 8 0
0 21994 9 0
0 21994 10 0
0 57652 11 0
0 57652 12 0
0 57652 13 0
0 57652 14 0
0 57652 15 0
0 57652 0 0
0 3572 1 0
0 3572 2 0
0 3572 3 0
0 3572 4 0
0 3572 5 0
0 3572 6 0
0 49612 7 0
0 49612 8 0
0 49612 9 0
0 49612 10 0
0 49612 11 0
0 49612 12 0
0 2140 13 0
0 2140 14 0
0 2140 15 0
0 2140 0 0
0 2140 1 0
0 2140 2 0
0 16082 3 0
0 16082 4 0
0 16082 5 0
0 16082 6 0
0 16082 7 0
0 16082 8 0
0 13165 9 0
0 13165 10 0
0 13165 11 0
0 13165 12 0
0 13165 13 0
0 13165 14 0
0 40606 15 0
0 40606 0 0
0 40606 1 0
0 40606 2 0
0 40606 3 0
0 40606 4 0
0 10861 5 0
0 10861 6 0
0 10861 7 0
0 10861 8 0
0 10861 9 0
0 10861 10 0
0 49995 11 0
0 49995 12 0
0 49995 13 0
0 49995 14 0
0 49995 15 0
0 49995 0 0
0 27349 1 0
0 27349 2 0
0 27349 3 0
0 27349 4 0
0 27349 5 0
0 27349 6 0
0 33618 7 0
0 33618 8 0
0 33618 9 0
0 33618 10 0
0 33618 11 0
0 33618 12 0
0 50310 13 0
0 50310 14 0
0 50310 15 0
0 50310 0 0
0 50310 1 0
0 50310 2 0
0 30084 3 0
0 30084 4 0
0 30084 5 0
0 30084 6 0
0 30084 7 0
0 30084 8 0
0 60701 9 0
0 60701 10 0
0 60701 11 0
0 60701 12 0
0 60701 13 0
0 60701 14 0
0 48236 15 0
0 48236 0 0
0 48236 1 0
0 48236 2 0
0 48236 3 0
0 48236 4 0
0 24454 5 0
0 24454 6 0
0 24454 7 0
0 24454 8 0
0 24454 9 0
0 24454 10 0
0 55766 11 0
0 55766 12 0
0 55766 13 0
0 55766 14 0
0 55766 15 0
0 55766 0 0
0 1096 1 0
0 1096 2 0
0 1096 3 0
0 1096 4 0
0 1096 5 0
0 1096 6 0
0 55171 7 0
0 55171 8 0
0 55171 9 0
0 55171 10 0
0 55171 11 0
0 55171 12 0
0 30632 13 0
0 30632 14 0
0 30632 15 0
0 30632 0 0
0 30632 1 0
0 30632 2 0
0 37131 3 0
0 37131 4 0
0 37131 5 0
0 37131 6 0
0 37131 7 0
0 37131 8 0
0 45457 9 0
0 45457 10 0
0 45457 11 0
0 45457 12 0
0 45457 13 0
0 45457 14 0
0 41135 15 0
0 41135 0 0
0 41135 1 0
0 41135 2 0
0 41135 3 0
0 41135 4 0
0 61984 5 0
0 61984 6 0
0 61984 7 0
0 61984 8 0
0 61984 9 0
0 61984 10 0
0 61283 11 0
0 61283 12 0
0 61283 13 0
0 61283 14 0
0 61283 15 0
0 61283 0 0
0 33197 1 0
0 33197 2 0
0 33197 3 0
0 33197 4 0
0 33197 5 0
0 33197 6 0
0 45165 7 0
0 45165 8 0
0 45165 9 0
0 45165 10 0
0 45165 11 0
0 45165 12 0
0 35758 13 0
0 35758 14 0
0 35758 15 0
