0 0 0 0
0 0 1 0
0 0 2 0
0 0 3 0
0 0 4 0
0 47235 5 0
0 47235 6 0
0 47235 7 0
0 47235 8 0
0 47235 9 0
0 47235 10 0
0 35084 11 0
0 35084 12 0
0 35084 13 0
0 35084 14 0
0 35084 15 0
0 35084 0 0
0 1181 1 0
0 1181 2 0
0 1181 3 0
0 1181 4 0
0 1181 5 0
0 1181 6 0
0 2161 7 0
0 2161 8 0
0 2161 9 0
0 2161 10 0
0 2161 11 0
0 2161 12 0
0 2706 13 0
0 2706 14 0
0 2706 15 0
0 2706 0 0
0 2706 1 0
0 2706 2 0
0 21951 3 0
0 21951 4 0
0 21951 5 0
0 21951 6 0
0 21951 7 0
0 21951 8 0
0 40685 9 0
0 40685 10 0
0 40685 11 0
0 40685 12 0
0 40685 13 0
0 40685 14 0
0 30950 15 0
0 30950 0 0
0 30950 1 0
0 30950 2 0
0 30950 3 0
0 30950 4 0
0 51517 5 0
0 51517 6 0
0 51517 7 0
0 51517 8 0
0 51517 9 0
0 51517 10 0
0 65510 11 0
0 65510 12 0
0 65510 13 0
0 65510 14 0
0 65510 15 0
0 65510 0 0
0 47615 1 0
0 47615 2 0
0 47615 3 0
0 47615 4 0
0 47615 5 0
0 47615 6 0
0 46493 7 0
0 46493 8 0
0 46493 9 0
0 46493 10 0
0 46493 11 0
0 46493 12 0
0 11509 13 0
0 11509 14 0
0 11509 15 0
0 11509 0 0
0 11509 1 0
0 11509 2 0
0 56614 3 0
0 56614 4 0
0 56614 5 0
0 56614 6 0
0 56614 7 0
0 56614 8 0
0 15117 9 0
0 15117 10 0
0 15117 11 0
0 15117 12 0
0 15117 13 0
0 15117 14 0
0 3241 15 0
0 3241 0 0
0 3241 1 0
0 3241 2 0
0 3241 3 0
0 3241 4 0
0 22569 5 0
0 22569 6 0
0 22569 7 0
0 22569 8 0
0 22569 9 0
0 22569 10 0
0 1870 11 0
0 1870 12 0
0 1870 13 0
0 1870 14 0
0 1870 15 0
0 1870 0 0
0 35722 1 0
0 35722 2 0
0 35722 3 0
0 35722 4 0
0 35722 5 0
0 35722 6 0
0 46240 7 0
0 46240 8 0
0 46240 9 0
0 46240 10 0
0 46240 11 0
0 46240 12 0
0 27343 13 0
0 27343 14 0
0 27343 15 0
0 27343 0 0
0 27343 1 0
0 27343 2 0
0 50325 3 0
0 50325 4 0
0 50325 5 0
0 50325 6 0
0 50325 7 0
0 50325 8 0
0 25796 9 0
0 25796 10 0
0 25796 11 0
0 25796 12 0
0 25796 13 0
0 25796 14 0
0 41847 15 0
0 41847 0 0
0 41847 1 0
0 41847 2 0
0 41847 3 0
0 41847 4 0
0 24179 5 0
0 24179 6 0
0 24179 7 0
0 24179 8 0
0 24179 9 0
0 24179 10 0
0 23437 11 0
0 23437 12 0
0 23437 13 0
0 23437 14 0
0 23437 15 0
0 23437 0 0
0 65051 1 0
0 65051 2 0
0 65051 3 0
0 65051 4 0
0 65051 5 0
0 65051 6 0
0 19811 7 0
0 19811 8 0
0 19811 9 0
0 19811 10 0
0 19811 11 0
0 19811 12 0
0 53436 13 0
0 53436 14 0
0 53436 15 0
0 53436 0 0
0 53436 1 0
0 53436 2 0
0 29712 3 0
0 29712 4 0
0 29712 5 0
0 29712 6 0
0 29712 7 0
0 29712 8 0
0 360 9 0
0 360 10 0
0 360 11 0
0 360 12 0
0 360 13 0
0 360 14 0
0 7098 15 0
0 7098 0 0
0 7098 1 0
0 7098 2 0
0 7098 3 0
0 7098 4 0
0 57165 5 0
0 57165 6 0
0 57165 7 0
0 57165 8 0
0 57165 9 0
0 57165 10 0
0 4109 11 0
0 4109 12 0
0 4109 13 0
0 4109 14 0
0 4109 15 0
0 4109 0 0
0 17766 1 0
0 17766 2 0
0 17766 3 0
0 17766 4 0
0 17766 5 0
0 17766 6 0
0 11169 7 0
0 11169 8 0
0 11169 9 0
0 11169 10 0
0 11169 11 0
0 11169 12 0
0 54961 13 0
0 54961 14 0
0 54961 15 0
0 54961 0 0
0 54961 1 0
0 54961 2 0
0 40672 3 0
0 40672 4 0
0 40672 5 0
0 40672 6 0
0 40672 7 0
0 40672 8 0
0 43482 9 0
0 43482 10 0
0 43482 11 0
0 43482 12 0
0 43482 13 0
0 43482 14 0
0 24781 15 0
0 24781 0 0
0 24781 1 0
0 24781 2 0
0 24781 3 0
0 24781 4 0
0 8056 5 0
0 8056 6 0
0 8056 7 0
0 8056 8 0
0 8056 9 0
0 8056 10 0
0 44450 11 0
0 44450 12 0
0 44450 13 0
0 44450 14 0
0 44450 15 0
0 44450 0 0
0 18110 1 0
0 18110 2 0
0 18110 3 0
0 18110 4 0
0 18110 5 0
0 18110 6 0
0 41434 7 0
0 41434 8 0
0 41434 9 0
0 41434 10 0
0 41434 11 0
0 41434 12 0
0 35964 13 0
0 35964 14 0
0 35964 15 0
0 35964 0 0
0 35964 1 0
0 35964 2 0
0 63707 3 0
0 63707 4 0
0 63707 5 0
0 63707 6 0
0 63707 7 0
0 63707 8 0
0 63078 9 0
0 63078 10 0
0 63078 11 0
0 63078 12 0
0 63078 13 0
0 63078 14 0
0 43330 15 0
0 43330 0 0
0 43330 1 0
0 43330 2 0
0 43330 3 0
0 43330 4 0
0 35333 5 0
0 35333 6 0
0 35333 7 0
0 35333 8 0
0 35333 9 0
0 35333 10 0
0 10210 11 0
0 10210 12 0
0 10210 13 0
0 10210 14 0
0 10210 15 0
0 10210 0 0
0 60117 1 0
0 60117 2 0
0 60117 3 0
0 60117 4 0
0 60117 5 0
0 60117 6 0
0 20916 7 0
0 20916 8 0
0 20916 9 0
0 20916 10 0
0 20916 11 0
0 20916 12 0
0 14113 13 0
0 14113 14 0
0 14113 15 0
0 14113 0 0
0 14113 1 0
0 14113 2 0
0 33940 3 0
0 33940 4 0
0 33940 5 0
0 33940 6 0
0 33940 7 0
0 33940 8 0
0 53026 9 0
0 53026 10 0
0 53026 11 0
0 53026 12 0
0 53026 13 0
0 53026 14 0
0 58692 15 0
0 58692 0 0
0 58692 1 0
0 58692 2 0
0 58692 3 0
0 58692 4 0
0 55217 5 0
0 55217 6 0
0 55217 7 0
0 55217 8 0
0 55217 9 0
0 55217 10 0
0 20846 11 0
0 20846 12 0
0 20846 13 0
0 20846 14 0
0 20846 15 0
0 20846 0 0
0 54939 1 0
0 54939 2 0
0 54939 3 0
0 54939 4 0
0 54939 5 0
0 54939 6 0
0 16567 7 0
0 16567 8 0
0 16567 9 0
0 16567 10 0
0 16567 11 0
0 16567 12 0
0 14735 13 0
0 14735 14 0
0 14735 15 0
0 14735 0 0
0 14735 1 0
0 14735 2 0
0 14606 3 0
0 14606 4 0
0 14606 5 0
0 14606 6 0
0 14606 7 0
0 14606 8 0
0 24382 9 0
0 24382 10 0
0 24382 11 0
0 24382 12 0
0 24382 13 0
0 24382 14 0
0 63213 15 0
0 63213 0 0
0 63213 1 0
0 63213 2 0
0 63213 3 0
0 63213 4 0
0 38562 5 0
0 38562 6 0
0 38562 7 0
0 38562 8 0
0 38562 9 0
0 38562 10 0
0 13108 11 0
0 13108 12 0
0 13108 13 0
0 13108 14 0
0 13108 15 0
0 13108 0 0
0 55806 1 0
0 55806 2 0
0 55806 3 0
0 55806 4 0
0 55806 5 0
0 55806 6 0
0 34370 7 0
0 34370 8 0
0 34370 9 0
0 34370 10 0
0 34370 11 0
0 34370 12 0
0 36192 13 0
0 36192 14 0
0 36192 15 0
0 36192 0 0
0 36192 1 0
0 36192 2 0
0 14501 3 0
0 14501 4 0
0 14501 5 0
0 14501 6 0
0 14501 7 0
0 14501 8 0
0 46621 9 0
0 46621 10 0
0 46621 11 0
0 46621 12 0
0 46621 13 0
0 46621 14 0
0 9795 15 0
0 9795 0 0
0 9795 1 0
0 9795 2 0
0 9795 3 0
0 9795 4 0
0 1058 5 0
0 1058 6 0
0 1058 7 0
0 1058 8 0
0 1058 9 0
0 1058 10 0
0 5360 11 0
0 5360 12 0
0 5360 13 0
0 5360 14 0
0 5360 15 0
0 5360 0 0
0 1943 1 0
0 1943 2 0
0 1943 3 0
0 1943 4 0
0 1943 5 0
0 1943 6 0
0 18152 7 0
0 18152 8 0
0 18152 9 0
0 18152 10 0
0 18152 11 0
0 18152 12 0
0 16104 13 0
0 16104 14 0
0 16104 15 0
0 16104 0 0
0 16104 1 0
0 16104 2 0
0 53490 3 0
0 53490 4 0
0 53490 5 0
0 53490 6 0
0 53490 7 0
0 53490 8 0
0 50470 9 0
0 50470 10 0
0 50470 11 0
0 50470 12 0
0 50470 13 0
0 50470 14 0
0 63089 15 0
0 63089 0 0
0 63089 1 0
0 63089 2 0
0 63089 3 0
0 63089 4 0
0 3545 5 0
0 3545 6 0
0 3545 7 0
0 3545 8 0
0 3545 9 0
0 3545 10 0
0 41063 11 0
0 41063 12 0
0 41063 13 0
0 41063 14 0
0 41063 15 0
0 41063 0 0
0 18407 1 0
0 18407 2 0
0 18407 3 0
0 18407 4 0
0 18407 5 0
0 18407 6 0
0 11151 7 0
0 11151 8 0
0 11151 9 0
0 11151 10 0
0 11151 11 0
0 11151 12 0
0 51385 13 0
0 51385 14 0
0 51385 15 0
0 51385 0 0
0 51385 1 0
0 51385 2 0
0 29506 3 0
0 29506 4 0
0 29506 5 0
0 29506 6 0
0 29506 7 0
0 29506 8 0
0 6384 9 0
0 6384 10 0
0 6384 11 0
0 6384 12 0
0 6384 13 0
0 6384 14 0
0 27425 15 0
0 27425 0 0
0 27425 1 0
0 27425 2 0
0 27425 3 0
0 27425 4 0
0 54056 5 0
0 54056 6 0
0 54056 7 0
0 54056 8 0
0 54056 9 0
0 54056 10 0
0 3618 11 0
0 3618 12 0
0 3618 13 0
0 3618 14 0
0 3618 15 0
0 3618 0 0
0 6182 1 0
0 6182 2 0
0 6182 3 0
0 6182 4 0
0 6182 5 0
0 6182 6 0
0 52349 7 0
0 52349 8 0
0 52349 9 0
0 52349 10 0
0 52349 11 0
0 52349 12 0
0 17365 13 0
0 17365 14 0
0 17365 15 0
0 17365 0 0
0 17365 1 0
0 17365 2 0
0 38954 3 0
0 38954 4 0
0 38954 5 0
0 38954 6 0
0 38954 7 0
0 38954 8 0
0 53306 9 0
0 53306 10 0
0 53306 11 0
0 53306 12 0
0 53306 13 0
0 53306 14 0
0 53047 15 0
0 53047 0 0
0 53047 1 0
0 53047 2 0
0 53047 3 0
0 53047 4 0
0 7179 5 0
0 7179 6 0
0 7179 7 0
0 7179 8 0
0 7179 9 0
0 7179 10 0
0 58417 11 0
0 58417 12 0
0 58417 13 0
0 58417 14 0
0 58417 15 0
0 58417 0 0
0 19058 1 0
0 19058 2 0
0 19058 3 0
0 19058 4 0
0 19058 5 0
0 19058 6 0
0 16661 7 0
0 16661 8 0
0 16661 9 0
0 16661 10 0
0 16661 11 0
0 16661 12 0
0 27173 13 0
0 27173 14 0
0 27173 15 0
0 27173 0 0
0 27173 1 0
0 27173 2 0
0 22066 3 0
0 22066 4 0
0 22066 5 0
0 22066 6 0
0 22066 7 0
0 22066 8 0
0 11702 9 0
0 11702 10 0
0 11702 11 0
0 11702 12 0
0 11702 13 0
0 11702 14 0
0 61551 15 0
0 61551 0 0
0 61551 1 0
0 61551 2 0
0 61551 3 0
0 61551 4 0
0 37723 5 0
0 37723 6 0
0 37723 7 0
0 37723 8 0
0 37723 9 0
0 37723 10 0
0 35110 11 0
0 35110 12 0
0 35110 13 0
0 35110 14 0
0 35110 15 0
0 35110 0 0
0 33123 1 0
0 33123 2 0
0 33123 3 0
0 33123 4 0
0 33123 5 0
0 33123 6 0
0 27739 7 0
0 27739 8 0
0 27739 9 0
0 27739 10 0
0 27739 11 0
0 27739 12 0
0 52840 13 0
0 52840 14 0
0 52840 15 0
0 52840 0 0
0 52840 1 0
0 52840 2 0
0 1178 3 0
0 1178 4 0
0 1178 5 0
0 1178 6 0
0 1178 7 0
0 1178 8 0
0 6756 9 0
0 6756 10 0
0 6756 11 0
0 6756 12 0
0 6756 13 0
0 6756 14 0
0 9196 15 0
0 9196 0 0
0 9196 1 0
0 9196 2 0
0 9196 3 0
0 9196 4 0
0 1344 5 0
0 1344 6 0
0 1344 7 0
0 1344 8 0
0 1344 9 0
0 1344 10 0
0 37310 11 0
0 37310 12 0
0 37310 13 0
0 37310 14 0
0 37310 15 0
0 37310 0 0
0 20251 1 0
0 20251 2 0
0 20251 3 0
0 20251 4 0
0 20251 5 0
0 20251 6 0
0 18461 7 0
0 18461 8 0
0 18461 9 0
0 18461 10 0
0 18461 11 0
0 18461 12 0
0 17640 13 0
0 17640 14 0
0 17640 15 0
0 17640 0 0
0 17640 1 0
0 17640 2 0
0 15009 3 0
0 15009 4 0
0 15009 5 0
0 15009 6 0
0 15009 7 0
0 15009 8 0
0 43544 9 0
0 43544 10 0
0 43544 11 0
0 43544 12 0
0 43544 13 0
0 43544 14 0
0 842 15 0
0 842 0 0
0 842 1 0
0 842 2 0
0 842 3 0
0 842 4 0
0 42378 5 0
0 42378 6 0
0 42378 7 0
0 42378 8 0
0 42378 9 0
0 42378 10 0
0 19052 11 0
0 19052 12 0
0 19052 13 0
0 19052 14 0
0 19052 15 0
0 19052 0 0
0 43288 1 0
0 43288 2 0
0 43288 3 0
0 43288 4 0
0 43288 5 0
0 43288 6 0
0 8201 7 0
0 8201 8 0
0 8201 9 0
0 8201 10 0
0 8201 11 0
0 8201 12 0
0 11290 13 0
0 11290 14 0
0 11290 15 0
0 11290 0 0
0 11290 1 0
0 11290 2 0
0 48892 3 0
0 48892 4 0
0 48892 5 0
0 48892 6 0
0 48892 7 0
0 48892 8 0
0 27145 9 0
0 27145 10 0
0 27145 11 0
0 27145 12 0
0 27145 13 0
0 27145 14 0
0 33275 15 0
0 33275 0 0
0 33275 1 0
0 33275 2 0
0 33275 3 0
0 33275 4 0
0 59121 5 0
0 59121 6 0
0 59121 7 0
0 59121 8 0
0 59121 9 0
0 59121 10 0
0 43491 11 0
0 43491 12 0
0 43491 13 0
0 43491 14 0
0 43491 15 0
0 43491 0 0
0 63593 1 0
0 63593 2 0
0 63593 3 0
0 63593 4 0
0 63593 5 0
0 63593 6 0
0 61672 7 0
0 61672 8 0
0 61672 9 0
0 61672 10 0
0 61672 11 0
0 61672 12 0
0 11056 13 0
0 11056 14 0
0 11056 15 0
0 11056 0 0
0 11056 1 0
0 11056 2 0
0 10599 3 0
0 10599 4 0
0 10599 5 0
0 10599 6 0
0 10599 7 0
0 10599 8 0
0 41356 9 0
0 41356 10 0
0 41356 11 0
0 41356 12 0
0 41356 13 0
0 41356 14 0
0 57508 15 0
0 57508 0 0
0 57508 1 0
0 57508 2 0
0 57508 3 0
0 57508 4 0
0 50291 5 0
0 50291 6 0
0 50291 7 0
0 50291 8 0
0 50291 9 0
0 50291 10 0
0 52861 11 0
0 52861 12 0
0 52861 13 0
0 52861 14 0
0 52861 15 0
0 52861 0 0
0 62919 1 0
0 62919 2 0
0 62919 3 0
0 62919 4 0
0 62919 5 0
0 62919 6 0
0 55819 7 0
0 55819 8 0
0 55819 9 0
0 55819 10 0
0 55819 11 0
0 55819 12 0
0 9702 13 0
0 9702 14 0
0 9702 15 0
0 9702 0 0
0 9702 1 0
0 9702 2 0
0 28747 3 0
0 28747 4 0
0 28747 5 0
0 28747 6 0
0 28747 7 0
0 28747 8 0
0 18838 9 0
0 18838 10 0
0 18838 11 0
0 18838 12 0
0 18838 13 0
0 18838 14 0
0 52377 15 0
0 52377 0 0
0 52377 1 0
0 52377 2 0
0 52377 3 0
0 52377 4 0
0 41076 5 0
0 41076 6 0
0 41076 7 0
0 41076 8 0
0 41076 9 0
0 41076 10 0
0 19423 11 0
0 19423 12 0
0 19423 13 0
0 19423 14 0
0 19423 15 0
0 19423 0 0
0 9236 1 0
0 9236 2 0
0 9236 3 0
0 9236 4 0
0 9236 5 0
0 9236 6 0
0 18766 7 0
0 18766 8 0
0 18766 9 0
0 18766 10 0
0 18766 11 0
0 18766 12 0
0 20433 13 0
0 20433 14 0
0 20433 15 0
0 20433 0 0
0 20433 1 0
0 20433 2 0
0 4514 3 0
0 4514 4 0
0 4514 5 0
0 4514 6 0
0 4514 7 0
0 4514 8 0
0 50337 9 0
0 50337 10 0
0 50337 11 0
0 50337 12 0
0 50337 13 0
0 50337 14 0
0 15188 15 0
0 15188 0 0
0 15188 1 0
0 15188 2 0
0 15188 3 0
0 15188 4 0
0 8927 5 0
0 8927 6 0
0 8927 7 0
0 8927 8 0
0 8927 9 0
0 8927 10 0
0 35076 11 0
0 35076 12 0
0 35076 13 0
0 35076 14 0
0 35076 15 0
0 35076 0 0
0 39676 1 0
0 39676 2 0
0 39676 3 0
0 39676 4 0
0 39676 5 0
0 39676 6 0
0 46167 7 0
0 46167 8 0
0 46167 9 0
0 46167 10 0
0 46167 11 0
0 46167 12 0
0 62516 13 0
0 62516 14 0
0 62516 15 0
0 62516 0 0
0 62516 1 0
0 62516 2 0
0 52707 3 0
0 52707 4 0
0 52707 5 0
0 52707 6 0
0 52707 7 0
0 52707 8 0
0 41835 9 0
0 41835 10 0
0 41835 11 0
0 41835 12 0
0 41835 13 0
0 41835 14 0
0 61177 15 0
0 61177 0 0
0 61177 1 0
0 61177 2 0
0 61177 3 0
0 61177 4 0
0 45248 5 0
0 45248 6 0
0 45248 7 0
0 45248 8 0
0 45248 9 0
0 45248 10 0
0 30447 11 0
0 30447 12 0
0 30447 13 0
0 30447 14 0
0 30447 15 0
0 30447 0 0
0 4927 1 0
0 4927 2 0
0 4927 3 0
0 4927 4 0
0 4927 5 0
0 4927 6 0
0 50315 7 0
0 50315 8 0
0 50315 9 0
0 50315 10 0
0 50315 11 0
0 50315 12 0
0 47970 13 0
0 47970 14 0
0 47970 15 0
0 47970 0 0
0 47970 1 0
0 47970 2 0
0 44861 3 0
0 44861 4 0
0 44861 5 0
0 44861 6 0
0 44861 7 0
0 44861 8 0
0 903 9 0
0 903 10 0
0 903 11 0
0 903 12 0
0 903 13 0
0 903 14 0
0 32737 15 0
0 32737 0 0
0 32737 1 0
0 32737 2 0
0 32737 3 0
0 32737 4 0
0 10085 5 0
0 10085 6 0
0 10085 7 0
0 10085 8 0
0 10085 9 0
0 10085 10 0
0 62297 11 0
0 62297 12 0
0 62297 13 0
0 62297 14 0
0 62297 15 0
0 62297 0 0
0 14542 1 0
0 14542 2 0
0 14542 3 0
0 14542 4 0
0 14542 5 0
0 14542 6 0
0 48233 7 0
0 48233 8 0
0 48233 9 0
0 48233 10 0
0 48233 11 0
0 48233 12 0
0 57043 13 0
0 57043 14 0
0 57043 15 0
0 57043 0 0
0 57043 1 0
0 57043 2 0
0 31967 3 0
0 31967 4 0
0 31967 5 0
0 31967 6 0
0 31967 7 0
0 31967 8 0
0 3183 9 0
0 3183 10 0
0 3183 11 0
0 3183 12 0
0 3183 13 0
0 3183 14 0
0 14634 15 0
0 14634 0 0
0 14634 1 0
0 14634 2 0
0 14634 3 0
0 14634 4 0
0 5276 5 0
0 5276 6 0
0 5276 7 0
0 5276 8 0
0 5276 9 0
0 5276 10 0
0 47015 11 0
0 47015 12 0
0 47015 13 0
0 47015 14 0
0 47015 15 0
0 47015 0 0
0 5209 1 0
0 5209 2 0
0 5209 3 0
0 5209 4 0
0 5209 5 0
0 5209 6 0
0 47940 7 0
0 47940 8 0
0 47940 9 0
0 47940 10 0
0 47940 11 0
0 47940 12 0
0 23569 13 0
0 23569 14 0
0 23569 15 0
0 23569 0 0
0 23569 1 0
0 23569 2 0
0 44683 3 0
0 44683 4 0
0 44683 5 0
0 44683 6 0
0 44683 7 0
0 44683 8 0
0 35292 9 0
0 35292 10 0
0 35292 11 0
0 35292 12 0
0 35292 13 0
0 35292 14 0
0 63706 15 0
0 63706 0 0
0 63706 1 0
0 63706 2 0
0 63706 3 0
0 63706 4 0
0 63326 5 0
0 63326 6 0
0 63326 7 0
0 63326 8 0
0 63326 9 0
0 63326 10 0
0 54930 11 0
0 54930 12 0
0 54930 13 0
0 54930 14 0
0 54930 15 0
0 54930 0 0
0 170 1 0
0 170 2 0
0 170 3 0
0 170 4 0
0 170 5 0
0 170 6 0
0 30953 7 0
0 30953 8 0
0 30953 9 0
0 30953 10 0
0 30953 11 0
0 30953 12 0
0 62575 13 0
0 62575 14 0
0 62575 15 0
0 62575 0 0
0 62575 1 0
0 62575 2 0
0 45122 3 0
0 45122 4 0
0 45122 5 0
0 45122 6 0
0 45122 7 0
0 45122 8 0
0 21065 9 0
0 21065 10 0
0 21065 11 0
0 21065 12 0
0 21065 13 0
0 21065 14 0
0 5726 15 0
0 5726 0 0
0 5726 1 0
0 5726 2 0
0 5726 3 0
0 5726 4 0
0 62945 5 0
0 62945 6 0
0 62945 7 0
0 62945 8 0
0 62945 9 0
0 62945 10 0
0 21612 11 0
0 21612 12 0
0 21612 13 0
0 21612 14 0
0 21612 15 0
0 21612 0 0
0 50498 1 0
0 50498 2 0
0 50498 3 0
0 50498 4 0
0 50498 5 0
0 50498 6 0
0 37720 7 0
0 37720 8 0
0 37720 9 0
0 37720 10 0
0 37720 11 0
0 37720 12 0
0 63398 13 0
0 63398 14 0
0 63398 15 0
0 63398 0 0
0 63398 1 0
0 63398 2 0
0 27922 3 0
0 27922 4 0
0 27922 5 0
0 27922 6 0
0 27922 7 0
0 27922 8 0
0 3577 9 0
0 3577 10 0
0 3577 11 0
0 3577 12 0
0 3577 13 0
0 3577 14 0
0 59537 15 0
0 59537 0 0
0 59537 1 0
0 59537 2 0
0 59537 3 0
0 59537 4 0
0 22728 5 0
0 22728 6 0
0 22728 7 0
0 22728 8 0
0 22728 9 0
0 22728 10 0
0 57891 11 0
0 57891 12 0
0 57891 13 0
0 57891 14 0
0 57891 15 0
0 57891 0 0
0 41320 1 0
0 41320 2 0
0 41320 3 0
0 41320 4 0
0 41320 5 0
0 41320 6 0
0 42960 7 0
0 42960 8 0
0 42960 9 0
0 42960 10 0
0 42960 11 0
0 42960 12 0
0 56352 13 0
0 56352 14 0
0 56352 15 0
0 56352 0 0
0 56352 1 0
0 56352 2 0
0 18885 3 0
0 18885 4 0
0 18885 5 0
0 18885 6 0
0 18885 7 0
0 18885 8 0
0 56299 9 0
0 56299 10 0
0 56299 11 0
0 56299 12 0
0 56299 13 0
0 56299 14 0
0 51307 15 0
0 51307 0 0
0 51307 1 0
0 51307 2 0
0 51307 3 0
0 51307 4 0
0 31093 5 0
0 31093 6 0
0 31093 7 0
0 31093 8 0
0 31093 9 0
0 31093 10 0
0 48317 11 0
0 48317 12 0
0 48317 13 0
0 48317 14 0
0 48317 15 0
0 48317 0 0
0 49936 1 0
0 49936 2 0
0 49936 3 0
0 49936 4 0
0 49936 5 0
0 49936 6 0
0 38694 7 0
0 38694 8 0
0 38694 9 0
0 38694 10 0
0 38694 11 0
0 38694 12 0
0 31538 13 0
0 31538 14 0
0 31538 15 0
0 31538 0 0
0 31538 1 0
0 31538 2 0
0 27704 3 0
0 27704 4 0
0 27704 5 0
0 27704 6 0
0 27704 7 0
0 27704 8 0
0 33412 9 0
0 33412 10 0
0 33412 11 0
0 33412 12 0
0 33412 13 0
0 33412 14 0
0 31692 15 0
0 31692 0 0
0 31692 1 0
0 31692 2 0
0 31692 3 0
0 31692 4 0
0 48767 5 0
0 48767 6 0
0 48767 7 0
0 48767 8 0
0 48767 9 0
0 48767 10 0
0 59707 11 0
0 59707 12 0
0 59707 13 0
0 59707 14 0
0 59707 15 0
0 59707 0 0
0 31216 1 0
0 31216 2 0
0 31216 3 0
0 31216 4 0
0 31216 5 0
0 31216 6 0
0 44266 7 0
0 44266 8 0
0 44266 9 0
0 44266 10 0
0 44266 11 0
0 44266 12 0
0 19197 13 0
0 19197 14 0
0 19197 15 0
0 19197 0 0
0 19197 1 0
0 19197 2 0
0 42212 3 0
0 42212 4 0
0 42212 5 0
0 42212 6 0
0 42212 7 0
0 42212 8 0
0 31925 9 0
0 31925 10 0
0 31925 11 0
0 31925 12 0
0 31925 13 0
0 31925 14 0
0 18864 15 0
0 18864 0 0
0 18864 1 0
0 18864 2 0
0 18864 3 0
0 18864 4 0
0 33646 5 0
0 33646 6 0
0 33646 7 0
0 33646 8 0
0 33646 9 0
0 33646 10 0
0 22672 11 0
0 22672 12 0
0 22672 13 0
0 22672 14 0
0 22672 15 0
0 22672 0 0
0 15039 1 0
0 15039 2 0
0 15039 3 0
0 15039 4 0
0 15039 5 0
0 15039 6 0
0 58575 7 0
0 58575 8 0
0 58575 9 0
0 58575 10 0
0 58575 11 0
0 58575 12 0
0 62891 13 0
0 62891 14 0
0 62891 15 0
0 62891 0 0
0 62891 1 0
0 62891 2 0
0 26845 3 0
0 26845 4 0
0 26845 5 0
0 26845 6 0
0 26845 7 0
0 26845 8 0
0 23792 9 0
0 23792 10 0
0 23792 11 0
0 23792 12 0
0 23792 13 0
0 23792 14 0
0 46915 15 0
0 46915 0 0
0 46915 1 0
0 46915 2 0
0 46915 3 0
0 46915 4 0
0 32646 5 0
0 32646 6 0
0 32646 7 0
0 32646 8 0
0 32646 9 0
0 32646 10 0
0 11638 11 0
0 11638 12 0
0 11638 13 0
0 11638 14 0
0 11638 15 0
0 11638 0 0
0 65107 1 0
0 65107 2 0
0 65107 3 0
0 65107 4 0
0 65107 5 0
0 65107 6 0
0 27563 7 0
0 27563 8 0
0 27563 9 0
0 27563 10 0
0 27563 11 0
0 27563 12 0
0 38501 13 0
0 38501 14 0
0 38501 15 0
0 38501 0 0
0 38501 1 0
0 38501 2 0
0 51076 3 0
0 51076 4 0
0 51076 5 0
0 51076 6 0
0 51076 7 0
0 51076 8 0
0 35839 9 0
0 35839 10 0
0 35839 11 0
0 35839 12 0
0 35839 13 0
0 35839 14 0
0 26481 15 0
0 26481 0 0
0 26481 1 0
0 26481 2 0
0 26481 3 0
0 26481 4 0
0 46392 5 0
0 46392 6 0
0 46392 7 0
0 46392 8 0
0 46392 9 0
0 46392 10 0
0 53308 11 0
0 53308 12 0
0 53308 13 0
0 53308 14 0
0 53308 15 0
0 53308 0 0
0 41330 1 0
0 41330 2 0
0 41330 3 0
0 41330 4 0
0 41330 5 0
0 41330 6 0
0 2718 7 0
0 2718 8 0
0 2718 9 0
0 2718 10 0
0 2718 11 0
0 2718 12 0
0 5678 13 0
0 5678 14 0
0 5678 15 0
0 5678 0 0
0 5678 1 0
0 5678 2 0
0 25177 3 0
0 25177 4 0
0 25177 5 0
0 25177 6 0
0 25177 7 0
0 25177 8 0
0 25821 9 0
0 25821 10 0
0 25821 11 0
0 25821 12 0
0 25821 13 0
0 25821 14 0
0 21437 15 0
0 21437 0 0
0 21437 1 0
0 21437 2 0
0 21437 3 0
0 21437 4 0
0 60074 5 0
0 60074 6 0
0 60074 7 0
0 60074 8 0
0 60074 9 0
0 60074 10 0
0 10608 11 0
0 10608 12 0
0 10608 13 0
0 10608 14 0
0 10608 15 0
0 10608 0 0
0 32879 1 0
0 32879 2 0
0 32879 3 0
0 32879 4 0
0 32879 5 0
0 32879 6 0
0 37718 7 0
0 37718 8 0
0 37718 9 0
0 37718 10 0
0 37718 11 0
0 37718 12 0
0 63758 13 0
0 63758 14 0
0 63758 15 0
0 63758 0 0
0 63758 1 0
0 63758 2 0
0 55021 3 0
0 55021 4 0
0 55021 5 0
0 55021 6 0
0 55021 7 0
0 55021 8 0
0 41180 9 0
0 41180 10 0
0 41180 11 0
0 41180 12 0
0 41180 13 0
0 41180 14 0
0 50510 15 0
0 50510 0 0
0 50510 1 0
0 50510 2 0
0 50510 3 0
0 50510 4 0
0 7137 5 0
0 7137 6 0
0 7137 7 0
0 7137 8 0
0 7137 9 0
0 7137 10 0
0 15077 11 0
0 15077 12 0
0 15077 13 0
0 15077 14 0
0 15077 15 0
0 15077 0 0
0 7696 1 0
0 7696 2 0
0 7696 3 0
0 7696 4 0
0 7696 5 0
0 7696 6 0
0 43862 7 0
0 43862 8 0
0 43862 9 0
0 43862 10 0
0 43862 11 0
0 43862 12 0
0 20933 13 0
0 20933 14 0
0 20933 15 0
0 20933 0 0
0 20933 1 0
0 20933 2 0
0 34881 3 0
0 34881 4 0
0 34881 5 0
0 34881 6 0
0 34881 7 0
0 34881 8 0
0 57425 9 0
0 57425 10 0
0 57425 11 0
0 57425 12 0
0 57425 13 0
0 57425 14 0
0 40485 15 0
0 40485 0 0
0 40485 1 0
0 40485 2 0
0 40485 3 0
0 40485 4 0
0 54377 5 0
0 54377 6 0
0 54377 7 0
0 54377 8 0
0 54377 9 0
0 54377 10 0
0 63139 11 0
0 63139 12 0
0 63139 13 0
0 63139 14 0
0 63139 15 0
0 63139 0 0
0 49148 1 0
0 49148 2 0
0 49148 3 0
0 49148 4 0
0 49148 5 0
0 49148 6 0
0 28886 7 0
0 28886 8 0
0 28886 9 0
0 28886 10 0
0 28886 11 0
0 28886 12 0
0 11753 13 0
0 11753 14 0
0 11753 15 0
0 11753 0 0
0 11753 1 0
0 11753 2 0
0 10509 3 0
0 10509 4 0
0 10509 5 0
0 10509 6 0
0 10509 7 0
0 10509 8 0
0 11959 9 0
0 11959 10 0
0 11959 11 0
0 11959 12 0
0 11959 13 0
0 11959 14 0
0 2297 15 0
0 2297 0 0
0 2297 1 0
0 2297 2 0
0 2297 3 0
0 2297 4 0
0 43375 5 0
0 43375 6 0
0 43375 7 0
0 43375 8 0
0 43375 9 0
0 43375 10 0
0 12552 11 0
0 12552 12 0
0 12552 13 0
0 12552 14 0
0 12552 15 0
0 12552 0 0
0 30792 1 0
0 30792 2 0
0 30792 3 0
0 30792 4 0
0 30792 5 0
0 30792 6 0
0 2647 7 0
0 2647 8 0
0 2647 9 0
0 2647 10 0
0 2647 11 0
0 2647 12 0
0 5406 13 0
0 5406 14 0
0 5406 15 0
0 5406 0 0
0 5406 1 0
0 5406 2 0
0 12514 3 0
0 12514 4 0
0 12514 5 0
0 12514 6 0
0 12514 7 0
0 12514 8 0
0 40906 9 0
0 40906 10 0
0 40906 11 0
0 40906 12 0
0 40906 13 0
0 40906 14 0
0 11990 15 0
0 11990 0 0
0 11990 1 0
0 11990 2 0
0 11990 3 0
0 11990 4 0
0 51300 5 0
0 51300 6 0
0 51300 7 0
0 51300 8 0
0 51300 9 0
0 51300 10 0
0 16828 11 0
0 16828 12 0
0 16828 13 0
0 16828 14 0
0 16828 15 0
0 16828 0 0
0 25930 1 0
0 25930 2 0
0 25930 3 0
0 25930 4 0
0 25930 5 0
0 25930 6 0
0 36401 7 0
0 36401 8 0
0 36401 9 0
0 36401 10 0
0 36401 11 0
0 36401 12 0
0 38729 13 0
0 38729 14 0
0 38729 15 0
0 38729 0 0
0 38729 1 0
0 38729 2 0
0 20807 3 0
0 20807 4 0
0 20807 5 0
0 20807 6 0
0 20807 7 0
0 20807 8 0
0 24078 9 0
0 24078 10 0
0 24078 11 0
0 24078 12 0
0 24078 13 0
0 24078 14 0
0 29624 15 0
0 29624 0 0
0 29624 1 0
0 29624 2 0
0 29624 3 0
0 29624 4 0
0 17944 5 0
0 17944 6 0
0 17944 7 0
0 17944 8 0
0 17944 9 0
0 17944 10 0
0 17052 11 0
0 17052 12 0
0 17052 13 0
0 17052 14 0
0 17052 15 0
0 17052 0 0
0 29925 1 0
0 29925 2 0
0 29925 3 0
0 29925 4 0
0 29925 5 0
0 29925 6 0
0 33800 7 0
0 33800 8 0
0 33800 9 0
0 33800 10 0
0 33800 11 0
0 33800 12 0
0 65012 13 0
0 65012 14 0
0 65012 15 0
0 65012 0 0
0 65012 1 0
0 65012 2 0
0 39778 3 0
0 39778 4 0
0 39778 5 0
0 39778 6 0
0 39778 7 0
0 39778 8 0
0 19040 9 0
0 19040 10 0
0 19040 11 0
0 19040 12 0
0 19040 13 0
0 19040 14 0
0 35561 15 0
0 35561 0 0
0 35561 1 0
0 35561 2 0
0 35561 3 0
0 35561 4 0
0 26795 5 0
0 26795 6 0
0 26795 7 0
0 26795 8 0
0 26795 9 0
0 26795 10 0
0 10280 11 0
0 10280 12 0
0 10280 13 0
0 10280 14 0
0 10280 15 0
0 10280 0 0
0 17871 1 0
0 17871 2 0
0 17871 3 0
0 17871 4 0
0 17871 5 0
0 17871 6 0
0 53340 7 0
0 53340 8 0
0 53340 9 0
0 53340 10 0
0 53340 11 0
0 53340 12 0
0 23854 13 0
0 23854 14 0
0 23854 15 0
0 23854 0 0
0 23854 1 0
0 23854 2 0
0 26066 3 0
0 26066 4 0
0 26066 5 0
0 26066 6 0
0 26066 7 0
0 26066 8 0
0 2253 9 0
0 2253 10 0
0 2253 11 0
0 2253 12 0
0 2253 13 0
0 2253 14 0
0 46065 15 0
0 46065 0 0
0 46065 1 0
0 46065 2 0
0 46065 3 0
0 46065 4 0
0 62880 5 0
0 62880 6 0
0 62880 7 0
0 62880 8 0
0 62880 9 0
0 62880 10 0
0 16540 11 0
0 16540 12 0
0 16540 13 0
0 16540 14 0
0 16540 15 0
0 16540 0 0
0 35501 1 0
0 35501 2 0
0 35501 3 0
0 35501 4 0
0 35501 5 0
0 35501 6 0
0 10690 7 0
0 10690 8 0
0 10690 9 0
0 10690 10 0
0 10690 11 0
0 10690 12 0
0 36604 13 0
0 36604 14 0
0 36604 15 0
0 36604 0 0
0 36604 1 0
0 36604 2 0
0 28911 3 0
0 28911 4 0
0 28911 5 0
0 28911 6 0
0 28911 7 0
0 28911 8 0
0 533 9 0
0 533 10 0
0 533 11 0
0 533 12 0
0 533 13 0
0 533 14 0
0 18799 15 0
0 18799 0 0
0 18799 1 0
0 18799 2 0
0 18799 3 0
0 18799 4 0
0 27149 5 0
0 27149 6 0
0 27149 7 0
0 27149 8 0
0 27149 9 0
0 27149 10 0
0 442 11 0
0 442 12 0
0 442 13 0
0 442 14 0
0 442 15 0
0 442 0 0
0 54813 1 0
0 54813 2 0
0 54813 3 0
0 54813 4 0
0 54813 5 0
0 54813 6 0
0 16666 7 0
0 16666 8 0
0 16666 9 0
0 16666 10 0
0 16666 11 0
0 16666 12 0
0 19067 13 0
0 19067 14 0
0 19067 15 0
0 19067 0 0
0 19067 1 0
0 19067 2 0
0 63565 3 0
0 63565 4 0
0 63565 5 0
0 63565 6 0
0 63565 7 0
0 63565 8 0
0 5382 9 0
0 5382 10 0
0 5382 11 0
0 5382 12 0
0 5382 13 0
0 5382 14 0
0 41778 15 0
0 41778 0 0
0 41778 1 0
0 41778 2 0
0 41778 3 0
0 41778 4 0
0 28834 5 0
0 28834 6 0
0 28834 7 0
0 28834 8 0
0 28834 9 0
0 28834 10 0
0 22859 11 0
0 22859 12 0
0 22859 13 0
0 22859 14 0
0 22859 15 0
0 22859 0 0
0 59850 1 0
0 59850 2 0
0 59850 3 0
0 59850 4 0
0 59850 5 0
0 59850 6 0
0 41498 7 0
0 41498 8 0
0 41498 9 0
0 41498 10 0
0 41498 11 0
0 41498 12 0
0 58011 13 0
0 58011 14 0
0 58011 15 0
0 58011 0 0
0 58011 1 0
0 58011 2 0
0 30335 3 0
0 30335 4 0
0 30335 5 0
0 30335 6 0
0 30335 7 0
0 30335 8 0
0 36089 9 0
0 36089 10 0
0 36089 11 0
0 36089 12 0
0 36089 13 0
0 36089 14 0
0 24739 15 0
0 24739 0 0
0 24739 1 0
0 24739 2 0
0 24739 3 0
0 24739 4 0
0 13157 5 0
0 13157 6 0
0 13157 7 0
0 13157 8 0
0 13157 9 0
0 13157 10 0
0 45849 11 0
0 45849 12 0
0 45849 13 0
0 45849 14 0
0 45849 15 0
0 45849 0 0
0 64244 1 0
0 64244 2 0
0 64244 3 0
0 64244 4 0
0 64244 5 0
0 64244 6 0
0 35672 7 0
0 35672 8 0
0 35672 9 0
0 35672 10 0
0 35672 11 0
0 35672 12 0
0 46219 13 0
0 46219 14 0
0 46219 15 0
