0 0 0 0
0 0 1 0
0 0 2 0
0 0 3 0
0 0 4 0
0 59982 5 0
0 59982 6 0
0 59982 7 0
0 59982 8 0
0 59982 9 0
0 59982 10 0
0 41105 11 0
0 41105 12 0
0 41105 13 0
0 41105 14 0
0 41105 15 0
0 41105 0 0
0 62897 1 0
0 62897 2 0
0 62897 3 0
0 62897 4 0
0 62897 5 0
0 62897 6 0
0 45629 7 0
0 45629 8 0
0 45629 9 0
0 45629 10 0
0 45629 11 0
0 45629 12 0
0 28710 13 0
0 28710 14 0
0 28710 15 0
0 28710 0 0
0 28710 1 0
0 28710 2 0
0 40929 3 0
0 40929 4 0
0 40929 5 0
0 40929 6 0
0 40929 7 0
0 40929 8 0
0 3744 9 0
0 3744 10 0
0 3744 11 0
0 3744 12 0
0 3744 13 0
0 3744 14 0
0 64379 15 0
0 64379 0 0
0 64379 1 0
0 64379 2 0
0 64379 3 0
0 64379 4 0
0 18010 5 0
0 18010 6 0
0 18010 7 0
0 18010 8 0
0 18010 9 0
0 18010 10 0
0 35553 11 0
0 35553 12 0
0 35553 13 0
0 35553 14 0
0 35553 15 0
0 35553 0 0
0 27133 1 0
0 27133 2 0
0 27133 3 0
0 27133 4 0
0 27133 5 0
0 27133 6 0
0 48995 7 0
0 48995 8 0
0 48995 9 0
0 48995 10 0
0 48995 11 0
0 48995 12 0
0 2035 13 0
0 2035 14 0
0 2035 15 0
0 2035 0 0
0 2035 1 0
0 2035 2 0
0 37605 3 0
0 37605 4 0
0 37605 5 0
0 37605 6 0
0 37605 7 0
0 37605 8 0
0 56574 9 0
0 56574 10 0
0 56574 11 0
0 56574 12 0
0 56574 13 0
0 56574 14 0
0 29703 15 0
0 29703 0 0
0 29703 1 0
0 29703 2 0
0 29703 3 0
0 29703 4 0
0 876 5 0
0 876 6 0
0 876 7 0
0 876 8 0
0 876 9 0
0 876 10 0
0 28924 11 0
0 28924 12 0
0 28924 13 0
0 28924 14 0
0 28924 15 0
0 28924 0 0
0 50718 1 0
0 50718 2 0
0 50718 3 0
0 50718 4 0
0 50718 5 0
0 50718 6 0
0 17441 7 0
0 17441 8 0
0 17441 9 0
0 17441 10 0
0 17441 11 0
0 17441 12 0
0 33226 13 0
0 33226 14 0
0 33226 15 0
0 33226 0 0
0 33226 1 0
0 33226 2 0
0 26154 3 0
0 26154 4 0
0 26154 5 0
0 26154 6 0
0 26154 7 0
0 26154 8 0
0 16429 9 0
0 16429 10 0
0 16429 11 0
0 16429 12 0
0 16429 13 0
0 16429 14 0
0 51143 15 0
0 51143 0 0
0 51143 1 0
0 51143 2 0
0 51143 3 0
0 51143 4 0
0 62967 5 0
0 62967 6 0
0 62967 7 0
0 62967 8 0
0 62967 9 0
0 62967 10 0
0 47340 11 0
0 47340 12 0
0 47340 13 0
0 47340 14 0
0 47340 15 0
0 47340 0 0
0 61553 1 0
0 61553 2 0
0 61553 3 0
0 61553 4 0
0 61553 5 0
0 61553 6 0
0 17700 7 0
0 17700 8 0
0 17700 9 0
0 17700 10 0
0 17700 11 0
0 17700 12 0
0 4034 13 0
0 4034 14 0
0 4034 15 0
0 4034 0 0
0 4034 1 0
0 4034 2 0
0 51934 3 0
0 51934 4 0
0 51934 5 0
0 51934 6 0
0 51934 7 0
0 51934 8 0
0 55509 9 0
0 55509 10 0
0 55509 11 0
0 55509 12 0
0 55509 13 0
0 55509 14 0
0 45216 15 0
0 45216 0 0
0 45216 1 0
0 45216 2 0
0 45216 3 0
0 45216 4 0
0 40588 5 0
0 40588 6 0
0 40588 7 0
0 40588 8 0
0 40588 9 0
0 40588 10 0
0 18678 11 0
0 18678 12 0
0 18678 13 0
0 18678 14 0
0 18678 15 0
0 18678 0 0
0 38027 1 0
0 38027 2 0
0 38027 3 0
0 38027 4 0
0 38027 5 0
0 38027 6 0
0 65369 7 0
0 65369 8 0
0 65369 9 0
0 65369 10 0
0 65369 11 0
0 65369 12 0
0 34114 13 0
0 34114 14 0
0 34114 15 0
0 34114 0 0
0 34114 1 0
0 34114 2 0
0 52059 3 0
0 52059 4 0
0 52059 5 0
0 52059 6 0
0 52059 7 0
0 52059 8 0
0 31602 9 0
0 31602 10 0
0 31602 11 0
0 31602 12 0
0 31602 13 0
0 31602 14 0
0 60547 15 0
0 60547 0 0
0 60547 1 0
0 60547 2 0
0 60547 3 0
0 60547 4 0
0 26482 5 0
0 26482 6 0
0 26482 7 0
0 26482 8 0
0 26482 9 0
0 26482 10 0
0 23961 11 0
0 23961 12 0
0 23961 13 0
0 23961 14 0
0 23961 15 0
0 23961 0 0
0 65088 1 0
0 65088 2 0
0 65088 3 0
0 65088 4 0
0 65088 5 0
0 65088 6 0
0 59768 7 0
0 59768 8 0
0 59768 9 0
0 59768 10 0
0 59768 11 0
0 59768 12 0
0 4949 13 0
0 4949 14 0
0 4949 15 0
0 4949 0 0
0 4949 1 0
0 4949 2 0
0 53745 3 0
0 53745 4 0
0 53745 5 0
0 53745 6 0
0 53745 7 0
0 53745 8 0
0 26541 9 0
0 26541 10 0
0 26541 11 0
0 26541 12 0
0 26541 13 0
0 26541 14 0
0 38334 15 0
0 38334 0 0
0 38334 1 0
0 38334 2 0
0 38334 3 0
0 38334 4 0
0 55749 5 0
0 55749 6 0
0 55749 7 0
0 55749 8 0
0 55749 9 0
0 55749 10 0
0 13598 11 0
0 13598 12 0
0 13598 13 0
0 13598 14 0
0 13598 15 0
0 13598 0 0
0 40515 1 0
0 40515 2 0
0 40515 3 0
0 40515 4 0
0 40515 5 0
0 40515 6 0
0 35427 7 0
0 35427 8 0
0 35427 9 0
0 35427 10 0
0 35427 11 0
0 35427 12 0
0 21375 13 0
0 21375 14 0
0 21375 15 0
0 21375 0 0
0 21375 1 0
0 21375 2 0
0 19749 3 0
0 19749 4 0
0 19749 5 0
0 19749 6 0
0 19749 7 0
0 19749 8 0
0 27435 9 0
0 27435 10 0
0 27435 11 0
0 27435 12 0
0 27435 13 0
0 27435 14 0
0 40282 15 0
0 40282 0 0
0 40282 1 0
0 40282 2 0
0 40282 3 0
0 40282 4 0
0 17089 5 0
0 17089 6 0
0 17089 7 0
0 17089 8 0
0 17089 9 0
0 17089 10 0
0 21474 11 0
0 21474 12 0
0 21474 13 0
0 21474 14 0
0 21474 15 0
0 21474 0 0
0 45495 1 0
0 45495 2 0
0 45495 3 0
0 45495 4 0
0 45495 5 0
0 45495 6 0
0 27412 7 0
0 27412 8 0
0 27412 9 0
0 27412 10 0
0 27412 11 0
0 27412 12 0
0 20864 13 0
0 20864 14 0
0 20864 15 0
0 20864 0 0
0 20864 1 0
0 20864 2 0
0 7862 3 0
0 7862 4 0
0 7862 5 0
0 7862 6 0
0 7862 7 0
0 7862 8 0
0 13729 9 0
0 13729 10 0
0 13729 11 0
0 13729 12 0
0 13729 13 0
0 13729 14 0
0 16579 15 0
0 16579 0 0
0 16579 1 0
0 16579 2 0
0 16579 3 0
0 16579 4 0
0 33080 5 0
0 33080 6 0
0 33080 7 0
0 33080 8 0
0 33080 9 0
0 33080 10 0
0 37566 11 0
0 37566 12 0
0 37566 13 0
0 37566 14 0
0 37566 15 0
0 37566 0 0
0 37167 1 0
0 37167 2 0
0 37167 3 0
0 37167 4 0
0 37167 5 0
0 37167 6 0
0 24343 7 0
0 24343 8 0
0 24343 9 0
0 24343 10 0
0 24343 11 0
0 24343 12 0
0 8006 13 0
0 8006 14 0
0 8006 15 0
0 8006 0 0
0 8006 1 0
0 8006 2 0
0 36572 3 0
0 36572 4 0
0 36572 5 0
0 36572 6 0
0 36572 7 0
0 36572 8 0
0 48640 9 0
0 48640 10 0
0 48640 11 0
0 48640 12 0
0 48640 13 0
0 48640 14 0
0 14136 15 0
0 14136 0 0
0 14136 1 0
0 14136 2 0
0 14136 3 0
0 14136 4 0
0 54219 5 0
0 54219 6 0
0 54219 7 0
0 54219 8 0
0 54219 9 0
0 54219 10 0
0 34152 11 0
0 34152 12 0
0 34152 13 0
0 34152 14 0
0 34152 15 0
0 34152 0 0
0 43822 1 0
0 43822 2 0
0 43822 3 0
0 43822 4 0
0 43822 5 0
0 43822 6 0
0 34165 7 0
0 34165 8 0
0 34165 9 0
0 34165 10 0
0 34165 11 0
0 34165 12 0
0 14112 13 0
0 14112 14 0
0 14112 15 0
0 14112 0 0
0 14112 1 0
0 14112 2 0
0 7415 3 0
0 7415 4 0
0 7415 5 0
0 7415 6 0
0 7415 7 0
0 7415 8 0
0 3890 9 0
0 3890 10 0
0 3890 11 0
0 3890 12 0
0 3890 13 0
0 3890 14 0
0 44758 15 0
0 44758 0 0
0 44758 1 0
0 44758 2 0
0 44758 3 0
0 44758 4 0
0 55594 5 0
0 55594 6 0
0 55594 7 0
0 55594 8 0
0 55594 9 0
0 55594 10 0
0 63426 11 0
0 63426 12 0
0 63426 13 0
0 63426 14 0
0 63426 15 0
0 63426 0 0
0 41630 1 0
0 41630 2 0
0 41630 3 0
0 41630 4 0
0 41630 5 0
0 41630 6 0
0 30001 7 0
0 30001 8 0
0 30001 9 0
0 30001 10 0
0 30001 11 0
0 30001 12 0
0 15639 13 0
0 15639 14 0
0 15639 15 0
0 15639 0 0
0 15639 1 0
0 15639 2 0
0 55738 3 0
0 55738 4 0
0 55738 5 0
0 55738 6 0
0 55738 7 0
0 55738 8 0
0 55293 9 0
0 55293 10 0
0 55293 11 0
0 55293 12 0
0 55293 13 0
0 55293 14 0
0 10960 15 0
0 10960 0 0
0 10960 1 0
0 10960 2 0
0 10960 3 0
0 10960 4 0
0 32780 5 0
0 32780 6 0
0 32780 7 0
0 32780 8 0
0 32780 9 0
0 32780 10 0
0 45067 11 0
0 45067 12 0
0 45067 13 0
0 45067 14 0
0 45067 15 0
0 45067 0 0
0 19694 1 0
0 19694 2 0
0 19694 3 0
0 19694 4 0
0 19694 5 0
0 19694 6 0
0 5286 7 0
0 5286 8 0
0 5286 9 0
0 5286 10 0
0 5286 11 0
0 5286 12 0
0 1213 13 0
0 1213 14 0
0 1213 15 0
0 1213 0 0
0 1213 1 0
0 1213 2 0
0 16521 3 0
0 16521 4 0
0 16521 5 0
0 16521 6 0
0 16521 7 0
0 16521 8 0
0 50655 9 0
0 50655 10 0
0 50655 11 0
0 50655 12 0
0 50655 13 0
0 50655 14 0
0 47847 15 0
0 47847 0 0
0 47847 1 0
0 47847 2 0
0 47847 3 0
0 47847 4 0
0 3694 5 0
0 3694 6 0
0 3694 7 0
0 3694 8 0
0 3694 9 0
0 3694 10 0
0 48834 11 0
0 48834 12 0
0 48834 13 0
0 48834 14 0
0 48834 15 0
0 48834 0 0
0 43894 1 0
0 43894 2 0
0 43894 3 0
0 43894 4 0
0 43894 5 0
0 43894 6 0
0 52300 7 0
0 52300 8 0
0 52300 9 0
0 52300 10 0
0 52300 11 0
0 52300 12 0
0 14564 13 0
0 14564 14 0
0 14564 15 0
0 14564 0 0
0 14564 1 0
0 14564 2 0
0 13767 3 0
0 13767 4 0
0 13767 5 0
0 13767 6 0
0 13767 7 0
0 13767 8 0
0 25303 9 0
0 25303 10 0
0 25303 11 0
0 25303 12 0
0 25303 13 0
0 25303 14 0
0 27687 15 0
0 27687 0 0
0 27687 1 0
0 27687 2 0
0 27687 3 0
0 27687 4 0
0 42304 5 0
0 42304 6 0
0 42304 7 0
0 42304 8 0
0 42304 9 0
0 42304 10 0
0 52748 11 0
0 52748 12 0
0 52748 13 0
0 52748 14 0
0 52748 15 0
0 52748 0 0
0 18915 1 0
0 18915 2 0
0 18915 3 0
0 18915 4 0
0 18915 5 0
0 18915 6 0
0 5378 7 0
0 5378 8 0
0 5378 9 0
0 5378 10 0
0 5378 11 0
0 5378 12 0
0 10880 13 0
0 10880 14 0
0 10880 15 0
0 10880 0 0
0 10880 1 0
0 10880 2 0
0 4282 3 0
0 4282 4 0
0 4282 5 0
0 4282 6 0
0 4282 7 0
0 4282 8 0
0 46458 9 0
0 46458 10 0
0 46458 11 0
0 46458 12 0
0 46458 13 0
0 46458 14 0
0 27238 15 0
0 27238 0 0
0 27238 1 0
0 27238 2 0
0 27238 3 0
0 27238 4 0
0 53963 5 0
0 53963 6 0
0 53963 7 0
0 53963 8 0
0 53963 9 0
0 53963 10 0
0 15185 11 0
0 15185 12 0
0 15185 13 0
0 15185 14 0
0 15185 15 0
0 15185 0 0
0 53946 1 0
0 53946 2 0
0 53946 3 0
0 53946 4 0
0 53946 5 0
0 53946 6 0
0 27156 7 0
0 27156 8 0
0 27156 9 0
0 27156 10 0
0 27156 11 0
0 27156 12 0
0 44353 13 0
0 44353 14 0
0 44353 15 0
0 44353 0 0
0 44353 1 0
0 44353 2 0
0 11865 3 0
0 11865 4 0
0 11865 5 0
0 11865 6 0
0 11865 7 0
0 11865 8 0
0 13511 9 0
0 13511 10 0
0 13511 11 0
0 13511 12 0
0 13511 13 0
0 13511 14 0
0 18012 15 0
0 18012 0 0
0 18012 1 0
0 18012 2 0
0 18012 3 0
0 18012 4 0
0 35825 5 0
0 35825 6 0
0 35825 7 0
0 35825 8 0
0 35825 9 0
0 35825 10 0
0 30886 11 0
0 30886 12 0
0 30886 13 0
0 30886 14 0
0 30886 15 0
0 30886 0 0
0 22433 1 0
0 22433 2 0
0 22433 3 0
0 22433 4 0
0 22433 5 0
0 22433 6 0
0 28230 7 0
0 28230 8 0
0 28230 9 0
0 28230 10 0
0 28230 11 0
0 28230 12 0
0 50421 13 0
0 50421 14 0
0 50421 15 0
0 50421 0 0
0 50421 1 0
0 50421 2 0
0 57047 3 0
0 57047 4 0
0 57047 5 0
0 57047 6 0
0 57047 7 0
0 57047 8 0
0 26080 9 0
0 26080 10 0
0 26080 11 0
0 26080 12 0
0 26080 13 0
0 26080 14 0
0 26645 15 0
0 26645 0 0
0 26645 1 0
0 26645 2 0
0 26645 3 0
0 26645 4 0
0 1495 5 0
0 1495 6 0
0 1495 7 0
0 1495 8 0
0 1495 9 0
0 1495 10 0
0 36769 11 0
0 36769 12 0
0 36769 13 0
0 36769 14 0
0 36769 15 0
0 36769 0 0
0 54874 1 0
0 54874 2 0
0 54874 3 0
0 54874 4 0
0 54874 5 0
0 54874 6 0
0 28205 7 0
0 28205 8 0
0 28205 9 0
0 28205 10 0
0 28205 11 0
0 28205 12 0
0 13335 13 0
0 13335 14 0
0 13335 15 0
0 13335 0 0
0 13335 1 0
0 13335 2 0
0 47573 3 0
0 47573 4 0
0 47573 5 0
0 47573 6 0
0 47573 7 0
0 47573 8 0
0 43643 9 0
0 43643 10 0
0 43643 11 0
0 43643 12 0
0 43643 13 0
0 43643 14 0
0 32929 15 0
0 32929 0 0
0 32929 1 0
0 32929 2 0
0 32929 3 0
0 32929 4 0
0 30601 5 0
0 30601 6 0
0 30601 7 0
0 30601 8 0
0 30601 9 0
0 30601 10 0
0 65376 11 0
0 65376 12 0
0 65376 13 0
0 65376 14 0
0 65376 15 0
0 65376 0 0
0 27792 1 0
0 27792 2 0
0 27792 3 0
0 27792 4 0
0 27792 5 0
0 27792 6 0
0 6705 7 0
0 6705 8 0
0 6705 9 0
0 6705 10 0
0 6705 11 0
0 6705 12 0
0 14179 13 0
0 14179 14 0
0 14179 15 0
0 14179 0 0
0 14179 1 0
0 14179 2 0
0 34788 3 0
0 34788 4 0
0 34788 5 0
0 34788 6 0
0 34788 7 0
0 34788 8 0
0 56649 9 0
0 56649 10 0
0 56649 11 0
0 56649 12 0
0 56649 13 0
0 56649 14 0
0 13297 15 0
0 13297 0 0
0 13297 1 0
0 13297 2 0
0 13297 3 0
0 13297 4 0
0 4907 5 0
0 4907 6 0
0 4907 7 0
0 4907 8 0
0 4907 9 0
0 4907 10 0
0 13096 11 0
0 13096 12 0
0 13096 13 0
0 13096 14 0
0 13096 15 0
0 13096 0 0
0 42968 1 0
0 42968 2 0
0 42968 3 0
0 42968 4 0
0 42968 5 0
0 42968 6 0
0 43336 7 0
0 43336 8 0
0 43336 9 0
0 43336 10 0
0 43336 11 0
0 43336 12 0
0 15008 13 0
0 15008 14 0
0 15008 15 0
0 15008 0 0
0 15008 1 0
0 15008 2 0
0 37095 3 0
0 37095 4 0
0 37095 5 0
0 37095 6 0
0 37095 7 0
0 37095 8 0
0 12823 9 0
0 12823 10 0
0 12823 11 0
0 12823 12 0
0 12823 13 0
0 12823 14 0
0 31527 15 0
0 31527 0 0
0 31527 1 0
0 31527 2 0
0 31527 3 0
0 31527 4 0
0 39716 5 0
0 39716 6 0
0 39716 7 0
0 39716 8 0
0 39716 9 0
0 39716 10 0
0 8506 11 0
0 8506 12 0
0 8506 13 0
0 8506 14 0
0 8506 15 0
0 8506 0 0
0 12677 1 0
0 12677 2 0
0 12677 3 0
0 12677 4 0
0 12677 5 0
0 12677 6 0
0 51323 7 0
0 51323 8 0
0 51323 9 0
0 51323 10 0
0 51323 11 0
0 51323 12 0
0 62938 13 0
0 62938 14 0
0 62938 15 0
0 62938 0 0
0 62938 1 0
0 62938 2 0
0 19553 3 0
0 19553 4 0
0 19553 5 0
0 19553 6 0
0 19553 7 0
0 19553 8 0
0 42554 9 0
0 42554 10 0
0 42554 11 0
0 42554 12 0
0 42554 13 0
0 42554 14 0
0 29489 15 0
0 29489 0 0
0 29489 1 0
0 29489 2 0
0 29489 3 0
0 29489 4 0
0 17098 5 0
0 17098 6 0
0 17098 7 0
0 17098 8 0
0 17098 9 0
0 17098 10 0
0 31196 11 0
0 31196 12 0
0 31196 13 0
0 31196 14 0
0 31196 15 0
0 31196 0 0
0 18077 1 0
0 18077 2 0
0 18077 3 0
0 18077 4 0
0 18077 5 0
0 18077 6 0
0 5189 7 0
0 5189 8 0
0 5189 9 0
0 5189 10 0
0 5189 11 0
0 5189 12 0
0 7102 13 0
0 7102 14 0
0 7102 15 0
0 7102 0 0
0 7102 1 0
0 7102 2 0
0 61298 3 0
0 61298 4 0
0 61298 5 0
0 61298 6 0
0 61298 7 0
0 61298 8 0
0 62471 9 0
0 62471 10 0
0 62471 11 0
0 62471 12 0
0 62471 13 0
0 62471 14 0
0 30818 15 0
0 30818 0 0
0 30818 1 0
0 30818 2 0
0 30818 3 0
0 30818 4 0
0 55615 5 0
0 55615 6 0
0 55615 7 0
0 55615 8 0
0 55615 9 0
0 55615 10 0
0 32440 11 0
0 32440 12 0
0 32440 13 0
0 32440 14 0
0 32440 15 0
0 32440 0 0
0 28504 1 0
0 28504 2 0
0 28504 3 0
0 28504 4 0
0 28504 5 0
0 28504 6 0
0 12753 7 0
0 12753 8 0
0 12753 9 0
0 12753 10 0
0 12753 11 0
0 12753 12 0
0 43572 13 0
0 43572 14 0
0 43572 15 0
0 43572 0 0
0 43572 1 0
0 43572 2 0
0 22895 3 0
0 22895 4 0
0 22895 5 0
0 22895 6 0
0 22895 7 0
0 22895 8 0
0 38713 9 0
0 38713 10 0
0 38713 11 0
0 38713 12 0
0 38713 13 0
0 38713 14 0
0 13371 15 0
0 13371 0 0
0 13371 1 0
0 13371 2 0
0 13371 3 0
0 13371 4 0
0 58874 5 0
0 58874 6 0
0 58874 7 0
0 58874 8 0
0 58874 9 0
0 58874 10 0
0 59076 11 0
0 59076 12 0
0 59076 13 0
0 59076 14 0
0 59076 15 0
0 59076 0 0
0 26459 1 0
0 26459 2 0
0 26459 3 0
0 26459 4 0
0 26459 5 0
0 26459 6 0
0 62389 7 0
0 62389 8 0
0 62389 9 0
0 62389 10 0
0 62389 11 0
0 62389 12 0
0 34322 13 0
0 34322 14 0
0 34322 15 0
0 34322 0 0
0 34322 1 0
0 34322 2 0
0 62782 3 0
0 62782 4 0
0 62782 5 0
0 62782 6 0
0 62782 7 0
0 62782 8 0
0 24984 9 0
0 24984 10 0
0 24984 11 0
0 24984 12 0
0 24984 13 0
0 24984 14 0
0 59336 15 0
0 59336 0 0
0 59336 1 0
0 59336 2 0
0 59336 3 0
0 59336 4 0
0 20937 5 0
0 20937 6 0
0 20937 7 0
0 20937 8 0
0 20937 9 0
0 20937 10 0
0 28048 11 0
0 28048 12 0
0 28048 13 0
0 28048 14 0
0 28048 15 0
0 28048 0 0
0 52951 1 0
0 52951 2 0
0 52951 3 0
0 52951 4 0
0 52951 5 0
0 52951 6 0
0 45975 7 0
0 45975 8 0
0 45975 9 0
0 45975 10 0
0 45975 11 0
0 45975 12 0
0 56362 13 0
0 56362 14 0
0 56362 15 0
0 56362 0 0
0 56362 1 0
0 56362 2 0
0 34360 3 0
0 34360 4 0
0 34360 5 0
0 34360 6 0
0 34360 7 0
0 34360 8 0
0 51195 9 0
0 51195 10 0
0 51195 11 0
0 51195 12 0
0 51195 13 0
0 51195 14 0
0 21909 15 0
0 21909 0 0
0 21909 1 0
0 21909 2 0
0 21909 3 0
0 21909 4 0
0 17155 5 0
0 17155 6 0
0 17155 7 0
0 17155 8 0
0 17155 9 0
0 17155 10 0
0 64249 11 0
0 64249 12 0
0 64249 13 0
0 64249 14 0
0 64249 15 0
0 64249 0 0
0 14407 1 0
0 14407 2 0
0 14407 3 0
0 14407 4 0
0 14407 5 0
0 14407 6 0
0 30725 7 0
0 30725 8 0
0 30725 9 0
0 30725 10 0
0 30725 11 0
0 30725 12 0
0 45255 13 0
0 45255 14 0
0 45255 15 0
0 45255 0 0
0 45255 1 0
0 45255 2 0
0 36244 3 0
0 36244 4 0
0 36244 5 0
0 36244 6 0
0 36244 7 0
0 36244 8 0
0 970 9 0
0 970 10 0
0 970 11 0
0 970 12 0
0 970 13 0
0 970 14 0
0 40052 15 0
0 40052 0 0
0 40052 1 0
0 40052 2 0
0 40052 3 0
0 40052 4 0
0 58466 5 0
0 58466 6 0
0 58466 7 0
0 58466 8 0
0 58466 9 0
0 58466 10 0
0 27751 11 0
0 27751 12 0
0 27751 13 0
0 27751 14 0
0 27751 15 0
0 27751 0 0
0 51835 1 0
0 51835 2 0
0 51835 3 0
0 51835 4 0
0 51835 5 0
0 51835 6 0
0 29457 7 0
0 29457 8 0
0 29457 9 0
0 29457 10 0
0 29457 11 0
0 29457 12 0
0 37925 13 0
0 37925 14 0
0 37925 15 0
0 37925 0 0
0 37925 1 0
0 37925 2 0
0 41275 3 0
0 41275 4 0
0 41275 5 0
0 41275 6 0
0 41275 7 0
0 41275 8 0
0 3200 9 0
0 3200 10 0
0 3200 11 0
0 3200 12 0
0 3200 13 0
0 3200 14 0
0 47228 15 0
0 47228 0 0
0 47228 1 0
0 47228 2 0
0 47228 3 0
0 47228 4 0
0 4581 5 0
0 4581 6 0
0 4581 7 0
0 4581 8 0
0 4581 9 0
0 4581 10 0
0 55894 11 0
0 55894 12 0
0 55894 13 0
0 55894 14 0
0 55894 15 0
0 55894 0 0
0 3315 1 0
0 3315 2 0
0 3315 3 0
0 3315 4 0
0 3315 5 0
0 3315 6 0
0 2874 7 0
0 2874 8 0
0 2874 9 0
0 2874 10 0
0 2874 11 0
0 2874 12 0
0 6324 13 0
0 6324 14 0
0 6324 15 0
0 6324 0 0
0 6324 1 0
0 6324 2 0
0 6996 3 0
0 6996 4 0
0 6996 5 0
0 6996 6 0
0 6996 7 0
0 6996 8 0
0 53347 9 0
0 53347 10 0
0 53347 11 0
0 53347 12 0
0 53347 13 0
0 53347 14 0
0 39421 15 0
0 39421 0 0
0 39421 1 0
0 39421 2 0
0 39421 3 0
0 39421 4 0
0 59380 5 0
0 59380 6 0
0 59380 7 0
0 59380 8 0
0 59380 9 0
0 59380 10 0
0 43465 11 0
0 43465 12 0
0 43465 13 0
0 43465 14 0
0 43465 15 0
0 43465 0 0
0 3442 1 0
0 3442 2 0
0 3442 3 0
0 3442 4 0
0 3442 5 0
0 3442 6 0
0 50066 7 0
0 50066 8 0
0 50066 9 0
0 50066 10 0
0 50066 11 0
0 50066 12 0
0 13915 13 0
0 13915 14 0
0 13915 15 0
0 13915 0 0
0 13915 1 0
0 13915 2 0
0 55148 3 0
0 55148 4 0
0 55148 5 0
0 55148 6 0
0 55148 7 0
0 55148 8 0
0 35841 9 0
0 35841 10 0
0 35841 11 0
0 35841 12 0
0 35841 13 0
0 35841 14 0
0 5722 15 0
0 5722 0 0
0 5722 1 0
0 5722 2 0
0 5722 3 0
0 5722 4 0
0 44436 5 0
0 44436 6 0
0 44436 7 0
0 44436 8 0
0 44436 9 0
0 44436 10 0
0 5826 11 0
0 5826 12 0
0 5826 13 0
0 5826 14 0
0 5826 15 0
0 5826 0 0
0 8189 1 0
0 8189 2 0
0 8189 3 0
0 8189 4 0
0 8189 5 0
0 8189 6 0
0 45749 7 0
0 45749 8 0
0 45749 9 0
0 45749 10 0
0 45749 11 0
0 45749 12 0
0 15531 13 0
0 15531 14 0
0 15531 15 0
0 15531 0 0
0 15531 1 0
0 15531 2 0
0 1824 3 0
0 1824 4 0
0 1824 5 0
0 1824 6 0
0 1824 7 0
0 1824 8 0
0 12877 9 0
0 12877 10 0
0 12877 11 0
0 12877 12 0
0 12877 13 0
0 12877 14 0
0 4511 15 0
0 4511 0 0
0 4511 1 0
0 4511 2 0
0 4511 3 0
0 4511 4 0
0 27820 5 0
0 27820 6 0
0 27820 7 0
0 27820 8 0
0 27820 9 0
0 27820 10 0
0 53984 11 0
0 53984 12 0
0 53984 13 0
0 53984 14 0
0 53984 15 0
0 53984 0 0
0 36650 1 0
0 36650 2 0
0 36650 3 0
0 36650 4 0
0 36650 5 0
0 36650 6 0
0 13200 7 0
0 13200 8 0
0 13200 9 0
0 13200 10 0
0 13200 11 0
0 13200 12 0
0 14195 13 0
0 14195 14 0
0 14195 15 0
0 14195 0 0
0 14195 1 0
0 14195 2 0
0 23681 3 0
0 23681 4 0
0 23681 5 0
0 23681 6 0
0 23681 7 0
0 23681 8 0
0 15936 9 0
0 15936 10 0
0 15936 11 0
0 15936 12 0
0 15936 13 0
0 15936 14 0
0 20380 15 0
0 20380 0 0
0 20380 1 0
0 20380 2 0
0 20380 3 0
0 20380 4 0
0 31340 5 0
0 31340 6 0
0 31340 7 0
0 31340 8 0
0 31340 9 0
0 31340 10 0
0 30324 11 0
0 30324 12 0
0 30324 13 0
0 30324 14 0
0 30324 15 0
0 30324 0 0
0 63317 1 0
0 63317 2 0
0 63317 3 0
0 63317 4 0
0 63317 5 0
0 63317 6 0
0 34067 7 0
0 34067 8 0
0 34067 9 0
0 34067 10 0
0 34067 11 0
0 34067 12 0
0 52446 13 0
0 52446 14 0
0 52446 15 0
0 52446 0 0
0 52446 1 0
0 52446 2 0
0 26752 3 0
0 26752 4 0
0 26752 5 0
0 26752 6 0
0 26752 7 0
0 26752 8 0
0 6697 9 0
0 6697 10 0
0 6697 11 0
0 6697 12 0
0 6697 13 0
0 6697 14 0
0 63967 15 0
0 63967 0 0
0 63967 1 0
0 63967 2 0
0 63967 3 0
0 63967 4 0
0 9851 5 0
0 9851 6 0
0 9851 7 0
0 9851 8 0
0 9851 9 0
0 9851 10 0
0 29951 11 0
0 29951 12 0
0 29951 13 0
0 29951 14 0
0 29951 15 0
0 29951 0 0
0 17048 1 0
0 17048 2 0
0 17048 3 0
0 17048 4 0
0 17048 5 0
0 17048 6 0
0 51618 7 0
0 51618 8 0
0 51618 9 0
0 51618 10 0
0 51618 11 0
0 51618 12 0
0 60061 13 0
0 60061 14 0
0 60061 15 0
0 60061 0 0
0 60061 1 0
0 60061 2 0
0 8697 3 0
0 8697 4 0
0 8697 5 0
0 8697 6 0
0 8697 7 0
0 8697 8 0
0 32276 9 0
0 32276 10 0
0 32276 11 0
0 32276 12 0
0 32276 13 0
0 32276 14 0
0 29921 15 0
0 29921 0 0
0 29921 1 0
0 29921 2 0
0 29921 3 0
0 29921 4 0
0 15523 5 0
0 15523 6 0
0 15523 7 0
0 15523 8 0
0 15523 9 0
0 15523 10 0
0 20372 11 0
0 20372 12 0
0 20372 13 0
0 20372 14 0
0 20372 15 0
0 20372 0 0
0 56885 1 0
0 56885 2 0
0 56885 3 0
0 56885 4 0
0 56885 5 0
0 56885 6 0
0 64339 7 0
0 64339 8 0
0 64339 9 0
0 64339 10 0
0 64339 11 0
0 64339 12 0
0 55097 13 0
0 55097 14 0
0 55097 15 0
0 55097 0 0
0 55097 1 0
0 55097 2 0
0 33597 3 0
0 33597 4 0
0 33597 5 0
0 33597 6 0
0 33597 7 0
0 33597 8 0
0 25160 9 0
0 25160 10 0
0 25160 11 0
0 25160 12 0
0 25160 13 0
0 25160 14 0
0 4841 15 0
0 4841 0 0
0 4841 1 0
0 4841 2 0
0 4841 3 0
0 4841 4 0
0 51182 5 0
0 51182 6 0
0 51182 7 0
0 51182 8 0
0 51182 9 0
0 51182 10 0
0 20338 11 0
0 20338 12 0
0 20338 13 0
0 20338 14 0
0 20338 15 0
0 20338 0 0
0 64647 1 0
0 64647 2 0
0 64647 3 0
0 64647 4 0
0 64647 5 0
0 64647 6 0
0 18198 7 0
0 18198 8 0
0 18198 9 0
0 18198 10 0
0 18198 11 0
0 18198 12 0
0 6321 13 0
0 6321 14 0
0 6321 15 0
0 6321 0 0
0 6321 1 0
0 6321 2 0
0 40202 3 0
0 40202 4 0
0 40202 5 0
0 40202 6 0
0 40202 7 0
0 40202 8 0
0 50635 9 0
0 50635 10 0
0 50635 11 0
0 50635 12 0
0 50635 13 0
0 50635 14 0
0 62889 15 0
0 62889 0 0
0 62889 1 0
0 62889 2 0
0 62889 3 0
0 62889 4 0
0 59791 5 0
0 59791 6 0
0 59791 7 0
0 59791 8 0
0 59791 9 0
0 59791 10 0
0 55162 11 0
0 55162 12 0
0 55162 13 0
0 55162 14 0
0 55162 15 0
0 55162 0 0
0 43527 1 0
0 43527 2 0
0 43527 3 0
0 43527 4 0
0 43527 5 0
0 43527 6 0
0 30321 7 0
0 30321 8 0
0 30321 9 0
0 30321 10 0
0 30321 11 0
0 30321 12 0
0 8409 13 0
0 8409 14 0
0 8409 15 0
0 8409 0 0
0 8409 1 0
0 8409 2 0
0 39174 3 0
0 39174 4 0
0 39174 5 0
0 39174 6 0
0 39174 7 0
0 39174 8 0
0 31110 9 0
0 31110 10 0
0 31110 11 0
0 31110 12 0
0 31110 13 0
0 31110 14 0
0 44565 15 0
0 44565 0 0
0 44565 1 0
0 44565 2 0
0 44565 3 0
0 44565 4 0
0 39808 5 0
0 39808 6 0
0 39808 7 0
0 39808 8 0
0 39808 9 0
0 39808 10 0
0 31448 11 0
0 31448 12 0
0 31448 13 0
0 31448 14 0
0 31448 15 0
0 31448 0 0
0 56930 1 0
0 56930 2 0
0 56930 3 0
0 56930 4 0
0 56930 5 0
0 56930 6 0
0 35700 7 0
0 35700 8 0
0 35700 9 0
0 35700 10 0
0 35700 11 0
0 35700 12 0
0 38272 13 0
0 38272 14 0
0 38272 15 0
0 38272 0 0
0 38272 1 0
0 38272 2 0
0 49885 3 0
0 49885 4 0
0 49885 5 0
0 49885 6 0
0 49885 7 0
0 49885 8 0
0 42240 9 0
0 42240 10 0
0 42240 11 0
0 42240 12 0
0 42240 13 0
0 42240 14 0
0 41938 15 0
0 41938 0 0
0 41938 1 0
0 41938 2 0
0 41938 3 0
0 41938 4 0
0 27221 5 0
0 27221 6 0
0 27221 7 0
0 27221 8 0
0 27221 9 0
0 27221 10 0
0 12512 11 0
0 12512 12 0
0 12512 13 0
0 12512 14 0
0 12512 15 0
0 12512 0 0
0 39751 1 0
0 39751 2 0
0 39751 3 0
0 39751 4 0
0 39751 5 0
0 39751 6 0
0 39227 7 0
0 39227 8 0
0 39227 9 0
0 39227 10 0
0 39227 11 0
0 39227 12 0
0 25571 13 0
0 25571 14 0
0 25571 15 0
0 25571 0 0
0 25571 1 0
0 25571 2 0
0 13313 3 0
0 13313 4 0
0 13313 5 0
0 13313 6 0
0 13313 7 0
0 13313 8 0
0 31785 9 0
0 31785 10 0
0 31785 11 0
0 31785 12 0
0 31785 13 0
0 31785 14 0
0 53556 15 0
0 53556 0 0
0 53556 1 0
0 53556 2 0
0 53556 3 0
0 53556 4 0
0 21475 5 0
0 21475 6 0
0 21475 7 0
0 21475 8 0
0 21475 9 0
0 21475 10 0
0 41380 11 0
0 41380 12 0
0 41380 13 0
0 41380 14 0
0 41380 15 0
0 41380 0 0
0 27896 1 0
0 27896 2 0
0 27896 3 0
0 27896 4 0
0 27896 5 0
0 27896 6 0
0 54835 7 0
0 54835 8 0
0 54835 9 0
0 54835 10 0
0 54835 11 0
0 54835 12 0
0 60925 13 0
0 60925 14 0
0 60925 15 0
0 60925 0 0
0 60925 1 0
0 60925 2 0
0 32084 3 0
0 32084 4 0
0 32084 5 0
0 32084 6 0
0 32084 7 0
0 32084 8 0
0 35989 9 0
0 35989 10 0
0 35989 11 0
0 35989 12 0
0 35989 13 0
0 35989 14 0
0 47782 15 0
0 47782 0 0
0 47782 1 0
0 47782 2 0
0 47782 3 0
0 47782 4 0
0 51440 5 0
0 51440 6 0
0 51440 7 0
0 51440 8 0
0 51440 9 0
0 51440 10 0
0 8673 11 0
0 8673 12 0
0 8673 13 0
0 8673 14 0
0 8673 15 0
0 8673 0 0
0 62454 1 0
0 62454 2 0
0 62454 3 0
0 62454 4 0
0 62454 5 0
0 62454 6 0
0 57671 7 0
0 57671 8 0
0 57671 9 0
0 57671 10 0
0 57671 11 0
0 57671 12 0
0 12680 13 0
0 12680 14 0
0 12680 15 0
0 12680 0 0
0 12680 1 0
0 12680 2 0
0 21841 3 0
0 21841 4 0
0 21841 5 0
0 21841 6 0
0 21841 7 0
0 21841 8 0
0 15794 9 0
0 15794 10 0
0 15794 11 0
0 15794 12 0
0 15794 13 0
0 15794 14 0
0 34950 15 0
0 34950 0 0
0 34950 1 0
0 34950 2 0
0 34950 3 0
0 34950 4 0
0 34727 5 0
0 34727 6 0
0 34727 7 0
0 34727 8 0
0 34727 9 0
0 34727 10 0
0 1130 11 0
0 1130 12 0
0 1130 13 0
0 1130 14 0
0 1130 15 0
0 1130 0 0
0 51150 1 0
0 51150 2 0
0 51150 3 0
0 51150 4 0
0 51150 5 0
0 51150 6 0
0 51516 7 0
0 51516 8 0
0 51516 9 0
0 51516 10 0
0 51516 11 0
0 51516 12 0
0 26067 13 0
0 26067 14 0
0 26067 15 0
0 26067 0 0
0 26067 1 0
0 26067 2 0
0 3252 3 0
0 3252 4 0
0 3252 5 0
0 3252 6 0
0 3252 7 0
0 3252 8 0
0 21343 9 0
0 21343 10 0
0 21343 11 0
0 21343 12 0
0 21343 13 0
0 21343 14 0
0 7920 15 0
0 7920 0 0
0 7920 1 0
0 7920 2 0
0 7920 3 0
0 7920 4 0
0 54518 5 0
0 54518 6 0
0 54518 7 0
0 54518 8 0
0 54518 9 0
0 54518 10 0
0 55779 11 0
0 55779 12 0
0 55779 13 0
0 55779 14 0
0 55779 15 0
0 55779 0 0
0 43664 1 0
0 43664 2 0
0 43664 3 0
0 43664 4 0
0 43664 5 0
0 43664 6 0
0 55962 7 0
0 55962 8 0
0 55962 9 0
0 55962 10 0
0 55962 11 0
0 55962 12 0
0 49783 13 0
0 49783 14 0
0 49783 15 0
0 49783 0 0
0 49783 1 0
0 49783 2 0
0 5325 3 0
0 5325 4 0
0 5325 5 0
0 5325 6 0
0 5325 7 0
0 5325 8 0
0 34992 9 0
0 34992 10 0
0 34992 11 0
0 34992 12 0
0 34992 13 0
0 34992 14 0
0 62056 15 0
0 62056 0 0
0 62056 1 0
0 62056 2 0
0 62056 3 0
0 62056 4 0
0 1858 5 0
0 1858 6 0
0 1858 7 0
0 1858 8 0
0 1858 9 0
0 1858 10 0
0 11299 11 0
0 11299 12 0
0 11299 13 0
0 11299 14 0
0 11299 15 0
0 11299 0 0
0 4644 1 0
0 4644 2 0
0 4644 3 0
0 4644 4 0
0 4644 5 0
0 4644 6 0
0 19789 7 0
0 19789 8 0
0 19789 9 0
0 19789 10 0
0 19789 11 0
0 19789 12 0
0 31010 13 0
0 31010 14 0
0 31010 15 0
