0 0 0 0
0 0 1 0
0 0 2 0
0 0 3 0
0 0 4 0
0 20989 5 0
0 20989 6 0
0 20989 7 0
0 20989 8 0
0 20989 9 0
0 20989 10 0
0 57653 11 0
0 57653 12 0
0 57653 13 0
0 57653 14 0
0 57653 15 0
0 57653 0 0
0 39627 1 0
0 39627 2 0
0 39627 3 0
0 39627 4 0
0 39627 5 0
0 39627 6 0
0 15144 7 0
0 15144 8 0
0 15144 9 0
0 15144 10 0
0 15144 11 0
0 15144 12 0
0 3793 13 0
0 3793 14 0
0 3793 15 0
0 3793 0 0
0 3793 1 0
0 3793 2 0
0 44812 3 0
0 44812 4 0
0 44812 5 0
0 44812 6 0
0 44812 7 0
0 44812 8 0
0 35196 9 0
0 35196 10 0
0 35196 11 0
0 35196 12 0
0 35196 13 0
0 35196 14 0
0 51910 15 0
0 51910 0 0
0 51910 1 0
0 51910 2 0
0 51910 3 0
0 51910 4 0
0 31566 5 0
0 31566 6 0
0 31566 7 0
0 31566 8 0
0 31566 9 0
0 31566 10 0
0 61920 11 0
0 61920 12 0
0 61920 13 0
0 61920 14 0
0 61920 15 0
0 61920 0 0
0 28853 1 0
0 28853 2 0
0 28853 3 0
0 28853 4 0
0 28853 5 0
0 28853 6 0
0 31681 7 0
0 31681 8 0
0 31681 9 0
0 31681 10 0
0 31681 11 0
0 31681 12 0
0 51152 13 0
0 51152 14 0
0 51152 15 0
0 51152 0 0
0 51152 1 0
0 51152 2 0
0 33329 3 0
0 33329 4 0
0 33329 5 0
0 33329 6 0
0 33329 7 0
0 33329 8 0
0 64739 9 0
0 64739 10 0
0 64739 11 0
0 64739 12 0
0 64739 13 0
0 64739 14 0
0 50986 15 0
0 50986 0 0
0 50986 1 0
0 50986 2 0
0 50986 3 0
0 50986 4 0
0 27781 5 0
0 27781 6 0
0 27781 7 0
0 27781 8 0
0 27781 9 0
0 27781 10 0
0 14144 11 0
0 14144 12 0
0 14144 13 0
0 14144 14 0
0 14144 15 0
0 14144 0 0
0 55614 1 0
0 55614 2 0
0 55614 3 0
0 55614 4 0
0 55614 5 0
0 55614 6 0
0 31544 7 0
0 31544 8 0
0 31544 9 0
0 31544 10 0
0 31544 11 0
0 31544 12 0
0 33346 13 0
0 33346 14 0
0 33346 15 0
0 33346 0 0
0 33346 1 0
0 33346 2 0
0 3941 3 0
0 3941 4 0
0 3941 5 0
0 3941 6 0
0 3941 7 0
0 3941 8 0
0 38072 9 0
0 38072 10 0
0 38072 11 0
0 38072 12 0
0 38072 13 0
0 38072 14 0
0 53109 15 0
0 53109 0 0
0 53109 1 0
0 53109 2 0
0 53109 3 0
0 53109 4 0
0 53618 5 0
0 53618 6 0
0 53618 7 0
0 53618 8 0
0 53618 9 0
0 53618 10 0
0 43507 11 0
0 43507 12 0
0 43507 13 0
0 43507 14 0
0 43507 15 0
0 43507 0 0
0 13187 1 0
0 13187 2 0
0 13187 3 0
0 13187 4 0
0 13187 5 0
0 13187 6 0
0 49723 7 0
0 49723 8 0
0 49723 9 0
0 49723 10 0
0 49723 11 0
0 49723 12 0
0 42056 13 0
0 42056 14 0
0 42056 15 0
0 42056 0 0
0 42056 1 0
0 42056 2 0
0 43876 3 0
0 43876 4 0
0 43876 5 0
0 43876 6 0
0 43876 7 0
0 43876 8 0
0 60877 9 0
0 60877 10 0
0 60877 11 0
0 60877 12 0
0 60877 13 0
0 60877 14 0
0 44312 15 0
0 44312 0 0
0 44312 1 0
0 44312 2 0
0 44312 3 0
0 44312 4 0
0 60930 5 0
0 60930 6 0
0 60930 7 0
0 60930 8 0
0 60930 9 0
0 60930 10 0
0 25649 11 0
0 25649 12 0
0 25649 13 0
0 25649 14 0
0 25649 15 0
0 25649 0 0
0 23970 1 0
0 23970 2 0
0 23970 3 0
0 23970 4 0
0 23970 5 0
0 23970 6 0
0 1116 7 0
0 1116 8 0
0 1116 9 0
0 1116 10 0
0 1116 11 0
0 1116 12 0
0 62128 13 0
0 62128 14 0
0 62128 15 0
0 62128 0 0
0 62128 1 0
0 62128 2 0
0 52049 3 0
0 52049 4 0
0 52049 5 0
0 52049 6 0
0 52049 7 0
0 52049 8 0
0 36530 9 0
0 36530 10 0
0 36530 11 0
0 36530 12 0
0 36530 13 0
0 36530 14 0
0 39320 15 0
0 39320 0 0
0 39320 1 0
0 39320 2 0
0 39320 3 0
0 39320 4 0
0 8837 5 0
0 8837 6 0
0 8837 7 0
0 8837 8 0
0 8837 9 0
0 8837 10 0
0 13060 11 0
0 13060 12 0
0 13060 13 0
0 13060 14 0
0 13060 15 0
0 13060 0 0
0 26982 1 0
0 26982 2 0
0 26982 3 0
0 26982 4 0
0 26982 5 0
0 26982 6 0
0 34192 7 0
0 34192 8 0
0 34192 9 0
0 34192 10 0
0 34192 11 0
0 34192 12 0
0 34211 13 0
0 34211 14 0
0 34211 15 0
0 34211 0 0
0 34211 1 0
0 34211 2 0
0 46672 3 0
0 46672 4 0
0 46672 5 0
0 46672 6 0
0 46672 7 0
0 46672 8 0
0 6684 9 0
0 6684 10 0
0 6684 11 0
0 6684 12 0
0 6684 13 0
0 6684 14 0
0 39797 15 0
0 39797 0 0
0 39797 1 0
0 39797 2 0
0 39797 3 0
0 39797 4 0
0 2497 5 0
0 2497 6 0
0 2497 7 0
0 2497 8 0
0 2497 9 0
0 2497 10 0
0 6177 11 0
0 6177 12 0
0 6177 13 0
0 6177 14 0
0 6177 15 0
0 6177 0 0
0 48681 1 0
0 48681 2 0
0 48681 3 0
0 48681 4 0
0 48681 5 0
0 48681 6 0
0 52518 7 0
0 52518 8 0
0 52518 9 0
0 52518 10 0
0 52518 11 0
0 52518 12 0
0 25521 13 0
0 25521 14 0
0 25521 15 0
0 25521 0 0
0 25521 1 0
0 25521 2 0
0 63095 3 0
0 63095 4 0
0 63095 5 0
0 63095 6 0
0 63095 7 0
0 63095 8 0
0 24032 9 0
0 24032 10 0
0 24032 11 0
0 24032 12 0
0 24032 13 0
0 24032 14 0
0 21065 15 0
0 21065 0 0
0 21065 1 0
0 21065 2 0
0 21065 3 0
0 21065 4 0
0 48162 5 0
0 48162 6 0
0 48162 7 0
0 48162 8 0
0 48162 9 0
0 48162 10 0
0 9790 11 0
0 9790 12 0
0 9790 13 0
0 9790 14 0
0 9790 15 0
0 9790 0 0
0 39394 1 0
0 39394 2 0
0 39394 3 0
0 39394 4 0
0 39394 5 0
0 39394 6 0
0 15938 7 0
0 15938 8 0
0 15938 9 0
0 15938 10 0
0 15938 11 0
0 15938 12 0
0 21239 13 0
0 21239 14 0
0 21239 15 0
0 21239 0 0
0 21239 1 0
0 21239 2 0
0 58858 3 0
0 58858 4 0
0 58858 5 0
0 58858 6 0
0 58858 7 0
0 58858 8 0
0 3202 9 0
0 3202 10 0
0 3202 11 0
0 3202 12 0
0 3202 13 0
0 3202 14 0
0 50558 15 0
0 50558 0 0
0 50558 1 0
0 50558 2 0
0 50558 3 0
0 50558 4 0
0 60929 5 0
0 60929 6 0
0 60929 7 0
0 60929 8 0
0 60929 9 0
0 60929 10 0
0 56705 11 0
0 56705 12 0
0 56705 13 0
0 56705 14 0
0 56705 15 0
0 56705 0 0
0 48062 1 0
0 48062 2 0
0 48062 3 0
0 48062 4 0
0 48062 5 0
0 48062 6 0
0 1988 7 0
0 1988 8 0
0 1988 9 0
0 1988 10 0
0 1988 11 0
0 1988 12 0
0 48322 13 0
0 48322 14 0
0 48322 15 0
0 48322 0 0
0 48322 1 0
0 48322 2 0
0 14342 3 0
0 14342 4 0
0 14342 5 0
0 14342 6 0
0 14342 7 0
0 14342 8 0
0 49650 9 0
0 49650 10 0
0 49650 11 0
0 49650 12 0
0 49650 13 0
0 49650 14 0
0 26479 15 0
0 26479 0 0
0 26479 1 0
0 26479 2 0
0 26479 3 0
0 26479 4 0
0 38644 5 0
0 38644 6 0
0 38644 7 0
0 38644 8 0
0 38644 9 0
0 38644 10 0
0 35846 11 0
0 35846 12 0
0 35846 13 0
0 35846 14 0
0 35846 15 0
0 35846 0 0
0 58955 1 0
0 58955 2 0
0 58955 3 0
0 58955 4 0
0 58955 5 0
0 58955 6 0
0 58483 7 0
0 58483 8 0
0 58483 9 0
0 58483 10 0
0 58483 11 0
0 58483 12 0
0 6216 13 0
0 6216 14 0
0 6216 15 0
0 6216 0 0
0 6216 1 0
0 6216 2 0
0 64141 3 0
0 64141 4 0
0 64141 5 0
0 64141 6 0
0 64141 7 0
0 64141 8 0
0 1847 9 0
0 1847 10 0
0 1847 11 0
0 1847 12 0
0 1847 13 0
0 1847 14 0
0 37361 15 0
0 37361 0 0
0 37361 1 0
0 37361 2 0
0 37361 3 0
0 37361 4 0
0 18582 5 0
0 18582 6 0
0 18582 7 0
0 18582 8 0
0 18582 9 0
0 18582 10 0
0 61206 11 0
0 61206 12 0
0 61206 13 0
0 61206 14 0
0 61206 15 0
0 61206 0 0
0 40122 1 0
0 40122 2 0
0 40122 3 0
0 40122 4 0
0 40122 5 0
0 40122 6 0
0 28755 7 0
0 28755 8 0
0 28755 9 0
0 28755 10 0
0 28755 11 0
0 28755 12 0
0 40446 13 0
0 40446 14 0
0 40446 15 0
0 40446 0 0
0 40446 1 0
0 40446 2 0
0 23463 3 0
0 23463 4 0
0 23463 5 0
0 23463 6 0
0 23463 7 0
0 23463 8 0
0 7254 9 0
0 7254 10 0
0 7254 11 0
0 7254 12 0
0 7254 13 0
0 7254 14 0
0 3689 15 0
0 3689 0 0
0 3689 1 0
0 3689 2 0
0 3689 3 0
0 3689 4 0
0 54647 5 0
0 54647 6 0
0 54647 7 0
0 54647 8 0
0 54647 9 0
0 54647 10 0
0 54111 11 0
0 54111 12 0
0 54111 13 0
0 54111 14 0
0 54111 15 0
0 54111 0 0
0 22850 1 0
0 22850 2 0
0 22850 3 0
0 22850 4 0
0 22850 5 0
0 22850 6 0
0 61097 7 0
0 61097 8 0
0 61097 9 0
0 61097 10 0
0 61097 11 0
0 61097 12 0
0 17626 13 0
0 17626 14 0
0 17626 15 0
0 17626 0 0
0 17626 1 0
0 17626 2 0
0 4899 3 0
0 4899 4 0
0 4899 5 0
0 4899 6 0
0 4899 7 0
0 4899 8 0
0 63239 9 0
0 63239 10 0
0 63239 11 0
0 63239 12 0
0 63239 13 0
0 63239 14 0
0 1 15 0
0 1 0 0
0 1 1 0
0 1 2 0
0 1 3 0
0 1 4 0
0 42708 5 0
0 42708 6 0
0 42708 7 0
0 42708 8 0
0 42708 9 0
0 42708 10 0
0 8326 11 0
0 8326 12 0
0 8326 13 0
0 8326 14 0
0 8326 15 0
0 8326 0 0
0 44314 1 0
0 44314 2 0
0 44314 3 0
0 44314 4 0
0 44314 5 0
0 44314 6 0
0 26028 7 0
0 26028 8 0
0 26028 9 0
0 26028 10 0
0 26028 11 0
0 26028 12 0
0 7636 13 0
0 7636 14 0
0 7636 15 0
0 7636 0 0
0 7636 1 0
0 7636 2 0
0 47090 3 0
0 47090 4 0
0 47090 5 0
0 47090 6 0
0 47090 7 0
0 47090 8 0
0 38581 9 0
0 38581 10 0
0 38581 11 0
0 38581 12 0
0 38581 13 0
0 38581 14 0
0 12265 15 0
0 12265 0 0
0 12265 1 0
0 12265 2 0
0 12265 3 0
0 12265 4 0
0 31075 5 0
0 31075 6 0
0 31075 7 0
0 31075 8 0
0 31075 9 0
0 31075 10 0
0 31661 11 0
0 31661 12 0
0 31661 13 0
0 31661 14 0
0 31661 15 0
0 31661 0 0
0 1051 1 0
0 1051 2 0
0 1051 3 0
0 1051 4 0
0 1051 5 0
0 1051 6 0
0 41936 7 0
0 41936 8 0
0 41936 9 0
0 41936 10 0
0 41936 11 0
0 41936 12 0
0 4331 13 0
0 4331 14 0
0 4331 15 0
0 4331 0 0
0 4331 1 0
0 4331 2 0
0 36944 3 0
0 36944 4 0
0 36944 5 0
0 36944 6 0
0 36944 7 0
0 36944 8 0
0 10701 9 0
0 10701 10 0
0 10701 11 0
0 10701 12 0
0 10701 13 0
0 10701 14 0
0 36089 15 0
0 36089 0 0
0 36089 1 0
0 36089 2 0
0 36089 3 0
0 36089 4 0
0 41757 5 0
0 41757 6 0
0 41757 7 0
0 41757 8 0
0 41757 9 0
0 41757 10 0
0 12010 11 0
0 12010 12 0
0 12010 13 0
0 12010 14 0
0 12010 15 0
0 12010 0 0
0 5151 1 0
0 5151 2 0
0 5151 3 0
0 5151 4 0
0 5151 5 0
0 5151 6 0
0 14795 7 0
0 14795 8 0
0 14795 9 0
0 14795 10 0
0 14795 11 0
0 14795 12 0
0 54035 13 0
0 54035 14 0
0 54035 15 0
0 54035 0 0
0 54035 1 0
0 54035 2 0
0 58564 3 0
0 58564 4 0
0 58564 5 0
0 58564 6 0
0 58564 7 0
0 58564 8 0
0 28383 9 0
0 28383 10 0
0 28383 11 0
0 28383 12 0
0 28383 13 0
0 28383 14 0
0 18147 15 0
0 18147 0 0
0 18147 1 0
0 18147 2 0
0 18147 3 0
0 18147 4 0
0 63419 5 0
0 63419 6 0
0 63419 7 0
0 63419 8 0
0 63419 9 0
0 63419 10 0
0 28374 11 0
0 28374 12 0
0 28374 13 0
0 28374 14 0
0 28374 15 0
0 28374 0 0
0 38495 1 0
0 38495 2 0
0 38495 3 0
0 38495 4 0
0 38495 5 0
0 38495 6 0
0 26758 7 0
0 26758 8 0
0 26758 9 0
0 26758 10 0
0 26758 11 0
0 26758 12 0
0 55744 13 0
0 55744 14 0
0 55744 15 0
0 55744 0 0
0 55744 1 0
0 55744 2 0
0 61279 3 0
0 61279 4 0
0 61279 5 0
0 61279 6 0
0 61279 7 0
0 61279 8 0
0 17878 9 0
0 17878 10 0
0 17878 11 0
0 17878 12 0
0 17878 13 0
0 17878 14 0
0 63444 15 0
0 63444 0 0
0 63444 1 0
0 63444 2 0
0 63444 3 0
0 63444 4 0
0 15466 5 0
0 15466 6 0
0 15466 7 0
0 15466 8 0
0 15466 9 0
0 15466 10 0
0 52701 11 0
0 52701 12 0
0 52701 13 0
0 52701 14 0
0 52701 15 0
0 52701 0 0
0 51116 1 0
0 51116 2 0
0 51116 3 0
0 51116 4 0
0 51116 5 0
0 51116 6 0
0 51797 7 0
0 51797 8 0
0 51797 9 0
0 51797 10 0
0 51797 11 0
0 51797 12 0
0 13095 13 0
0 13095 14 0
0 13095 15 0
0 13095 0 0
0 13095 1 0
0 13095 2 0
0 25633 3 0
0 25633 4 0
0 25633 5 0
0 25633 6 0
0 25633 7 0
0 25633 8 0
0 36548 9 0
0 36548 10 0
0 36548 11 0
0 36548 12 0
0 36548 13 0
0 36548 14 0
0 12779 15 0
0 12779 0 0
0 12779 1 0
0 12779 2 0
0 12779 3 0
0 12779 4 0
0 32885 5 0
0 32885 6 0
0 32885 7 0
0 32885 8 0
0 32885 9 0
0 32885 10 0
0 18455 11 0
0 18455 12 0
0 18455 13 0
0 18455 14 0
0 18455 15 0
0 18455 0 0
0 31713 1 0
0 31713 2 0
0 31713 3 0
0 31713 4 0
0 31713 5 0
0 31713 6 0
0 31905 7 0
0 31905 8 0
0 31905 9 0
0 31905 10 0
0 31905 11 0
0 31905 12 0
0 33212 13 0
0 33212 14 0
0 33212 15 0
0 33212 0 0
0 33212 1 0
0 33212 2 0
0 39507 3 0
0 39507 4 0
0 39507 5 0
0 39507 6 0
0 39507 7 0
0 39507 8 0
0 18448 9 0
0 18448 10 0
0 18448 11 0
0 18448 12 0
0 18448 13 0
0 18448 14 0
0 65353 15 0
0 65353 0 0
0 65353 1 0
0 65353 2 0
0 65353 3 0
0 65353 4 0
0 54693 5 0
0 54693 6 0
0 54693 7 0
0 54693 8 0
0 54693 9 0
0 54693 10 0
0 3581 11 0
0 3581 12 0
0 3581 13 0
0 3581 14 0
0 3581 15 0
0 3581 0 0
0 29713 1 0
0 29713 2 0
0 29713 3 0
0 29713 4 0
0 29713 5 0
0 29713 6 0
0 59178 7 0
0 59178 8 0
0 59178 9 0
0 59178 10 0
0 59178 11 0
0 59178 12 0
0 30663 13 0
0 30663 14 0
0 30663 15 0
0 30663 0 0
0 30663 1 0
0 30663 2 0
0 18170 3 0
0 18170 4 0
0 18170 5 0
0 18170 6 0
0 18170 7 0
0 18170 8 0
0 24897 9 0
0 24897 10 0
0 24897 11 0
0 24897 12 0
0 24897 13 0
0 24897 14 0
0 39776 15 0
0 39776 0 0
0 39776 1 0
0 39776 2 0
0 39776 3 0
0 39776 4 0
0 56961 5 0
0 56961 6 0
0 56961 7 0
0 56961 8 0
0 56961 9 0
0 56961 10 0
0 60690 11 0
0 60690 12 0
0 60690 13 0
0 60690 14 0
0 60690 15 0
0 60690 0 0
0 33671 1 0
0 33671 2 0
0 33671 3 0
0 33671 4 0
0 33671 5 0
0 33671 6 0
0 59723 7 0
0 59723 8 0
0 59723 9 0
0 59723 10 0
0 59723 11 0
0 59723 12 0
0 20415 13 0
0 20415 14 0
0 20415 15 0
0 20415 0 0
0 20415 1 0
0 20415 2 0
0 37576 3 0
0 37576 4 0
0 37576 5 0
0 37576 6 0
0 37576 7 0
0 37576 8 0
0 49420 9 0
0 49420 10 0
0 49420 11 0
0 49420 12 0
0 49420 13 0
0 49420 14 0
0 5845 15 0
0 5845 0 0
0 5845 1 0
0 5845 2 0
0 5845 3 0
0 5845 4 0
0 44432 5 0
0 44432 6 0
0 44432 7 0
0 44432 8 0
0 44432 9 0
0 44432 10 0
0 17521 11 0
0 17521 12 0
0 17521 13 0
0 17521 14 0
0 17521 15 0
0 17521 0 0
0 16617 1 0
0 16617 2 0
0 16617 3 0
0 16617 4 0
0 16617 5 0
0 16617 6 0
0 9104 7 0
0 9104 8 0
0 9104 9 0
0 9104 10 0
0 9104 11 0
0 9104 12 0
0 52769 13 0
0 52769 14 0
0 52769 15 0
0 52769 0 0
0 52769 1 0
0 52769 2 0
0 1206 3 0
0 1206 4 0
0 1206 5 0
0 1206 6 0
0 1206 7 0
0 1206 8 0
0 12723 9 0
0 12723 10 0
0 12723 11 0
0 12723 12 0
0 12723 13 0
0 12723 14 0
0 49144 15 0
0 49144 0 0
0 49144 1 0
0 49144 2 0
0 49144 3 0
0 49144 4 0
0 53090 5 0
0 53090 6 0
0 53090 7 0
0 53090 8 0
0 53090 9 0
0 53090 10 0
0 58026 11 0
0 58026 12 0
0 58026 13 0
0 58026 14 0
0 58026 15 0
0 58026 0 0
0 23255 1 0
0 23255 2 0
0 23255 3 0
0 23255 4 0
0 23255 5 0
0 23255 6 0
0 26681 7 0
0 26681 8 0
0 26681 9 0
0 26681 10 0
0 26681 11 0
0 26681 12 0
0 23217 13 0
0 23217 14 0
0 23217 15 0
0 23217 0 0
0 23217 1 0
0 23217 2 0
0 62632 3 0
0 62632 4 0
0 62632 5 0
0 62632 6 0
0 62632 7 0
0 62632 8 0
0 3862 9 0
0 3862 10 0
0 3862 11 0
0 3862 12 0
0 3862 13 0
0 3862 14 0
0 57604 15 0
0 57604 0 0
0 57604 1 0
0 57604 2 0
0 57604 3 0
0 57604 4 0
0 34812 5 0
0 34812 6 0
0 34812 7 0
0 34812 8 0
0 34812 9 0
0 34812 10 0
0 31198 11 0
0 31198 12 0
0 31198 13 0
0 31198 14 0
0 31198 15 0
0 31198 0 0
0 45189 1 0
0 45189 2 0
0 45189 3 0
0 45189 4 0
0 45189 5 0
0 45189 6 0
0 12836 7 0
0 12836 8 0
0 12836 9 0
0 12836 10 0
0 12836 11 0
0 12836 12 0
0 2836 13 0
0 2836 14 0
0 2836 15 0
0 2836 0 0
0 2836 1 0
0 2836 2 0
0 2408 3 0
0 2408 4 0
0 2408 5 0
0 2408 6 0
0 2408 7 0
0 2408 8 0
0 27626 9 0
0 27626 10 0
0 27626 11 0
0 27626 12 0
0 27626 13 0
0 27626 14 0
0 29336 15 0
0 29336 0 0
0 29336 1 0
0 29336 2 0
0 29336 3 0
0 29336 4 0
0 11054 5 0
0 11054 6 0
0 11054 7 0
0 11054 8 0
0 11054 9 0
0 11054 10 0
0 5653 11 0
0 5653 12 0
0 5653 13 0
0 5653 14 0
0 5653 15 0
0 5653 0 0
0 1769 1 0
0 1769 2 0
0 1769 3 0
0 1769 4 0
0 1769 5 0
0 1769 6 0
0 26556 7 0
0 26556 8 0
0 26556 9 0
0 26556 10 0
0 26556 11 0
0 26556 12 0
0 33415 13 0
0 33415 14 0
0 33415 15 0
0 33415 0 0
0 33415 1 0
0 33415 2 0
0 2974 3 0
0 2974 4 0
0 2974 5 0
0 2974 6 0
0 2974 7 0
0 2974 8 0
0 37481 9 0
0 37481 10 0
0 37481 11 0
0 37481 12 0
0 37481 13 0
0 37481 14 0
0 13595 15 0
0 13595 0 0
0 13595 1 0
0 13595 2 0
0 13595 3 0
0 13595 4 0
0 56124 5 0
0 56124 6 0
0 56124 7 0
0 56124 8 0
0 56124 9 0
0 56124 10 0
0 19540 11 0
0 19540 12 0
0 19540 13 0
0 19540 14 0
0 19540 15 0
0 19540 0 0
0 58065 1 0
0 58065 2 0
0 58065 3 0
0 58065 4 0
0 58065 5 0
0 58065 6 0
0 19158 7 0
0 19158 8 0
0 19158 9 0
0 19158 10 0
0 19158 11 0
0 19158 12 0
0 24668 13 0
0 24668 14 0
0 24668 15 0
0 24668 0 0
0 24668 1 0
0 24668 2 0
0 39357 3 0
0 39357 4 0
0 39357 5 0
0 39357 6 0
0 39357 7 0
0 39357 8 0
0 44974 9 0
0 44974 10 0
0 44974 11 0
0 44974 12 0
0 44974 13 0
0 44974 14 0
0 21195 15 0
0 21195 0 0
0 21195 1 0
0 21195 2 0
0 21195 3 0
0 21195 4 0
0 4240 5 0
0 4240 6 0
0 4240 7 0
0 4240 8 0
0 4240 9 0
0 4240 10 0
0 19368 11 0
0 19368 12 0
0 19368 13 0
0 19368 14 0
0 19368 15 0
0 19368 0 0
0 42436 1 0
0 42436 2 0
0 42436 3 0
0 42436 4 0
0 42436 5 0
0 42436 6 0
0 53215 7 0
0 53215 8 0
0 53215 9 0
0 53215 10 0
0 53215 11 0
0 53215 12 0
0 44268 13 0
0 44268 14 0
0 44268 15 0
0 44268 0 0
0 44268 1 0
0 44268 2 0
0 26179 3 0
0 26179 4 0
0 26179 5 0
0 26179 6 0
0 26179 7 0
0 26179 8 0
0 18870 9 0
0 18870 10 0
0 18870 11 0
0 18870 12 0
0 18870 13 0
0 18870 14 0
0 22225 15 0
0 22225 0 0
0 22225 1 0
0 22225 2 0
0 22225 3 0
0 22225 4 0
0 1195 5 0
0 1195 6 0
0 1195 7 0
0 1195 8 0
0 1195 9 0
0 1195 10 0
0 49281 11 0
0 49281 12 0
0 49281 13 0
0 49281 14 0
0 49281 15 0
0 49281 0 0
0 54992 1 0
0 54992 2 0
0 54992 3 0
0 54992 4 0
0 54992 5 0
0 54992 6 0
0 28582 7 0
0 28582 8 0
0 28582 9 0
0 28582 10 0
0 28582 11 0
0 28582 12 0
0 25199 13 0
0 25199 14 0
0 25199 15 0
0 25199 0 0
0 25199 1 0
0 25199 2 0
0 21374 3 0
0 21374 4 0
0 21374 5 0
0 21374 6 0
0 21374 7 0
0 21374 8 0
0 28618 9 0
0 28618 10 0
0 28618 11 0
0 28618 12 0
0 28618 13 0
0 28618 14 0
0 52196 15 0
0 52196 0 0
0 52196 1 0
0 52196 2 0
0 52196 3 0
0 52196 4 0
0 25149 5 0
0 25149 6 0
0 25149 7 0
0 25149 8 0
0 25149 9 0
0 25149 10 0
0 59720 11 0
0 59720 12 0
0 59720 13 0
0 59720 14 0
0 59720 15 0
0 59720 0 0
0 42453 1 0
0 42453 2 0
0 42453 3 0
0 42453 4 0
0 42453 5 0
0 42453 6 0
0 51798 7 0
0 51798 8 0
0 51798 9 0
0 51798 10 0
0 51798 11 0
0 51798 12 0
0 6327 13 0
0 6327 14 0
0 6327 15 0
0 6327 0 0
0 6327 1 0
0 6327 2 0
0 36396 3 0
0 36396 4 0
0 36396 5 0
0 36396 6 0
0 36396 7 0
0 36396 8 0
0 34315 9 0
0 34315 10 0
0 34315 11 0
0 34315 12 0
0 34315 13 0
0 34315 14 0
0 16163 15 0
0 16163 0 0
0 16163 1 0
0 16163 2 0
0 16163 3 0
0 16163 4 0
0 14014 5 0
0 14014 6 0
0 14014 7 0
0 14014 8 0
0 14014 9 0
0 14014 10 0
0 64907 11 0
0 64907 12 0
0 64907 13 0
0 64907 14 0
0 64907 15 0
0 64907 0 0
0 60113 1 0
0 60113 2 0
0 60113 3 0
0 60113 4 0
0 60113 5 0
0 60113 6 0
0 21904 7 0
0 21904 8 0
0 21904 9 0
0 21904 10 0
0 21904 11 0
0 21904 12 0
0 5865 13 0
0 5865 14 0
0 5865 15 0
0 5865 0 0
0 5865 1 0
0 5865 2 0
0 27936 3 0
0 27936 4 0
0 27936 5 0
0 27936 6 0
0 27936 7 0
0 27936 8 0
0 27780 9 0
0 27780 10 0
0 27780 11 0
0 27780 12 0
0 27780 13 0
0 27780 14 0
0 27361 15 0
0 27361 0 0
0 27361 1 0
0 27361 2 0
0 27361 3 0
0 27361 4 0
0 36634 5 0
0 36634 6 0
0 36634 7 0
0 36634 8 0
0 36634 9 0
0 36634 10 0
0 42772 11 0
0 42772 12 0
0 42772 13 0
0 42772 14 0
0 42772 15 0
0 42772 0 0
0 40066 1 0
0 40066 2 0
0 40066 3 0
0 40066 4 0
0 40066 5 0
0 40066 6 0
0 28922 7 0
0 28922 8 0
0 28922 9 0
0 28922 10 0
0 28922 11 0
0 28922 12 0
0 5384 13 0
0 5384 14 0
0 5384 15 0
0 5384 0 0
0 5384 1 0
0 5384 2 0
0 55196 3 0
0 55196 4 0
0 55196 5 0
0 55196 6 0
0 55196 7 0
0 55196 8 0
0 62685 9 0
0 62685 10 0
0 62685 11 0
0 62685 12 0
0 62685 13 0
0 62685 14 0
0 22472 15 0
0 22472 0 0
0 22472 1 0
0 22472 2 0
0 22472 3 0
0 22472 4 0
0 26764 5 0
0 26764 6 0
0 26764 7 0
0 26764 8 0
0 26764 9 0
0 26764 10 0
0 1172 11 0
0 1172 12 0
0 1172 13 0
0 1172 14 0
0 1172 15 0
0 1172 0 0
0 33807 1 0
0 33807 2 0
0 33807 3 0
0 33807 4 0
0 33807 5 0
0 33807 6 0
0 24760 7 0
0 24760 8 0
0 24760 9 0
0 24760 10 0
0 24760 11 0
0 24760 12 0
0 15205 13 0
0 15205 14 0
0 15205 15 0
0 15205 0 0
0 15205 1 0
0 15205 2 0
0 45164 3 0
0 45164 4 0
0 45164 5 0
0 45164 6 0
0 45164 7 0
0 45164 8 0
0 12809 9 0
0 12809 10 0
0 12809 11 0
0 12809 12 0
0 12809 13 0
0 12809 14 0
0 50225 15 0
0 50225 0 0
0 50225 1 0
0 50225 2 0
0 50225 3 0
0 50225 4 0
0 59929 5 0
0 59929 6 0
0 59929 7 0
0 59929 8 0
0 59929 9 0
0 59929 10 0
0 40362 11 0
0 40362 12 0
0 40362 13 0
0 40362 14 0
0 40362 15 0
0 40362 0 0
0 28772 1 0
0 28772 2 0
0 28772 3 0
0 28772 4 0
0 28772 5 0
0 28772 6 0
0 47392 7 0
0 47392 8 0
0 47392 9 0
0 47392 10 0
0 47392 11 0
0 47392 12 0
0 42679 13 0
0 42679 14 0
0 42679 15 0
0 42679 0 0
0 42679 1 0
0 42679 2 0
0 13428 3 0
0 13428 4 0
0 13428 5 0
0 13428 6 0
0 13428 7 0
0 13428 8 0
0 58871 9 0
0 58871 10 0
0 58871 11 0
0 58871 12 0
0 58871 13 0
0 58871 14 0
0 64126 15 0
0 64126 0 0
0 64126 1 0
0 64126 2 0
0 64126 3 0
0 64126 4 0
0 41333 5 0
0 41333 6 0
0 41333 7 0
0 41333 8 0
0 41333 9 0
0 41333 10 0
0 9237 11 0
0 9237 12 0
0 9237 13 0
0 9237 14 0
0 9237 15 0
0 9237 0 0
0 21526 1 0
0 21526 2 0
0 21526 3 0
0 21526 4 0
0 21526 5 0
0 21526 6 0
0 32528 7 0
0 32528 8 0
0 32528 9 0
0 32528 10 0
0 32528 11 0
0 32528 12 0
0 61186 13 0
0 61186 14 0
0 61186 15 0
0 61186 0 0
0 61186 1 0
0 61186 2 0
0 44034 3 0
0 44034 4 0
0 44034 5 0
0 44034 6 0
0 44034 7 0
0 44034 8 0
0 46137 9 0
0 46137 10 0
0 46137 11 0
0 46137 12 0
0 46137 13 0
0 46137 14 0
0 24522 15 0
0 24522 0 0
0 24522 1 0
0 24522 2 0
0 24522 3 0
0 24522 4 0
0 41118 5 0
0 41118 6 0
0 41118 7 0
0 41118 8 0
0 41118 9 0
0 41118 10 0
0 49264 11 0
0 49264 12 0
0 49264 13 0
0 49264 14 0
0 49264 15 0
0 49264 0 0
0 16448 1 0
0 16448 2 0
0 16448 3 0
0 16448 4 0
0 16448 5 0
0 16448 6 0
0 16189 7 0
0 16189 8 0
0 16189 9 0
0 16189 10 0
0 16189 11 0
0 16189 12 0
0 29592 13 0
0 29592 14 0
0 29592 15 0
0 29592 0 0
0 29592 1 0
0 29592 2 0
0 57254 3 0
0 57254 4 0
0 57254 5 0
0 57254 6 0
0 57254 7 0
0 57254 8 0
0 22148 9 0
0 22148 10 0
0 22148 11 0
0 22148 12 0
0 22148 13 0
0 22148 14 0
0 42562 15 0
0 42562 0 0
0 42562 1 0
0 42562 2 0
0 42562 3 0
0 42562 4 0
0 55597 5 0
0 55597 6 0
0 55597 7 0
0 55597 8 0
0 55597 9 0
0 55597 10 0
0 5934 11 0
0 5934 12 0
0 5934 13 0
0 5934 14 0
0 5934 15 0
0 5934 0 0
0 62626 1 0
0 62626 2 0
0 62626 3 0
0 62626 4 0
0 62626 5 0
0 62626 6 0
0 65360 7 0
0 65360 8 0
0 65360 9 0
0 65360 10 0
0 65360 11 0
0 65360 12 0
0 20551 13 0
0 20551 14 0
0 20551 15 0
0 20551 0 0
0 20551 1 0
0 20551 2 0
0 44652 3 0
0 44652 4 0
0 44652 5 0
0 44652 6 0
0 44652 7 0
0 44652 8 0
0 8492 9 0
0 8492 10 0
0 8492 11 0
0 8492 12 0
0 8492 13 0
0 8492 14 0
0 3422 15 0
0 3422 0 0
0 3422 1 0
0 3422 2 0
0 3422 3 0
0 3422 4 0
0 23180 5 0
0 23180 6 0
0 23180 7 0
0 23180 8 0
0 23180 9 0
0 23180 10 0
0 57381 11 0
0 57381 12 0
0 57381 13 0
0 57381 14 0
0 57381 15 0
0 57381 0 0
0 45061 1 0
0 45061 2 0
0 45061 3 0
0 45061 4 0
0 45061 5 0
0 45061 6 0
0 63981 7 0
0 63981 8 0
0 63981 9 0
0 63981 10 0
0 63981 11 0
0 63981 12 0
0 23481 13 0
0 23481 14 0
0 23481 15 0
0 23481 0 0
0 23481 1 0
0 23481 2 0
0 31394 3 0
0 31394 4 0
0 31394 5 0
0 31394 6 0
0 31394 7 0
0 31394 8 0
0 24851 9 0
0 24851 10 0
0 24851 11 0
0 24851 12 0
0 24851 13 0
0 24851 14 0
0 28329 15 0
0 28329 0 0
0 28329 1 0
0 28329 2 0
0 28329 3 0
0 28329 4 0
0 42612 5 0
0 42612 6 0
0 42612 7 0
0 42612 8 0
0 42612 9 0
0 42612 10 0
0 34127 11 0
0 34127 12 0
0 34127 13 0
0 34127 14 0
0 34127 15 0
0 34127 0 0
0 34224 1 0
0 34224 2 0
0 34224 3 0
0 34224 4 0
0 34224 5 0
0 34224 6 0
0 49131 7 0
0 49131 8 0
0 49131 9 0
0 49131 10 0
0 49131 11 0
0 49131 12 0
0 6633 13 0
0 6633 14 0
0 6633 15 0
0 6633 0 0
0 6633 1 0
0 6633 2 0
0 921 3 0
0 921 4 0
0 921 5 0
0 921 6 0
0 921 7 0
0 921 8 0
0 58050 9 0
0 58050 10 0
0 58050 11 0
0 58050 12 0
0 58050 13 0
0 58050 14 0
0 29877 15 0
0 29877 0 0
0 29877 1 0
0 29877 2 0
0 29877 3 0
0 29877 4 0
0 8156 5 0
0 8156 6 0
0 8156 7 0
0 8156 8 0
0 8156 9 0
0 8156 10 0
0 1013 11 0
0 1013 12 0
0 1013 13 0
0 1013 14 0
0 1013 15 0
0 1013 0 0
0 28875 1 0
0 28875 2 0
0 28875 3 0
0 28875 4 0
0 28875 5 0
0 28875 6 0
0 30272 7 0
0 30272 8 0
0 30272 9 0
0 30272 10 0
0 30272 11 0
0 30272 12 0
0 15486 13 0
0 15486 14 0
0 15486 15 0
0 15486 0 0
0 15486 1 0
0 15486 2 0
0 60673 3 0
0 60673 4 0
0 60673 5 0
0 60673 6 0
0 60673 7 0
0 60673 8 0
0 518 9 0
0 518 10 0
0 518 11 0
0 518 12 0
0 518 13 0
0 518 14 0
0 32242 15 0
0 32242 0 0
0 32242 1 0
0 32242 2 0
0 32242 3 0
0 32242 4 0
0 64008 5 0
0 64008 6 0
0 64008 7 0
0 64008 8 0
0 64008 9 0
0 64008 10 0
0 63984 11 0
0 63984 12 0
0 63984 13 0
0 63984 14 0
0 63984 15 0
0 63984 0 0
0 7798 1 0
0 7798 2 0
0 7798 3 0
0 7798 4 0
0 7798 5 0
0 7798 6 0
0 6064 7 0
0 6064 8 0
0 6064 9 0
0 6064 10 0
0 6064 11 0
0 6064 12 0
0 56733 13 0
0 56733 14 0
0 56733 15 0
0 56733 0 0
0 56733 1 0
0 56733 2 0
0 17054 3 0
0 17054 4 0
0 17054 5 0
0 17054 6 0
0 17054 7 0
0 17054 8 0
0 12347 9 0
0 12347 10 0
0 12347 11 0
0 12347 12 0
0 12347 13 0
0 12347 14 0
0 61503 15 0
0 61503 0 0
0 61503 1 0
0 61503 2 0
0 61503 3 0
0 61503 4 0
0 12926 5 0
0 12926 6 0
0 12926 7 0
0 12926 8 0
0 12926 9 0
0 12926 10 0
0 18181 11 0
0 18181 12 0
0 18181 13 0
0 18181 14 0
0 18181 15 0
0 18181 0 0
0 18005 1 0
0 18005 2 0
0 18005 3 0
0 18005 4 0
0 18005 5 0
0 18005 6 0
0 44699 7 0
0 44699 8 0
0 44699 9 0
0 44699 10 0
0 44699 11 0
0 44699 12 0
0 62808 13 0
0 62808 14 0
0 62808 15 0
0 62808 0 0
0 62808 1 0
0 62808 2 0
0 25681 3 0
0 25681 4 0
0 25681 5 0
0 25681 6 0
0 25681 7 0
0 25681 8 0
0 58958 9 0
0 58958 10 0
0 58958 11 0
0 58958 12 0
0 58958 13 0
0 58958 14 0
0 24201 15 0
0 24201 0 0
0 24201 1 0
0 24201 2 0
0 24201 3 0
0 24201 4 0
0 11042 5 0
0 11042 6 0
0 11042 7 0
0 11042 8 0
0 11042 9 0
0 11042 10 0
0 16529 11 0
0 16529 12 0
0 16529 13 0
0 16529 14 0
0 16529 15 0
0 16529 0 0
0 34438 1 0
0 34438 2 0
0 34438 3 0
0 34438 4 0
0 34438 5 0
0 34438 6 0
0 38717 7 0
0 38717 8 0
0 38717 9 0
0 38717 10 0
0 38717 11 0
0 38717 12 0
0 45503 13 0
0 45503 14 0
0 45503 15 0
0 45503 0 0
0 45503 1 0
0 45503 2 0
0 9256 3 0
0 9256 4 0
0 9256 5 0
0 9256 6 0
0 9256 7 0
0 9256 8 0
0 21080 9 0
0 21080 10 0
0 21080 11 0
0 21080 12 0
0 21080 13 0
0 21080 14 0
0 26938 15 0
0 26938 0 0
0 26938 1 0
0 26938 2 0
0 26938 3 0
0 26938 4 0
0 26605 5 0
0 26605 6 0
0 26605 7 0
0 26605 8 0
0 26605 9 0
0 26605 10 0
0 31218 11 0
0 31218 12 0
0 31218 13 0
0 31218 14 0
0 31218 15 0
0 31218 0 0
0 36601 1 0
0 36601 2 0
0 36601 3 0
0 36601 4 0
0 36601 5 0
0 36601 6 0
0 3544 7 0
0 3544 8 0
0 3544 9 0
0 3544 10 0
0 3544 11 0
0 3544 12 0
0 52264 13 0
0 52264 14 0
0 52264 15 0
