0 0 0 0
0 0 1 0
0 0 2 0
0 0 3 0
0 0 4 0
0 34409 5 0
0 34409 6 0
0 34409 7 0
0 34409 8 0
0 34409 9 0
0 34409 10 0
0 1709 11 0
0 1709 12 0
0 1709 13 0
0 1709 14 0
0 1709 15 0
0 1709 0 0
0 62208 1 0
0 62208 2 0
0 62208 3 0
0 62208 4 0
0 62208 5 0
0 62208 6 0
0 39243 7 0
0 39243 8 0
0 39243 9 0
0 39243 10 0
0 39243 11 0
0 39243 12 0
0 33039 13 0
0 33039 14 0
0 33039 15 0
0 33039 0 0
0 33039 1 0
0 33039 2 0
0 28342 3 0
0 28342 4 0
0 28342 5 0
0 28342 6 0
0 28342 7 0
0 28342 8 0
0 55173 9 0
0 55173 10 0
0 55173 11 0
0 55173 12 0
0 55173 13 0
0 55173 14 0
0 61877 15 0
0 61877 0 0
0 61877 1 0
0 61877 2 0
0 61877 3 0
0 61877 4 0
0 54369 5 0
0 54369 6 0
0 54369 7 0
0 54369 8 0
0 54369 9 0
0 54369 10 0
0 21323 11 0
0 21323 12 0
0 21323 13 0
0 21323 14 0
0 21323 15 0
0 21323 0 0
0 28034 1 0
0 28034 2 0
0 28034 3 0
0 28034 4 0
0 28034 5 0
0 28034 6 0
0 12412 7 0
0 12412 8 0
0 12412 9 0
0 12412 10 0
0 12412 11 0
0 12412 12 0
0 15478 13 0
0 15478 14 0
0 15478 15 0
0 15478 0 0
0 15478 1 0
0 15478 2 0
0 36290 3 0
0 36290 4 0
0 36290 5 0
0 36290 6 0
0 36290 7 0
0 36290 8 0
0 44055 9 0
0 44055 10 0
0 44055 11 0
0 44055 12 0
0 44055 13 0
0 44055 14 0
0 50894 15 0
0 50894 0 0
0 50894 1 0
0 50894 2 0
0 50894 3 0
0 50894 4 0
0 39624 5 0
0 39624 6 0
0 39624 7 0
0 39624 8 0
0 39624 9 0
0 39624 10 0
0 54718 11 0
0 54718 12 0
0 54718 13 0
0 54718 14 0
0 54718 15 0
0 54718 0 0
0 59637 1 0
0 59637 2 0
0 59637 3 0
0 59637 4 0
0 59637 5 0
0 59637 6 0
0 20243 7 0
0 20243 8 0
0 20243 9 0
0 20243 10 0
0 20243 11 0
0 20243 12 0
0 4467 13 0
0 4467 14 0
0 4467 15 0
0 4467 0 0
0 4467 1 0
0 4467 2 0
0 22633 3 0
0 22633 4 0
0 22633 5 0
0 22633 6 0
0 22633 7 0
0 22633 8 0
0 47671 9 0
0 47671 10 0
0 47671 11 0
0 47671 12 0
0 47671 13 0
0 47671 14 0
0 64969 15 0
0 64969 0 0
0 64969 1 0
0 64969 2 0
0 64969 3 0
0 64969 4 0
0 26534 5 0
0 26534 6 0
0 26534 7 0
0 26534 8 0
0 26534 9 0
0 26534 10 0
0 1704 11 0
0 1704 12 0
0 1704 13 0
0 1704 14 0
0 1704 15 0
0 1704 0 0
0 59143 1 0
0 59143 2 0
0 59143 3 0
0 59143 4 0
0 59143 5 0
0 59143 6 0
0 6756 7 0
0 6756 8 0
0 6756 9 0
0 6756 10 0
0 6756 11 0
0 6756 12 0
0 46175 13 0
0 46175 14 0
0 46175 15 0
0 46175 0 0
0 46175 1 0
0 46175 2 0
0 41262 3 0
0 41262 4 0
0 41262 5 0
0 41262 6 0
0 41262 7 0
0 41262 8 0
0 17882 9 0
0 17882 10 0
0 17882 11 0
0 17882 12 0
0 17882 13 0
0 17882 14 0
0 5048 15 0
0 5048 0 0
0 5048 1 0
0 5048 2 0
0 5048 3 0
0 5048 4 0
0 62086 5 0
0 62086 6 0
0 62086 7 0
0 62086 8 0
0 62086 9 0
0 62086 10 0
0 15111 11 0
0 15111 12 0
0 15111 13 0
0 15111 14 0
0 15111 15 0
0 15111 0 0
0 56404 1 0
0 56404 2 0
0 56404 3 0
0 56404 4 0
0 56404 5 0
0 56404 6 0
0 29058 7 0
0 29058 8 0
0 29058 9 0
0 29058 10 0
0 29058 11 0
0 29058 12 0
0 61602 13 0
0 61602 14 0
0 61602 15 0
0 61602 0 0
0 61602 1 0
0 61602 2 0
0 50770 3 0
0 50770 4 0
0 50770 5 0
0 50770 6 0
0 50770 7 0
0 50770 8 0
0 21347 9 0
0 21347 10 0
0 21347 11 0
0 21347 12 0
0 21347 13 0
0 21347 14 0
0 64559 15 0
0 64559 0 0
0 64559 1 0
0 64559 2 0
0 64559 3 0
0 64559 4 0
0 35623 5 0
0 35623 6 0
0 35623 7 0
0 35623 8 0
0 35623 9 0
0 35623 10 0
0 12077 11 0
0 12077 12 0
0 12077 13 0
0 12077 14 0
0 12077 15 0
0 12077 0 0
0 5303 1 0
0 5303 2 0
0 5303 3 0
0 5303 4 0
0 5303 5 0
0 5303 6 0
0 58576 7 0
0 58576 8 0
0 58576 9 0
0 58576 10 0
0 58576 11 0
0 58576 12 0
0 57591 13 0
0 57591 14 0
0 57591 15 0
0 57591 0 0
0 57591 1 0
0 57591 2 0
0 54873 3 0
0 54873 4 0
0 54873 5 0
0 54873 6 0
0 54873 7 0
0 54873 8 0
0 36060 9 0
0 36060 10 0
0 36060 11 0
0 36060 12 0
0 36060 13 0
0 36060 14 0
0 38559 15 0
0 38559 0 0
0 38559 1 0
0 38559 2 0
0 38559 3 0
0 38559 4 0
0 19499 5 0
0 19499 6 0
0 19499 7 0
0 19499 8 0
0 19499 9 0
0 19499 10 0
0 18630 11 0
0 18630 12 0
0 18630 13 0
0 18630 14 0
0 18630 15 0
0 18630 0 0
0 49284 1 0
0 49284 2 0
0 49284 3 0
0 49284 4 0
0 49284 5 0
0 49284 6 0
0 12543 7 0
0 12543 8 0
0 12543 9 0
0 12543 10 0
0 12543 11 0
0 12543 12 0
0 28254 13 0
0 28254 14 0
0 28254 15 0
0 28254 0 0
0 28254 1 0
0 28254 2 0
0 109 3 0
0 109 4 0
0 109 5 0
0 109 6 0
0 109 7 0
0 109 8 0
0 3896 9 0
0 3896 10 0
0 3896 11 0
0 3896 12 0
0 3896 13 0
0 3896 14 0
0 17086 15 0
0 17086 0 0
0 17086 1 0
0 17086 2 0
0 17086 3 0
0 17086 4 0
0 65109 5 0
0 65109 6 0
0 65109 7 0
0 65109 8 0
0 65109 9 0
0 65109 10 0
0 42861 11 0
0 42861 12 0
0 42861 13 0
0 42861 14 0
0 42861 15 0
0 42861 0 0
0 40398 1 0
0 40398 2 0
0 40398 3 0
0 40398 4 0
0 40398 5 0
0 40398 6 0
0 4056 7 0
0 4056 8 0
0 4056 9 0
0 4056 10 0
0 4056 11 0
0 4056 12 0
0 62150 13 0
0 62150 14 0
0 62150 15 0
0 62150 0 0
0 62150 1 0
0 62150 2 0
0 21019 3 0
0 21019 4 0
0 21019 5 0
0 21019 6 0
0 21019 7 0
0 21019 8 0
0 22753 9 0
0 22753 10 0
0 22753 11 0
0 22753 12 0
0 22753 13 0
0 22753 14 0
0 63838 15 0
0 63838 0 0
0 63838 1 0
0 63838 2 0
0 63838 3 0
0 63838 4 0
0 13750 5 0
0 13750 6 0
0 13750 7 0
0 13750 8 0
0 13750 9 0
0 13750 10 0
0 13062 11 0
0 13062 12 0
0 13062 13 0
0 13062 14 0
0 13062 15 0
0 13062 0 0
0 39323 1 0
0 39323 2 0
0 39323 3 0
0 39323 4 0
0 39323 5 0
0 39323 6 0
0 55972 7 0
0 55972 8 0
0 55972 9 0
0 55972 10 0
0 55972 11 0
0 55972 12 0
0 54616 13 0
0 54616 14 0
0 54616 15 0
0 54616 0 0
0 54616 1 0
0 54616 2 0
0 40257 3 0
0 40257 4 0
0 40257 5 0
0 40257 6 0
0 40257 7 0
0 40257 8 0
0 25019 9 0
0 25019 10 0
0 25019 11 0
0 25019 12 0
0 25019 13 0
0 25019 14 0
0 9756 15 0
0 9756 0 0
0 9756 1 0
0 9756 2 0
0 9756 3 0
0 9756 4 0
0 27447 5 0
0 27447 6 0
0 27447 7 0
0 27447 8 0
0 27447 9 0
0 27447 10 0
0 32811 11 0
0 32811 12 0
0 32811 13 0
0 32811 14 0
0 32811 15 0
0 32811 0 0
0 65470 1 0
0 65470 2 0
0 65470 3 0
0 65470 4 0
0 65470 5 0
0 65470 6 0
0 2270 7 0
0 2270 8 0
0 2270 9 0
0 2270 10 0
0 2270 11 0
0 2270 12 0
0 20950 13 0
0 20950 14 0
0 20950 15 0
0 20950 0 0
0 20950 1 0
0 20950 2 0
0 21644 3 0
0 21644 4 0
0 21644 5 0
0 21644 6 0
0 21644 7 0
0 21644 8 0
0 9749 9 0
0 9749 10 0
0 9749 11 0
0 9749 12 0
0 9749 13 0
0 9749 14 0
0 64159 15 0
0 64159 0 0
0 64159 1 0
0 64159 2 0
0 64159 3 0
0 64159 4 0
0 36217 5 0
0 36217 6 0
0 36217 7 0
0 36217 8 0
0 36217 9 0
0 36217 10 0
0 64635 11 0
0 64635 12 0
0 64635 13 0
0 64635 14 0
0 64635 15 0
0 64635 0 0
0 26562 1 0
0 26562 2 0
0 26562 3 0
0 26562 4 0
0 26562 5 0
0 26562 6 0
0 24661 7 0
0 24661 8 0
0 24661 9 0
0 24661 10 0
0 24661 11 0
0 24661 12 0
0 37840 13 0
0 37840 14 0
0 37840 15 0
0 37840 0 0
0 37840 1 0
0 37840 2 0
0 3625 3 0
0 3625 4 0
0 3625 5 0
0 3625 6 0
0 3625 7 0
0 3625 8 0
0 52509 9 0
0 52509 10 0
0 52509 11 0
0 52509 12 0
0 52509 13 0
0 52509 14 0
0 30727 15 0
0 30727 0 0
0 30727 1 0
0 30727 2 0
0 30727 3 0
0 30727 4 0
0 16797 5 0
0 16797 6 0
0 16797 7 0
0 16797 8 0
0 16797 9 0
0 16797 10 0
0 23111 11 0
0 23111 12 0
0 23111 13 0
0 23111 14 0
0 23111 15 0
0 23111 0 0
0 12712 1 0
0 12712 2 0
0 12712 3 0
0 12712 4 0
0 12712 5 0
0 12712 6 0
0 18307 7 0
0 18307 8 0
0 18307 9 0
0 18307 10 0
0 18307 11 0
0 18307 12 0
0 5366 13 0
0 5366 14 0
0 5366 15 0
0 5366 0 0
0 5366 1 0
0 5366 2 0
0 45251 3 0
0 45251 4 0
0 45251 5 0
0 45251 6 0
0 45251 7 0
0 45251 8 0
0 26072 9 0
0 26072 10 0
0 26072 11 0
0 26072 12 0
0 26072 13 0
0 26072 14 0
0 35109 15 0
0 35109 0 0
0 35109 1 0
0 35109 2 0
0 35109 3 0
0 35109 4 0
0 12369 5 0
0 12369 6 0
0 12369 7 0
0 12369 8 0
0 12369 9 0
0 12369 10 0
0 52177 11 0
0 52177 12 0
0 52177 13 0
0 52177 14 0
0 52177 15 0
0 52177 0 0
0 3138 1 0
0 3138 2 0
0 3138 3 0
0 3138 4 0
0 3138 5 0
0 3138 6 0
0 50543 7 0
0 50543 8 0
0 50543 9 0
0 50543 10 0
0 50543 11 0
0 50543 12 0
0 41126 13 0
0 41126 14 0
0 41126 15 0
0 41126 0 0
0 41126 1 0
0 41126 2 0
0 14251 3 0
0 14251 4 0
0 14251 5 0
0 14251 6 0
0 14251 7 0
0 14251 8 0
0 43128 9 0
0 43128 10 0
0 43128 11 0
0 43128 12 0
0 43128 13 0
0 43128 14 0
0 57521 15 0
0 57521 0 0
0 57521 1 0
0 57521 2 0
0 57521 3 0
0 57521 4 0
0 52992 5 0
0 52992 6 0
0 52992 7 0
0 52992 8 0
0 52992 9 0
0 52992 10 0
0 9360 11 0
0 9360 12 0
0 9360 13 0
0 9360 14 0
0 9360 15 0
0 9360 0 0
0 42099 1 0
0 42099 2 0
0 42099 3 0
0 42099 4 0
0 42099 5 0
0 42099 6 0
0 12126 7 0
0 12126 8 0
0 12126 9 0
0 12126 10 0
0 12126 11 0
0 12126 12 0
0 44368 13 0
0 44368 14 0
0 44368 15 0
0 44368 0 0
0 44368 1 0
0 44368 2 0
0 42901 3 0
0 42901 4 0
0 42901 5 0
0 42901 6 0
0 42901 7 0
0 42901 8 0
0 40002 9 0
0 40002 10 0
0 40002 11 0
0 40002 12 0
0 40002 13 0
0 40002 14 0
0 41598 15 0
0 41598 0 0
0 41598 1 0
0 41598 2 0
0 41598 3 0
0 41598 4 0
0 59435 5 0
0 59435 6 0
0 59435 7 0
0 59435 8 0
0 59435 9 0
0 59435 10 0
0 33132 11 0
0 33132 12 0
0 33132 13 0
0 33132 14 0
0 33132 15 0
0 33132 0 0
0 5902 1 0
0 5902 2 0
0 5902 3 0
0 5902 4 0
0 5902 5 0
0 5902 6 0
0 48835 7 0
0 48835 8 0
0 48835 9 0
0 48835 10 0
0 48835 11 0
0 48835 12 0
0 12092 13 0
0 12092 14 0
0 12092 15 0
0 12092 0 0
0 12092 1 0
0 12092 2 0
0 54663 3 0
0 54663 4 0
0 54663 5 0
0 54663 6 0
0 54663 7 0
0 54663 8 0
0 53508 9 0
0 53508 10 0
0 53508 11 0
0 53508 12 0
0 53508 13 0
0 53508 14 0
0 43248 15 0
0 43248 0 0
0 43248 1 0
0 43248 2 0
0 43248 3 0
0 43248 4 0
0 65325 5 0
0 65325 6 0
0 65325 7 0
0 65325 8 0
0 65325 9 0
0 65325 10 0
0 40321 11 0
0 40321 12 0
0 40321 13 0
0 40321 14 0
0 40321 15 0
0 40321 0 0
0 24078 1 0
0 24078 2 0
0 24078 3 0
0 24078 4 0
0 24078 5 0
0 24078 6 0
0 32570 7 0
0 32570 8 0
0 32570 9 0
0 32570 10 0
0 32570 11 0
0 32570 12 0
0 55676 13 0
0 55676 14 0
0 55676 15 0
0 55676 0 0
0 55676 1 0
0 55676 2 0
0 27725 3 0
0 27725 4 0
0 27725 5 0
0 27725 6 0
0 27725 7 0
0 27725 8 0
0 22050 9 0
0 22050 10 0
0 22050 11 0
0 22050 12 0
0 22050 13 0
0 22050 14 0
0 59126 15 0
0 59126 0 0
0 59126 1 0
0 59126 2 0
0 59126 3 0
0 59126 4 0
0 50336 5 0
0 50336 6 0
0 50336 7 0
0 50336 8 0
0 50336 9 0
0 50336 10 0
0 24624 11 0
0 24624 12 0
0 24624 13 0
0 24624 14 0
0 24624 15 0
0 24624 0 0
0 36211 1 0
0 36211 2 0
0 36211 3 0
0 36211 4 0
0 36211 5 0
0 36211 6 0
0 42440 7 0
0 42440 8 0
0 42440 9 0
0 42440 10 0
0 42440 11 0
0 42440 12 0
0 18376 13 0
0 18376 14 0
0 18376 15 0
0 18376 0 0
0 18376 1 0
0 18376 2 0
0 24159 3 0
0 24159 4 0
0 24159 5 0
0 24159 6 0
0 24159 7 0
0 24159 8 0
0 17188 9 0
0 17188 10 0
0 17188 11 0
0 17188 12 0
0 17188 13 0
0 17188 14 0
0 7920 15 0
0 7920 0 0
0 7920 1 0
0 7920 2 0
0 7920 3 0
0 7920 4 0
0 13331 5 0
0 13331 6 0
0 13331 7 0
0 13331 8 0
0 13331 9 0
0 13331 10 0
0 9168 11 0
0 9168 12 0
0 9168 13 0
0 9168 14 0
0 9168 15 0
0 9168 0 0
0 45836 1 0
0 45836 2 0
0 45836 3 0
0 45836 4 0
0 45836 5 0
0 45836 6 0
0 27380 7 0
0 27380 8 0
0 27380 9 0
0 27380 10 0
0 27380 11 0
0 27380 12 0
0 57298 13 0
0 57298 14 0
0 57298 15 0
0 57298 0 0
0 57298 1 0
0 57298 2 0
0 27674 3 0
0 27674 4 0
0 27674 5 0
0 27674 6 0
0 27674 7 0
0 27674 8 0
0 63600 9 0
0 63600 10 0
0 63600 11 0
0 63600 12 0
0 63600 13 0
0 63600 14 0
0 53637 15 0
0 53637 0 0
0 53637 1 0
0 53637 2 0
0 53637 3 0
0 53637 4 0
0 34199 5 0
0 34199 6 0
0 34199 7 0
0 34199 8 0
0 34199 9 0
0 34199 10 0
0 4430 11 0
0 4430 12 0
0 4430 13 0
0 4430 14 0
0 4430 15 0
0 4430 0 0
0 43768 1 0
0 43768 2 0
0 43768 3 0
0 43768 4 0
0 43768 5 0
0 43768 6 0
0 29764 7 0
0 29764 8 0
0 29764 9 0
0 29764 10 0
0 29764 11 0
0 29764 12 0
0 34106 13 0
0 34106 14 0
0 34106 15 0
0 34106 0 0
0 34106 1 0
0 34106 2 0
0 29112 3 0
0 29112 4 0
0 29112 5 0
0 29112 6 0
0 29112 7 0
0 29112 8 0
0 10096 9 0
0 10096 10 0
0 10096 11 0
0 10096 12 0
0 10096 13 0
0 10096 14 0
0 50526 15 0
0 50526 0 0
0 50526 1 0
0 50526 2 0
0 50526 3 0
0 50526 4 0
0 32948 5 0
0 32948 6 0
0 32948 7 0
0 32948 8 0
0 32948 9 0
0 32948 10 0
0 14323 11 0
0 14323 12 0
0 14323 13 0
0 14323 14 0
0 14323 15 0
0 14323 0 0
0 24605 1 0
0 24605 2 0
0 24605 3 0
0 24605 4 0
0 24605 5 0
0 24605 6 0
0 46300 7 0
0 46300 8 0
0 46300 9 0
0 46300 10 0
0 46300 11 0
0 46300 12 0
0 11249 13 0
0 11249 14 0
0 11249 15 0
0 11249 0 0
0 11249 1 0
0 11249 2 0
0 21340 3 0
0 21340 4 0
0 21340 5 0
0 21340 6 0
0 21340 7 0
0 21340 8 0
0 23281 9 0
0 23281 10 0
0 23281 11 0
0 23281 12 0
0 23281 13 0
0 23281 14 0
0 50295 15 0
0 50295 0 0
0 50295 1 0
0 50295 2 0
0 50295 3 0
0 50295 4 0
0 13720 5 0
0 13720 6 0
0 13720 7 0
0 13720 8 0
0 13720 9 0
0 13720 10 0
0 53642 11 0
0 53642 12 0
0 53642 13 0
0 53642 14 0
0 53642 15 0
0 53642 0 0
0 59579 1 0
0 59579 2 0
0 59579 3 0
0 59579 4 0
0 59579 5 0
0 59579 6 0
0 19349 7 0
0 19349 8 0
0 19349 9 0
0 19349 10 0
0 19349 11 0
0 19349 12 0
0 337 13 0
0 337 14 0
0 337 15 0
0 337 0 0
0 337 1 0
0 337 2 0
0 22736 3 0
0 22736 4 0
0 22736 5 0
0 22736 6 0
0 22736 7 0
0 22736 8 0
0 8031 9 0
0 8031 10 0
0 8031 11 0
0 8031 12 0
0 8031 13 0
0 8031 14 0
0 56174 15 0
0 56174 0 0
0 56174 1 0
0 56174 2 0
0 56174 3 0
0 56174 4 0
0 29681 5 0
0 29681 6 0
0 29681 7 0
0 29681 8 0
0 29681 9 0
0 29681 10 0
0 62461 11 0
0 62461 12 0
0 62461 13 0
0 62461 14 0
0 62461 15 0
0 62461 0 0
0 11313 1 0
0 11313 2 0
0 11313 3 0
0 11313 4 0
0 11313 5 0
0 11313 6 0
0 35603 7 0
0 35603 8 0
0 35603 9 0
0 35603 10 0
0 35603 11 0
0 35603 12 0
0 48125 13 0
0 48125 14 0
0 48125 15 0
0 48125 0 0
0 48125 1 0
0 48125 2 0
0 5944 3 0
0 5944 4 0
0 5944 5 0
0 5944 6 0
0 5944 7 0
0 5944 8 0
0 13833 9 0
0 13833 10 0
0 13833 11 0
0 13833 12 0
0 13833 13 0
0 13833 14 0
0 30355 15 0
0 30355 0 0
0 30355 1 0
0 30355 2 0
0 30355 3 0
0 30355 4 0
0 13630 5 0
0 13630 6 0
0 13630 7 0
0 13630 8 0
0 13630 9 0
0 13630 10 0
0 27621 11 0
0 27621 12 0
0 27621 13 0
0 27621 14 0
0 27621 15 0
0 27621 0 0
0 41038 1 0
0 41038 2 0
0 41038 3 0
0 41038 4 0
0 41038 5 0
0 41038 6 0
0 33466 7 0
0 33466 8 0
0 33466 9 0
0 33466 10 0
0 33466 11 0
0 33466 12 0
0 18285 13 0
0 18285 14 0
0 18285 15 0
0 18285 0 0
0 18285 1 0
0 18285 2 0
0 62917 3 0
0 62917 4 0
0 62917 5 0
0 62917 6 0
0 62917 7 0
0 62917 8 0
0 5641 9 0
0 5641 10 0
0 5641 11 0
0 5641 12 0
0 5641 13 0
0 5641 14 0
0 8653 15 0
0 8653 0 0
0 8653 1 0
0 8653 2 0
0 8653 3 0
0 8653 4 0
0 16825 5 0
0 16825 6 0
0 16825 7 0
0 16825 8 0
0 16825 9 0
0 16825 10 0
0 17315 11 0
0 17315 12 0
0 17315 13 0
0 17315 14 0
0 17315 15 0
0 17315 0 0
0 51515 1 0
0 51515 2 0
0 51515 3 0
0 51515 4 0
0 51515 5 0
0 51515 6 0
0 7965 7 0
0 7965 8 0
0 7965 9 0
0 7965 10 0
0 7965 11 0
0 7965 12 0
0 21481 13 0
0 21481 14 0
0 21481 15 0
0 21481 0 0
0 21481 1 0
0 21481 2 0
0 63834 3 0
0 63834 4 0
0 63834 5 0
0 63834 6 0
0 63834 7 0
0 63834 8 0
0 59840 9 0
0 59840 10 0
0 59840 11 0
0 59840 12 0
0 59840 13 0
0 59840 14 0
0 18364 15 0
0 18364 0 0
0 18364 1 0
0 18364 2 0
0 18364 3 0
0 18364 4 0
0 61509 5 0
0 61509 6 0
0 61509 7 0
0 61509 8 0
0 61509 9 0
0 61509 10 0
0 40038 11 0
0 40038 12 0
0 40038 13 0
0 40038 14 0
0 40038 15 0
0 40038 0 0
0 28117 1 0
0 28117 2 0
0 28117 3 0
0 28117 4 0
0 28117 5 0
0 28117 6 0
0 58232 7 0
0 58232 8 0
0 58232 9 0
0 58232 10 0
0 58232 11 0
0 58232 12 0
0 9118 13 0
0 9118 14 0
0 9118 15 0
0 9118 0 0
0 9118 1 0
0 9118 2 0
0 22785 3 0
0 22785 4 0
0 22785 5 0
0 22785 6 0
0 22785 7 0
0 22785 8 0
0 29864 9 0
0 29864 10 0
0 29864 11 0
0 29864 12 0
0 29864 13 0
0 29864 14 0
0 56466 15 0
0 56466 0 0
0 56466 1 0
0 56466 2 0
0 56466 3 0
0 56466 4 0
0 6765 5 0
0 6765 6 0
0 6765 7 0
0 6765 8 0
0 6765 9 0
0 6765 10 0
0 36685 11 0
0 36685 12 0
0 36685 13 0
0 36685 14 0
0 36685 15 0
0 36685 0 0
0 20214 1 0
0 20214 2 0
0 20214 3 0
0 20214 4 0
0 20214 5 0
0 20214 6 0
0 27700 7 0
0 27700 8 0
0 27700 9 0
0 27700 10 0
0 27700 11 0
0 27700 12 0
0 28962 13 0
0 28962 14 0
0 28962 15 0
0 28962 0 0
0 28962 1 0
0 28962 2 0
0 33550 3 0
0 33550 4 0
0 33550 5 0
0 33550 6 0
0 33550 7 0
0 33550 8 0
0 32472 9 0
0 32472 10 0
0 32472 11 0
0 32472 12 0
0 32472 13 0
0 32472 14 0
0 53271 15 0
0 53271 0 0
0 53271 1 0
0 53271 2 0
0 53271 3 0
0 53271 4 0
0 11060 5 0
0 11060 6 0
0 11060 7 0
0 11060 8 0
0 11060 9 0
0 11060 10 0
0 20648 11 0
0 20648 12 0
0 20648 13 0
0 20648 14 0
0 20648 15 0
0 20648 0 0
0 17567 1 0
0 17567 2 0
0 17567 3 0
0 17567 4 0
0 17567 5 0
0 17567 6 0
0 34459 7 0
0 34459 8 0
0 34459 9 0
0 34459 10 0
0 34459 11 0
0 34459 12 0
0 24389 13 0
0 24389 14 0
0 24389 15 0
0 24389 0 0
0 24389 1 0
0 24389 2 0
0 48994 3 0
0 48994 4 0
0 48994 5 0
0 48994 6 0
0 48994 7 0
0 48994 8 0
0 24756 9 0
0 24756 10 0
0 24756 11 0
0 24756 12 0
0 24756 13 0
0 24756 14 0
0 37567 15 0
0 37567 0 0
0 37567 1 0
0 37567 2 0
0 37567 3 0
0 37567 4 0
0 60334 5 0
0 60334 6 0
0 60334 7 0
0 60334 8 0
0 60334 9 0
0 60334 10 0
0 39577 11 0
0 39577 12 0
0 39577 13 0
0 39577 14 0
0 39577 15 0
0 39577 0 0
0 39706 1 0
0 39706 2 0
0 39706 3 0
0 39706 4 0
0 39706 5 0
0 39706 6 0
0 41667 7 0
0 41667 8 0
0 41667 9 0
0 41667 10 0
0 41667 11 0
0 41667 12 0
0 51472 13 0
0 51472 14 0
0 51472 15 0
0 51472 0 0
0 51472 1 0
0 51472 2 0
0 11233 3 0
0 11233 4 0
0 11233 5 0
0 11233 6 0
0 11233 7 0
0 11233 8 0
0 43193 9 0
0 43193 10 0
0 43193 11 0
0 43193 12 0
0 43193 13 0
0 43193 14 0
0 50294 15 0
0 50294 0 0
0 50294 1 0
0 50294 2 0
0 50294 3 0
0 50294 4 0
0 30534 5 0
0 30534 6 0
0 30534 7 0
0 30534 8 0
0 30534 9 0
0 30534 10 0
0 19985 11 0
0 19985 12 0
0 19985 13 0
0 19985 14 0
0 19985 15 0
0 19985 0 0
0 16182 1 0
0 16182 2 0
0 16182 3 0
0 16182 4 0
0 16182 5 0
0 16182 6 0
0 63569 7 0
0 63569 8 0
0 63569 9 0
0 63569 10 0
0 63569 11 0
0 63569 12 0
0 42722 13 0
0 42722 14 0
0 42722 15 0
0 42722 0 0
0 42722 1 0
0 42722 2 0
0 14750 3 0
0 14750 4 0
0 14750 5 0
0 14750 6 0
0 14750 7 0
0 14750 8 0
0 20597 9 0
0 20597 10 0
0 20597 11 0
0 20597 12 0
0 20597 13 0
0 20597 14 0
0 23678 15 0
0 23678 0 0
0 23678 1 0
0 23678 2 0
0 23678 3 0
0 23678 4 0
0 32434 5 0
0 32434 6 0
0 32434 7 0
0 32434 8 0
0 32434 9 0
0 32434 10 0
0 10850 11 0
0 10850 12 0
0 10850 13 0
0 10850 14 0
0 10850 15 0
0 10850 0 0
0 28898 1 0
0 28898 2 0
0 28898 3 0
0 28898 4 0
0 28898 5 0
0 28898 6 0
0 45232 7 0
0 45232 8 0
0 45232 9 0
0 45232 10 0
0 45232 11 0
0 45232 12 0
0 23857 13 0
0 23857 14 0
0 23857 15 0
0 23857 0 0
0 23857 1 0
0 23857 2 0
0 10448 3 0
0 10448 4 0
0 10448 5 0
0 10448 6 0
0 10448 7 0
0 10448 8 0
0 45648 9 0
0 45648 10 0
0 45648 11 0
0 45648 12 0
0 45648 13 0
0 45648 14 0
0 33243 15 0
0 33243 0 0
0 33243 1 0
0 33243 2 0
0 33243 3 0
0 33243 4 0
0 43355 5 0
0 43355 6 0
0 43355 7 0
0 43355 8 0
0 43355 9 0
0 43355 10 0
0 44893 11 0
0 44893 12 0
0 44893 13 0
0 44893 14 0
0 44893 15 0
0 44893 0 0
0 5879 1 0
0 5879 2 0
0 5879 3 0
0 5879 4 0
0 5879 5 0
0 5879 6 0
0 24077 7 0
0 24077 8 0
0 24077 9 0
0 24077 10 0
0 24077 11 0
0 24077 12 0
0 10181 13 0
0 10181 14 0
0 10181 15 0
0 10181 0 0
0 10181 1 0
0 10181 2 0
0 60413 3 0
0 60413 4 0
0 60413 5 0
0 60413 6 0
0 60413 7 0
0 60413 8 0
0 918 9 0
0 918 10 0
0 918 11 0
0 918 12 0
0 918 13 0
0 918 14 0
0 3795 15 0
0 3795 0 0
0 3795 1 0
0 3795 2 0
0 3795 3 0
0 3795 4 0
0 33426 5 0
0 33426 6 0
0 33426 7 0
0 33426 8 0
0 33426 9 0
0 33426 10 0
0 44345 11 0
0 44345 12 0
0 44345 13 0
0 44345 14 0
0 44345 15 0
0 44345 0 0
0 10418 1 0
0 10418 2 0
0 10418 3 0
0 10418 4 0
0 10418 5 0
0 10418 6 0
0 20985 7 0
0 20985 8 0
0 20985 9 0
0 20985 10 0
0 20985 11 0
0 20985 12 0
0 5798 13 0
0 5798 14 0
0 5798 15 0
0 5798 0 0
0 5798 1 0
0 5798 2 0
0 53621 3 0
0 53621 4 0
0 53621 5 0
0 53621 6 0
0 53621 7 0
0 53621 8 0
0 62530 9 0
0 62530 10 0
0 62530 11 0
0 62530 12 0
0 62530 13 0
0 62530 14 0
0 22581 15 0
0 22581 0 0
0 22581 1 0
0 22581 2 0
0 22581 3 0
0 22581 4 0
0 30113 5 0
0 30113 6 0
0 30113 7 0
0 30113 8 0
0 30113 9 0
0 30113 10 0
0 6894 11 0
0 6894 12 0
0 6894 13 0
0 6894 14 0
0 6894 15 0
0 6894 0 0
0 63849 1 0
0 63849 2 0
0 63849 3 0
0 63849 4 0
0 63849 5 0
0 63849 6 0
0 27205 7 0
0 27205 8 0
0 27205 9 0
0 27205 10 0
0 27205 11 0
0 27205 12 0
0 48938 13 0
0 48938 14 0
0 48938 15 0
0 48938 0 0
0 48938 1 0
0 48938 2 0
0 29571 3 0
0 29571 4 0
0 29571 5 0
0 29571 6 0
0 29571 7 0
0 29571 8 0
0 55150 9 0
0 55150 10 0
0 55150 11 0
0 55150 12 0
0 55150 13 0
0 55150 14 0
0 33961 15 0
0 33961 0 0
0 33961 1 0
0 33961 2 0
0 33961 3 0
0 33961 4 0
0 1881 5 0
0 1881 6 0
0 1881 7 0
0 1881 8 0
0 1881 9 0
0 1881 10 0
0 32736 11 0
0 32736 12 0
0 32736 13 0
0 32736 14 0
0 32736 15 0
0 32736 0 0
0 19523 1 0
0 19523 2 0
0 19523 3 0
0 19523 4 0
0 19523 5 0
0 19523 6 0
0 20132 7 0
0 20132 8 0
0 20132 9 0
0 20132 10 0
0 20132 11 0
0 20132 12 0
0 10559 13 0
0 10559 14 0
0 10559 15 0
0 10559 0 0
0 10559 1 0
0 10559 2 0
0 633 3 0
0 633 4 0
0 633 5 0
0 633 6 0
0 633 7 0
0 633 8 0
0 39758 9 0
0 39758 10 0
0 39758 11 0
0 39758 12 0
0 39758 13 0
0 39758 14 0
0 24609 15 0
0 24609 0 0
0 24609 1 0
0 24609 2 0
0 24609 3 0
0 24609 4 0
0 33269 5 0
0 33269 6 0
0 33269 7 0
0 33269 8 0
0 33269 9 0
0 33269 10 0
0 34263 11 0
0 34263 12 0
0 34263 13 0
0 34263 14 0
0 34263 15 0
0 34263 0 0
0 43362 1 0
0 43362 2 0
0 43362 3 0
0 43362 4 0
0 43362 5 0
0 43362 6 0
0 49031 7 0
0 49031 8 0
0 49031 9 0
0 49031 10 0
0 49031 11 0
0 49031 12 0
0 50980 13 0
0 50980 14 0
0 50980 15 0
0 50980 0 0
0 50980 1 0
0 50980 2 0
0 41133 3 0
0 41133 4 0
0 41133 5 0
0 41133 6 0
0 41133 7 0
0 41133 8 0
0 36765 9 0
0 36765 10 0
0 36765 11 0
0 36765 12 0
0 36765 13 0
0 36765 14 0
0 35410 15 0
0 35410 0 0
0 35410 1 0
0 35410 2 0
0 35410 3 0
0 35410 4 0
0 56503 5 0
0 56503 6 0
0 56503 7 0
0 56503 8 0
0 56503 9 0
0 56503 10 0
0 42088 11 0
0 42088 12 0
0 42088 13 0
0 42088 14 0
0 42088 15 0
0 42088 0 0
0 50516 1 0
0 50516 2 0
0 50516 3 0
0 50516 4 0
0 50516 5 0
0 50516 6 0
0 6031 7 0
0 6031 8 0
0 6031 9 0
0 6031 10 0
0 6031 11 0
0 6031 12 0
0 20950 13 0
0 20950 14 0
0 20950 15 0
0 20950 0 0
0 20950 1 0
0 20950 2 0
0 9453 3 0
0 9453 4 0
0 9453 5 0
0 9453 6 0
0 9453 7 0
0 9453 8 0
0 5589 9 0
0 5589 10 0
0 5589 11 0
0 5589 12 0
0 5589 13 0
0 5589 14 0
0 10405 15 0
0 10405 0 0
0 10405 1 0
0 10405 2 0
0 10405 3 0
0 10405 4 0
0 40506 5 0
0 40506 6 0
0 40506 7 0
0 40506 8 0
0 40506 9 0
0 40506 10 0
0 24089 11 0
0 24089 12 0
0 24089 13 0
0 24089 14 0
0 24089 15 0
0 24089 0 0
0 30965 1 0
0 30965 2 0
0 30965 3 0
0 30965 4 0
0 30965 5 0
0 30965 6 0
0 33803 7 0
0 33803 8 0
0 33803 9 0
0 33803 10 0
0 33803 11 0
0 33803 12 0
0 8686 13 0
0 8686 14 0
0 8686 15 0
0 8686 0 0
0 8686 1 0
0 8686 2 0
0 594 3 0
0 594 4 0
0 594 5 0
0 594 6 0
0 594 7 0
0 594 8 0
0 51823 9 0
0 51823 10 0
0 51823 11 0
0 51823 12 0
0 51823 13 0
0 51823 14 0
0 9761 15 0
0 9761 0 0
0 9761 1 0
0 9761 2 0
0 9761 3 0
0 9761 4 0
0 24946 5 0
0 24946 6 0
0 24946 7 0
0 24946 8 0
0 24946 9 0
0 24946 10 0
0 20101 11 0
0 20101 12 0
0 20101 13 0
0 20101 14 0
0 20101 15 0
0 20101 0 0
0 38272 1 0
0 38272 2 0
0 38272 3 0
0 38272 4 0
0 38272 5 0
0 38272 6 0
0 42514 7 0
0 42514 8 0
0 42514 9 0
0 42514 10 0
0 42514 11 0
0 42514 12 0
0 36225 13 0
0 36225 14 0
0 36225 15 0
0 36225 0 0
0 36225 1 0
0 36225 2 0
0 42683 3 0
0 42683 4 0
0 42683 5 0
0 42683 6 0
0 42683 7 0
0 42683 8 0
0 39076 9 0
0 39076 10 0
0 39076 11 0
0 39076 12 0
0 39076 13 0
0 39076 14 0
0 32020 15 0
0 32020 0 0
0 32020 1 0
0 32020 2 0
0 32020 3 0
0 32020 4 0
0 8074 5 0
0 8074 6 0
0 8074 7 0
0 8074 8 0
0 8074 9 0
0 8074 10 0
0 33991 11 0
0 33991 12 0
0 33991 13 0
0 33991 14 0
0 33991 15 0
0 33991 0 0
0 6465 1 0
0 6465 2 0
0 6465 3 0
0 6465 4 0
0 6465 5 0
0 6465 6 0
0 9425 7 0
0 9425 8 0
0 9425 9 0
0 9425 10 0
0 9425 11 0
0 9425 12 0
0 35805 13 0
0 35805 14 0
0 35805 15 0
0 35805 0 0
0 35805 1 0
0 35805 2 0
0 12713 3 0
0 12713 4 0
0 12713 5 0
0 12713 6 0
0 12713 7 0
0 12713 8 0
0 30450 9 0
0 30450 10 0
0 30450 11 0
0 30450 12 0
0 30450 13 0
0 30450 14 0
0 35305 15 0
0 35305 0 0
0 35305 1 0
0 35305 2 0
0 35305 3 0
0 35305 4 0
0 10866 5 0
0 10866 6 0
0 10866 7 0
0 10866 8 0
0 10866 9 0
0 10866 10 0
0 24385 11 0
0 24385 12 0
0 24385 13 0
0 24385 14 0
0 24385 15 0
0 24385 0 0
0 43307 1 0
0 43307 2 0
0 43307 3 0
0 43307 4 0
0 43307 5 0
0 43307 6 0
0 64437 7 0
0 64437 8 0
0 64437 9 0
0 64437 10 0
0 64437 11 0
0 64437 12 0
0 43729 13 0
0 43729 14 0
0 43729 15 0
0 43729 0 0
0 43729 1 0
0 43729 2 0
0 35335 3 0
0 35335 4 0
0 35335 5 0
0 35335 6 0
0 35335 7 0
0 35335 8 0
0 35901 9 0
0 35901 10 0
0 35901 11 0
0 35901 12 0
0 35901 13 0
0 35901 14 0
0 52872 15 0
0 52872 0 0
0 52872 1 0
0 52872 2 0
0 52872 3 0
0 52872 4 0
0 58387 5 0
0 58387 6 0
0 58387 7 0
0 58387 8 0
0 58387 9 0
0 58387 10 0
0 12466 11 0
0 12466 12 0
0 12466 13 0
0 12466 14 0
0 12466 15 0
0 12466 0 0
0 55005 1 0
0 55005 2 0
0 55005 3 0
0 55005 4 0
0 55005 5 0
0 55005 6 0
0 60504 7 0
0 60504 8 0
0 60504 9 0
0 60504 10 0
0 60504 11 0
0 60504 12 0
0 23517 13 0
0 23517 14 0
0 23517 15 0
0 23517 0 0
0 23517 1 0
0 23517 2 0
0 14614 3 0
0 14614 4 0
0 14614 5 0
0 14614 6 0
0 14614 7 0
0 14614 8 0
0 47079 9 0
0 47079 10 0
0 47079 11 0
0 47079 12 0
0 47079 13 0
0 47079 14 0
0 2449 15 0
0 2449 0 0
0 2449 1 0
0 2449 2 0
0 2449 3 0
0 2449 4 0
0 32884 5 0
0 32884 6 0
0 32884 7 0
0 32884 8 0
0 32884 9 0
0 32884 10 0
0 8986 11 0
0 8986 12 0
0 8986 13 0
0 8986 14 0
0 8986 15 0
0 8986 0 0
0 19683 1 0
0 19683 2 0
0 19683 3 0
0 19683 4 0
0 19683 5 0
0 19683 6 0
0 57765 7 0
0 57765 8 0
0 57765 9 0
0 57765 10 0
0 57765 11 0
0 57765 12 0
0 28325 13 0
0 28325 14 0
0 28325 15 0
