0 0 0 0
0 0 1 0
0 0 2 0
0 0 3 0
0 0 4 0
0 61938 5 0
0 61938 6 0
0 61938 7 0
0 61938 8 0
0 61938 9 0
0 61938 10 0
0 396 11 0
0 396 12 0
0 396 13 0
0 396 14 0
0 396 15 0
0 396 0 0
0 36160 1 0
0 36160 2 0
0 36160 3 0
0 36160 4 0
0 36160 5 0
0 36160 6 0
0 6916 7 0
0 6916 8 0
0 6916 9 0
0 6916 10 0
0 6916 11 0
0 6916 12 0
0 3286 13 0
0 3286 14 0
0 3286 15 0
0 3286 0 0
0 3286 1 0
0 3286 2 0
0 39042 3 0
0 39042 4 0
0 39042 5 0
0 39042 6 0
0 39042 7 0
0 39042 8 0
0 18057 9 0
0 18057 10 0
0 18057 11 0
0 18057 12 0
0 18057 13 0
0 18057 14 0
0 10274 15 0
0 10274 0 0
0 10274 1 0
0 10274 2 0
0 10274 3 0
0 10274 4 0
0 56512 5 0
0 56512 6 0
0 56512 7 0
0 56512 8 0
0 56512 9 0
0 56512 10 0
0 54588 11 0
0 54588 12 0
0 54588 13 0
0 54588 14 0
0 54588 15 0
0 54588 0 0
0 43036 1 0
0 43036 2 0
0 43036 3 0
0 43036 4 0
0 43036 5 0
0 43036 6 0
0 53099 7 0
0 53099 8 0
0 53099 9 0
0 53099 10 0
0 53099 11 0
0 53099 12 0
0 26515 13 0
0 26515 14 0
0 26515 15 0
0 26515 0 0
0 26515 1 0
0 26515 2 0
0 32021 3 0
0 32021 4 0
0 32021 5 0
0 32021 6 0
0 32021 7 0
0 32021 8 0
0 34735 9 0
0 34735 10 0
0 34735 11 0
0 34735 12 0
0 34735 13 0
0 34735 14 0
0 10774 15 0
0 10774 0 0
0 10774 1 0
0 10774 2 0
0 10774 3 0
0 10774 4 0
0 36713 5 0
0 36713 6 0
0 36713 7 0
0 36713 8 0
0 36713 9 0
0 36713 10 0
0 56761 11 0
0 56761 12 0
0 56761 13 0
0 56761 14 0
0 56761 15 0
0 56761 0 0
0 21064 1 0
0 21064 2 0
0 21064 3 0
0 21064 4 0
0 21064 5 0
0 21064 6 0
0 17229 7 0
0 17229 8 0
0 17229 9 0
0 17229 10 0
0 17229 11 0
0 17229 12 0
0 23048 13 0
0 23048 14 0
0 23048 15 0
0 23048 0 0
0 23048 1 0
0 23048 2 0
0 21795 3 0
0 21795 4 0
0 21795 5 0
0 21795 6 0
0 21795 7 0
0 21795 8 0
0 32805 9 0
0 32805 10 0
0 32805 11 0
0 32805 12 0
0 32805 13 0
0 32805 14 0
0 34823 15 0
0 34823 0 0
0 34823 1 0
0 34823 2 0
0 34823 3 0
0 34823 4 0
0 42602 5 0
0 42602 6 0
0 42602 7 0
0 42602 8 0
0 42602 9 0
0 42602 10 0
0 52508 11 0
0 52508 12 0
0 52508 13 0
0 52508 14 0
0 52508 15 0
0 52508 0 0
0 40157 1 0
0 40157 2 0
0 40157 3 0
0 40157 4 0
0 40157 5 0
0 40157 6 0
0 23841 7 0
0 23841 8 0
0 23841 9 0
0 23841 10 0
0 23841 11 0
0 23841 12 0
0 13949 13 0
0 13949 14 0
0 13949 15 0
0 13949 0 0
0 13949 1 0
0 13949 2 0
0 44661 3 0
0 44661 4 0
0 44661 5 0
0 44661 6 0
0 44661 7 0
0 44661 8 0
0 61387 9 0
0 61387 10 0
0 61387 11 0
0 61387 12 0
0 61387 13 0
0 61387 14 0
0 24870 15 0
0 24870 0 0
0 24870 1 0
0 24870 2 0
0 24870 3 0
0 24870 4 0
0 17227 5 0
0 17227 6 0
0 17227 7 0
0 17227 8 0
0 17227 9 0
0 17227 10 0
0 60438 11 0
0 60438 12 0
0 60438 13 0
0 60438 14 0
0 60438 15 0
0 60438 0 0
0 61554 1 0
0 61554 2 0
0 61554 3 0
0 61554 4 0
0 61554 5 0
0 61554 6 0
0 32559 7 0
0 32559 8 0
0 32559 9 0
0 32559 10 0
0 32559 11 0
0 32559 12 0
0 37570 13 0
0 37570 14 0
0 37570 15 0
0 37570 0 0
0 37570 1 0
0 37570 2 0
0 8685 3 0
0 8685 4 0
0 8685 5 0
0 8685 6 0
0 8685 7 0
0 8685 8 0
0 7989 9 0
0 7989 10 0
0 7989 11 0
0 7989 12 0
0 7989 13 0
0 7989 14 0
0 41639 15 0
0 41639 0 0
0 41639 1 0
0 41639 2 0
0 41639 3 0
0 41639 4 0
0 41738 5 0
0 41738 6 0
0 41738 7 0
0 41738 8 0
0 41738 9 0
0 41738 10 0
0 30302 11 0
0 30302 12 0
0 30302 13 0
0 30302 14 0
0 30302 15 0
0 30302 0 0
0 3698 1 0
0 3698 2 0
0 3698 3 0
0 3698 4 0
0 3698 5 0
0 3698 6 0
0 24063 7 0
0 24063 8 0
0 24063 9 0
0 24063 10 0
0 24063 11 0
0 24063 12 0
0 62393 13 0
0 62393 14 0
0 62393 15 0
0 62393 0 0
0 62393 1 0
0 62393 2 0
0 42946 3 0
0 42946 4 0
0 42946 5 0
0 42946 6 0
0 42946 7 0
0 42946 8 0
0 59195 9 0
0 59195 10 0
0 59195 11 0
0 59195 12 0
0 59195 13 0
0 59195 14 0
0 32226 15 0
0 32226 0 0
0 32226 1 0
0 32226 2 0
0 32226 3 0
0 32226 4 0
0 45134 5 0
0 45134 6 0
0 45134 7 0
0 45134 8 0
0 45134 9 0
0 45134 10 0
0 11517 11 0
0 11517 12 0
0 11517 13 0
0 11517 14 0
0 11517 15 0
0 11517 0 0
0 38076 1 0
0 38076 2 0
0 38076 3 0
0 38076 4 0
0 38076 5 0
0 38076 6 0
0 13986 7 0
0 13986 8 0
0 13986 9 0
0 13986 10 0
0 13986 11 0
0 13986 12 0
0 38367 13 0
0 38367 14 0
0 38367 15 0
0 38367 0 0
0 38367 1 0
0 38367 2 0
0 13481 3 0
0 13481 4 0
0 13481 5 0
0 13481 6 0
0 13481 7 0
0 13481 8 0
0 20054 9 0
0 20054 10 0
0 20054 11 0
0 20054 12 0
0 20054 13 0
0 20054 14 0
0 1095 15 0
0 1095 0 0
0 1095 1 0
0 1095 2 0
0 1095 3 0
0 1095 4 0
0 64441 5 0
0 64441 6 0
0 64441 7 0
0 64441 8 0
0 64441 9 0
0 64441 10 0
0 20926 11 0
0 20926 12 0
0 20926 13 0
0 20926 14 0
0 20926 15 0
0 20926 0 0
0 63832 1 0
0 63832 2 0
0 63832 3 0
0 63832 4 0
0 63832 5 0
0 63832 6 0
0 58974 7 0
0 58974 8 0
0 58974 9 0
0 58974 10 0
0 58974 11 0
0 58974 12 0
0 32391 13 0
0 32391 14 0
0 32391 15 0
0 32391 0 0
0 32391 1 0
0 32391 2 0
0 22094 3 0
0 22094 4 0
0 22094 5 0
0 22094 6 0
0 22094 7 0
0 22094 8 0
0 31422 9 0
0 31422 10 0
0 31422 11 0
0 31422 12 0
0 31422 13 0
0 31422 14 0
0 22914 15 0
0 22914 0 0
0 22914 1 0
0 22914 2 0
0 22914 3 0
0 22914 4 0
0 52850 5 0
0 52850 6 0
0 52850 7 0
0 52850 8 0
0 52850 9 0
0 52850 10 0
0 2766 11 0
0 2766 12 0
0 2766 13 0
0 2766 14 0
0 2766 15 0
0 2766 0 0
0 17704 1 0
0 17704 2 0
0 17704 3 0
0 17704 4 0
0 17704 5 0
0 17704 6 0
0 32404 7 0
0 32404 8 0
0 32404 9 0
0 32404 10 0
0 32404 11 0
0 32404 12 0
0 60207 13 0
0 60207 14 0
0 60207 15 0
0 60207 0 0
0 60207 1 0
0 60207 2 0
0 50384 3 0
0 50384 4 0
0 50384 5 0
0 50384 6 0
0 50384 7 0
0 50384 8 0
0 48299 9 0
0 48299 10 0
0 48299 11 0
0 48299 12 0
0 48299 13 0
0 48299 14 0
0 64828 15 0
0 64828 0 0
0 64828 1 0
0 64828 2 0
0 64828 3 0
0 64828 4 0
0 8206 5 0
0 8206 6 0
0 8206 7 0
0 8206 8 0
0 8206 9 0
0 8206 10 0
0 43547 11 0
0 43547 12 0
0 43547 13 0
0 43547 14 0
0 43547 15 0
0 43547 0 0
0 13458 1 0
0 13458 2 0
0 13458 3 0
0 13458 4 0
0 13458 5 0
0 13458 6 0
0 27540 7 0
0 27540 8 0
0 27540 9 0
0 27540 10 0
0 27540 11 0
0 27540 12 0
0 61029 13 0
0 61029 14 0
0 61029 15 0
0 61029 0 0
0 61029 1 0
0 61029 2 0
0 15189 3 0
0 15189 4 0
0 15189 5 0
0 15189 6 0
0 15189 7 0
0 15189 8 0
0 2373 9 0
0 2373 10 0
0 2373 11 0
0 2373 12 0
0 2373 13 0
0 2373 14 0
0 59625 15 0
0 59625 0 0
0 59625 1 0
0 59625 2 0
0 59625 3 0
0 59625 4 0
0 123 5 0
0 123 6 0
0 123 7 0
0 123 8 0
0 123 9 0
0 123 10 0
0 19314 11 0
0 19314 12 0
0 19314 13 0
0 19314 14 0
0 19314 15 0
0 19314 0 0
0 64677 1 0
0 64677 2 0
0 64677 3 0
0 64677 4 0
0 64677 5 0
0 64677 6 0
0 26847 7 0
0 26847 8 0
0 26847 9 0
0 26847 10 0
0 26847 11 0
0 26847 12 0
0 9443 13 0
0 9443 14 0
0 9443 15 0
0 9443 0 0
0 9443 1 0
0 9443 2 0
0 17382 3 0
0 17382 4 0
0 17382 5 0
0 17382 6 0
0 17382 7 0
0 17382 8 0
0 56104 9 0
0 56104 10 0
0 56104 11 0
0 56104 12 0
0 56104 13 0
0 56104 14 0
0 2377 15 0
0 2377 0 0
0 2377 1 0
0 2377 2 0
0 2377 3 0
0 2377 4 0
0 22733 5 0
0 22733 6 0
0 22733 7 0
0 22733 8 0
0 22733 9 0
0 22733 10 0
0 53292 11 0
0 53292 12 0
0 53292 13 0
0 53292 14 0
0 53292 15 0
0 53292 0 0
0 46738 1 0
0 46738 2 0
0 46738 3 0
0 46738 4 0
0 46738 5 0
0 46738 6 0
0 49036 7 0
0 49036 8 0
0 49036 9 0
0 49036 10 0
0 49036 11 0
0 49036 12 0
0 45029 13 0
0 45029 14 0
0 45029 15 0
0 45029 0 0
0 45029 1 0
0 45029 2 0
0 7502 3 0
0 7502 4 0
0 7502 5 0
0 7502 6 0
0 7502 7 0
0 7502 8 0
0 32617 9 0
0 32617 10 0
0 32617 11 0
0 32617 12 0
0 32617 13 0
0 32617 14 0
0 35471 15 0
0 35471 0 0
0 35471 1 0
0 35471 2 0
0 35471 3 0
0 35471 4 0
0 19626 5 0
0 19626 6 0
0 19626 7 0
0 19626 8 0
0 19626 9 0
0 19626 10 0
0 40576 11 0
0 40576 12 0
0 40576 13 0
0 40576 14 0
0 40576 15 0
0 40576 0 0
0 20830 1 0
0 20830 2 0
0 20830 3 0
0 20830 4 0
0 20830 5 0
0 20830 6 0
0 38800 7 0
0 38800 8 0
0 38800 9 0
0 38800 10 0
0 38800 11 0
0 38800 12 0
0 38723 13 0
0 38723 14 0
0 38723 15 0
0 38723 0 0
0 38723 1 0
0 38723 2 0
0 57671 3 0
0 57671 4 0
0 57671 5 0
0 57671 6 0
0 57671 7 0
0 57671 8 0
0 3267 9 0
0 3267 10 0
0 3267 11 0
0 3267 12 0
0 3267 13 0
0 3267 14 0
0 3333 15 0
0 3333 0 0
0 3333 1 0
0 3333 2 0
0 3333 3 0
0 3333 4 0
0 45038 5 0
0 45038 6 0
0 45038 7 0
0 45038 8 0
0 45038 9 0
0 45038 10 0
0 53640 11 0
0 53640 12 0
0 53640 13 0
0 53640 14 0
0 53640 15 0
0 53640 0 0
0 7708 1 0
0 7708 2 0
0 7708 3 0
0 7708 4 0
0 7708 5 0
0 7708 6 0
0 25229 7 0
0 25229 8 0
0 25229 9 0
0 25229 10 0
0 25229 11 0
0 25229 12 0
0 44530 13 0
0 44530 14 0
0 44530 15 0
0 44530 0 0
0 44530 1 0
0 44530 2 0
0 28839 3 0
0 28839 4 0
0 28839 5 0
0 28839 6 0
0 28839 7 0
0 28839 8 0
0 42385 9 0
0 42385 10 0
0 42385 11 0
0 42385 12 0
0 42385 13 0
0 42385 14 0
0 35554 15 0
0 35554 0 0
0 35554 1 0
0 35554 2 0
0 35554 3 0
0 35554 4 0
0 9367 5 0
0 9367 6 0
0 9367 7 0
0 9367 8 0
0 9367 9 0
0 9367 10 0
0 12236 11 0
0 12236 12 0
0 12236 13 0
0 12236 14 0
0 12236 15 0
0 12236 0 0
0 19086 1 0
0 19086 2 0
0 19086 3 0
0 19086 4 0
0 19086 5 0
0 19086 6 0
0 42735 7 0
0 42735 8 0
0 42735 9 0
0 42735 10 0
0 42735 11 0
0 42735 12 0
0 21977 13 0
0 21977 14 0
0 21977 15 0
0 21977 0 0
0 21977 1 0
0 21977 2 0
0 45331 3 0
0 45331 4 0
0 45331 5 0
0 45331 6 0
0 45331 7 0
0 45331 8 0
0 17582 9 0
0 17582 10 0
0 17582 11 0
0 17582 12 0
0 17582 13 0
0 17582 14 0
0 2517 15 0
0 2517 0 0
0 2517 1 0
0 2517 2 0
0 2517 3 0
0 2517 4 0
0 34873 5 0
0 34873 6 0
0 34873 7 0
0 34873 8 0
0 34873 9 0
0 34873 10 0
0 43953 11 0
0 43953 12 0
0 43953 13 0
0 43953 14 0
0 43953 15 0
0 43953 0 0
0 42381 1 0
0 42381 2 0
0 42381 3 0
0 42381 4 0
0 42381 5 0
0 42381 6 0
0 17753 7 0
0 17753 8 0
0 17753 9 0
0 17753 10 0
0 17753 11 0
0 17753 12 0
0 10274 13 0
0 10274 14 0
0 10274 15 0
0 10274 0 0
0 10274 1 0
0 10274 2 0
0 40988 3 0
0 40988 4 0
0 40988 5 0
0 40988 6 0
0 40988 7 0
0 40988 8 0
0 13526 9 0
0 13526 10 0
0 13526 11 0
0 13526 12 0
0 13526 13 0
0 13526 14 0
0 40474 15 0
0 40474 0 0
0 40474 1 0
0 40474 2 0
0 40474 3 0
0 40474 4 0
0 5168 5 0
0 5168 6 0
0 5168 7 0
0 5168 8 0
0 5168 9 0
0 5168 10 0
0 11453 11 0
0 11453 12 0
0 11453 13 0
0 11453 14 0
0 11453 15 0
0 11453 0 0
0 63802 1 0
0 63802 2 0
0 63802 3 0
0 63802 4 0
0 63802 5 0
0 63802 6 0
0 4090 7 0
0 4090 8 0
0 4090 9 0
0 4090 10 0
0 4090 11 0
0 4090 12 0
0 47256 13 0
0 47256 14 0
0 47256 15 0
0 47256 0 0
0 47256 1 0
0 47256 2 0
0 13253 3 0
0 13253 4 0
0 13253 5 0
0 13253 6 0
0 13253 7 0
0 13253 8 0
0 36763 9 0
0 36763 10 0
0 36763 11 0
0 36763 12 0
0 36763 13 0
0 36763 14 0
0 52331 15 0
0 52331 0 0
0 52331 1 0
0 52331 2 0
0 52331 3 0
0 52331 4 0
0 47639 5 0
0 47639 6 0
0 47639 7 0
0 47639 8 0
0 47639 9 0
0 47639 10 0
0 20669 11 0
0 20669 12 0
0 20669 13 0
0 20669 14 0
0 20669 15 0
0 20669 0 0
0 13533 1 0
0 13533 2 0
0 13533 3 0
0 13533 4 0
0 13533 5 0
0 13533 6 0
0 19625 7 0
0 19625 8 0
0 19625 9 0
0 19625 10 0
0 19625 11 0
0 19625 12 0
0 38512 13 0
0 38512 14 0
0 38512 15 0
0 38512 0 0
0 38512 1 0
0 38512 2 0
0 35239 3 0
0 35239 4 0
0 35239 5 0
0 35239 6 0
0 35239 7 0
0 35239 8 0
0 2337 9 0
0 2337 10 0
0 2337 11 0
0 2337 12 0
0 2337 13 0
0 2337 14 0
0 47586 15 0
0 47586 0 0
0 47586 1 0
0 47586 2 0
0 47586 3 0
0 47586 4 0
0 43117 5 0
0 43117 6 0
0 43117 7 0
0 43117 8 0
0 43117 9 0
0 43117 10 0
0 64325 11 0
0 64325 12 0
0 64325 13 0
0 64325 14 0
0 64325 15 0
0 64325 0 0
0 44110 1 0
0 44110 2 0
0 44110 3 0
0 44110 4 0
0 44110 5 0
0 44110 6 0
0 22817 7 0
0 22817 8 0
0 22817 9 0
0 22817 10 0
0 22817 11 0
0 22817 12 0
0 29651 13 0
0 29651 14 0
0 29651 15 0
0 29651 0 0
0 29651 1 0
0 29651 2 0
0 59955 3 0
0 59955 4 0
0 59955 5 0
0 59955 6 0
0 59955 7 0
0 59955 8 0
0 25002 9 0
0 25002 10 0
0 25002 11 0
0 25002 12 0
0 25002 13 0
0 25002 14 0
0 48242 15 0
0 48242 0 0
0 48242 1 0
0 48242 2 0
0 48242 3 0
0 48242 4 0
0 3384 5 0
0 3384 6 0
0 3384 7 0
0 3384 8 0
0 3384 9 0
0 3384 10 0
0 9378 11 0
0 9378 12 0
0 9378 13 0
0 9378 14 0
0 9378 15 0
0 9378 0 0
0 15081 1 0
0 15081 2 0
0 15081 3 0
0 15081 4 0
0 15081 5 0
0 15081 6 0
0 8261 7 0
0 8261 8 0
0 8261 9 0
0 8261 10 0
0 8261 11 0
0 8261 12 0
0 49719 13 0
0 49719 14 0
0 49719 15 0
0 49719 0 0
0 49719 1 0
0 49719 2 0
0 30403 3 0
0 30403 4 0
0 30403 5 0
0 30403 6 0
0 30403 7 0
0 30403 8 0
0 64622 9 0
0 64622 10 0
0 64622 11 0
0 64622 12 0
0 64622 13 0
0 64622 14 0
0 11951 15 0
0 11951 0 0
0 11951 1 0
0 11951 2 0
0 11951 3 0
0 11951 4 0
0 52932 5 0
0 52932 6 0
0 52932 7 0
0 52932 8 0
0 52932 9 0
0 52932 10 0
0 64410 11 0
0 64410 12 0
0 64410 13 0
0 64410 14 0
0 64410 15 0
0 64410 0 0
0 29958 1 0
0 29958 2 0
0 29958 3 0
0 29958 4 0
0 29958 5 0
0 29958 6 0
0 146 7 0
0 146 8 0
0 146 9 0
0 146 10 0
0 146 11 0
0 146 12 0
0 51850 13 0
0 51850 14 0
0 51850 15 0
0 51850 0 0
0 51850 1 0
0 51850 2 0
0 22567 3 0
0 22567 4 0
0 22567 5 0
0 22567 6 0
0 22567 7 0
0 22567 8 0
0 48569 9 0
0 48569 10 0
0 48569 11 0
0 48569 12 0
0 48569 13 0
0 48569 14 0
0 43828 15 0
0 43828 0 0
0 43828 1 0
0 43828 2 0
0 43828 3 0
0 43828 4 0
0 24842 5 0
0 24842 6 0
0 24842 7 0
0 24842 8 0
0 24842 9 0
0 24842 10 0
0 39927 11 0
0 39927 12 0
0 39927 13 0
0 39927 14 0
0 39927 15 0
0 39927 0 0
0 5055 1 0
0 5055 2 0
0 5055 3 0
0 5055 4 0
0 5055 5 0
0 5055 6 0
0 11079 7 0
0 11079 8 0
0 11079 9 0
0 11079 10 0
0 11079 11 0
0 11079 12 0
0 41894 13 0
0 41894 14 0
0 41894 15 0
0 41894 0 0
0 41894 1 0
0 41894 2 0
0 63186 3 0
0 63186 4 0
0 63186 5 0
0 63186 6 0
0 63186 7 0
0 63186 8 0
0 5616 9 0
0 5616 10 0
0 5616 11 0
0 5616 12 0
0 5616 13 0
0 5616 14 0
0 21761 15 0
0 21761 0 0
0 21761 1 0
0 21761 2 0
0 21761 3 0
0 21761 4 0
0 33641 5 0
0 33641 6 0
0 33641 7 0
0 33641 8 0
0 33641 9 0
0 33641 10 0
0 8974 11 0
0 8974 12 0
0 8974 13 0
0 8974 14 0
0 8974 15 0
0 8974 0 0
0 50288 1 0
0 50288 2 0
0 50288 3 0
0 50288 4 0
0 50288 5 0
0 50288 6 0
0 62413 7 0
0 62413 8 0
0 62413 9 0
0 62413 10 0
0 62413 11 0
0 62413 12 0
0 19524 13 0
0 19524 14 0
0 19524 15 0
0 19524 0 0
0 19524 1 0
0 19524 2 0
0 35244 3 0
0 35244 4 0
0 35244 5 0
0 35244 6 0
0 35244 7 0
0 35244 8 0
0 50517 9 0
0 50517 10 0
0 50517 11 0
0 50517 12 0
0 50517 13 0
0 50517 14 0
0 19115 15 0
0 19115 0 0
0 19115 1 0
0 19115 2 0
0 19115 3 0
0 19115 4 0
0 6243 5 0
0 6243 6 0
0 6243 7 0
0 6243 8 0
0 6243 9 0
0 6243 10 0
0 23595 11 0
0 23595 12 0
0 23595 13 0
0 23595 14 0
0 23595 15 0
0 23595 0 0
0 36215 1 0
0 36215 2 0
0 36215 3 0
0 36215 4 0
0 36215 5 0
0 36215 6 0
0 16677 7 0
0 16677 8 0
0 16677 9 0
0 16677 10 0
0 16677 11 0
0 16677 12 0
0 52403 13 0
0 52403 14 0
0 52403 15 0
0 52403 0 0
0 52403 1 0
0 52403 2 0
0 1706 3 0
0 1706 4 0
0 1706 5 0
0 1706 6 0
0 1706 7 0
0 1706 8 0
0 31660 9 0
0 31660 10 0
0 31660 11 0
0 31660 12 0
0 31660 13 0
0 31660 14 0
0 58170 15 0
0 58170 0 0
0 58170 1 0
0 58170 2 0
0 58170 3 0
0 58170 4 0
0 10853 5 0
0 10853 6 0
0 10853 7 0
0 10853 8 0
0 10853 9 0
0 10853 10 0
0 8014 11 0
0 8014 12 0
0 8014 13 0
0 8014 14 0
0 8014 15 0
0 8014 0 0
0 27241 1 0
0 27241 2 0
0 27241 3 0
0 27241 4 0
0 27241 5 0
0 27241 6 0
0 22338 7 0
0 22338 8 0
0 22338 9 0
0 22338 10 0
0 22338 11 0
0 22338 12 0
0 48318 13 0
0 48318 14 0
0 48318 15 0
0 48318 0 0
0 48318 1 0
0 48318 2 0
0 21747 3 0
0 21747 4 0
0 21747 5 0
0 21747 6 0
0 21747 7 0
0 21747 8 0
0 24997 9 0
0 24997 10 0
0 24997 11 0
0 24997 12 0
0 24997 13 0
0 24997 14 0
0 3081 15 0
0 3081 0 0
0 3081 1 0
0 3081 2 0
0 3081 3 0
0 3081 4 0
0 62069 5 0
0 62069 6 0
0 62069 7 0
0 62069 8 0
0 62069 9 0
0 62069 10 0
0 60627 11 0
0 60627 12 0
0 60627 13 0
0 60627 14 0
0 60627 15 0
0 60627 0 0
0 48964 1 0
0 48964 2 0
0 48964 3 0
0 48964 4 0
0 48964 5 0
0 48964 6 0
0 45294 7 0
0 45294 8 0
0 45294 9 0
0 45294 10 0
0 45294 11 0
0 45294 12 0
0 61692 13 0
0 61692 14 0
0 61692 15 0
0 61692 0 0
0 61692 1 0
0 61692 2 0
0 8623 3 0
0 8623 4 0
0 8623 5 0
0 8623 6 0
0 8623 7 0
0 8623 8 0
0 56834 9 0
0 56834 10 0
0 56834 11 0
0 56834 12 0
0 56834 13 0
0 56834 14 0
0 64622 15 0
0 64622 0 0
0 64622 1 0
0 64622 2 0
0 64622 3 0
0 64622 4 0
0 58401 5 0
0 58401 6 0
0 58401 7 0
0 58401 8 0
0 58401 9 0
0 58401 10 0
0 61186 11 0
0 61186 12 0
0 61186 13 0
0 61186 14 0
0 61186 15 0
0 61186 0 0
0 52898 1 0
0 52898 2 0
0 52898 3 0
0 52898 4 0
0 52898 5 0
0 52898 6 0
0 18253 7 0
0 18253 8 0
0 18253 9 0
0 18253 10 0
0 18253 11 0
0 18253 12 0
0 51290 13 0
0 51290 14 0
0 51290 15 0
0 51290 0 0
0 51290 1 0
0 51290 2 0
0 56388 3 0
0 56388 4 0
0 56388 5 0
0 56388 6 0
0 56388 7 0
0 56388 8 0
0 4395 9 0
0 4395 10 0
0 4395 11 0
0 4395 12 0
0 4395 13 0
0 4395 14 0
0 51003 15 0
0 51003 0 0
0 51003 1 0
0 51003 2 0
0 51003 3 0
0 51003 4 0
0 35456 5 0
0 35456 6 0
0 35456 7 0
0 35456 8 0
0 35456 9 0
0 35456 10 0
0 4641 11 0
0 4641 12 0
0 4641 13 0
0 4641 14 0
0 4641 15 0
0 4641 0 0
0 38728 1 0
0 38728 2 0
0 38728 3 0
0 38728 4 0
0 38728 5 0
0 38728 6 0
0 26763 7 0
0 26763 8 0
0 26763 9 0
0 26763 10 0
0 26763 11 0
0 26763 12 0
0 7464 13 0
0 7464 14 0
0 7464 15 0
0 7464 0 0
0 7464 1 0
0 7464 2 0
0 40664 3 0
0 40664 4 0
0 40664 5 0
0 40664 6 0
0 40664 7 0
0 40664 8 0
0 39626 9 0
0 39626 10 0
0 39626 11 0
0 39626 12 0
0 39626 13 0
0 39626 14 0
0 49014 15 0
0 49014 0 0
0 49014 1 0
0 49014 2 0
0 49014 3 0
0 49014 4 0
0 44479 5 0
0 44479 6 0
0 44479 7 0
0 44479 8 0
0 44479 9 0
0 44479 10 0
0 25138 11 0
0 25138 12 0
0 25138 13 0
0 25138 14 0
0 25138 15 0
0 25138 0 0
0 32430 1 0
0 32430 2 0
0 32430 3 0
0 32430 4 0
0 32430 5 0
0 32430 6 0
0 19267 7 0
0 19267 8 0
0 19267 9 0
0 19267 10 0
0 19267 11 0
0 19267 12 0
0 35048 13 0
0 35048 14 0
0 35048 15 0
0 35048 0 0
0 35048 1 0
0 35048 2 0
0 55255 3 0
0 55255 4 0
0 55255 5 0
0 55255 6 0
0 55255 7 0
0 55255 8 0
0 8334 9 0
0 8334 10 0
0 8334 11 0
0 8334 12 0
0 8334 13 0
0 8334 14 0
0 8750 15 0
0 8750 0 0
0 8750 1 0
0 8750 2 0
0 8750 3 0
0 8750 4 0
0 52737 5 0
0 52737 6 0
0 52737 7 0
0 52737 8 0
0 52737 9 0
0 52737 10 0
0 24218 11 0
0 24218 12 0
0 24218 13 0
0 24218 14 0
0 24218 15 0
0 24218 0 0
0 58336 1 0
0 58336 2 0
0 58336 3 0
0 58336 4 0
0 58336 5 0
0 58336 6 0
0 34814 7 0
0 34814 8 0
0 34814 9 0
0 34814 10 0
0 34814 11 0
0 34814 12 0
0 4678 13 0
0 4678 14 0
0 4678 15 0
0 4678 0 0
0 4678 1 0
0 4678 2 0
0 41966 3 0
0 41966 4 0
0 41966 5 0
0 41966 6 0
0 41966 7 0
0 41966 8 0
0 1502 9 0
0 1502 10 0
0 1502 11 0
0 1502 12 0
0 1502 13 0
0 1502 14 0
0 61387 15 0
0 61387 0 0
0 61387 1 0
0 61387 2 0
0 61387 3 0
0 61387 4 0
0 8045 5 0
0 8045 6 0
0 8045 7 0
0 8045 8 0
0 8045 9 0
0 8045 10 0
0 1334 11 0
0 1334 12 0
0 1334 13 0
0 1334 14 0
0 1334 15 0
0 1334 0 0
0 45518 1 0
0 45518 2 0
0 45518 3 0
0 45518 4 0
0 45518 5 0
0 45518 6 0
0 48494 7 0
0 48494 8 0
0 48494 9 0
0 48494 10 0
0 48494 11 0
0 48494 12 0
0 7022 13 0
0 7022 14 0
0 7022 15 0
0 7022 0 0
0 7022 1 0
0 7022 2 0
0 33003 3 0
0 33003 4 0
0 33003 5 0
0 33003 6 0
0 33003 7 0
0 33003 8 0
0 17335 9 0
0 17335 10 0
0 17335 11 0
0 17335 12 0
0 17335 13 0
0 17335 14 0
0 33813 15 0
0 33813 0 0
0 33813 1 0
0 33813 2 0
0 33813 3 0
0 33813 4 0
0 13269 5 0
0 13269 6 0
0 13269 7 0
0 13269 8 0
0 13269 9 0
0 13269 10 0
0 35621 11 0
0 35621 12 0
0 35621 13 0
0 35621 14 0
0 35621 15 0
0 35621 0 0
0 34736 1 0
0 34736 2 0
0 34736 3 0
0 34736 4 0
0 34736 5 0
0 34736 6 0
0 42361 7 0
0 42361 8 0
0 42361 9 0
0 42361 10 0
0 42361 11 0
0 42361 12 0
0 49873 13 0
0 49873 14 0
0 49873 15 0
0 49873 0 0
0 49873 1 0
0 49873 2 0
0 57678 3 0
0 57678 4 0
0 57678 5 0
0 57678 6 0
0 57678 7 0
0 57678 8 0
0 18774 9 0
0 18774 10 0
0 18774 11 0
0 18774 12 0
0 18774 13 0
0 18774 14 0
0 43127 15 0
0 43127 0 0
0 43127 1 0
0 43127 2 0
0 43127 3 0
0 43127 4 0
0 29998 5 0
0 29998 6 0
0 29998 7 0
0 29998 8 0
0 29998 9 0
0 29998 10 0
0 18896 11 0
0 18896 12 0
0 18896 13 0
0 18896 14 0
0 18896 15 0
0 18896 0 0
0 39924 1 0
0 39924 2 0
0 39924 3 0
0 39924 4 0
0 39924 5 0
0 39924 6 0
0 6931 7 0
0 6931 8 0
0 6931 9 0
0 6931 10 0
0 6931 11 0
0 6931 12 0
0 25826 13 0
0 25826 14 0
0 25826 15 0
0 25826 0 0
0 25826 1 0
0 25826 2 0
0 35343 3 0
0 35343 4 0
0 35343 5 0
0 35343 6 0
0 35343 7 0
0 35343 8 0
0 53409 9 0
0 53409 10 0
0 53409 11 0
0 53409 12 0
0 53409 13 0
0 53409 14 0
0 34350 15 0
0 34350 0 0
0 34350 1 0
0 34350 2 0
0 34350 3 0
0 34350 4 0
0 4119 5 0
0 4119 6 0
0 4119 7 0
0 4119 8 0
0 4119 9 0
0 4119 10 0
0 43038 11 0
0 43038 12 0
0 43038 13 0
0 43038 14 0
0 43038 15 0
0 43038 0 0
0 29314 1 0
0 29314 2 0
0 29314 3 0
0 29314 4 0
0 29314 5 0
0 29314 6 0
0 60404 7 0
0 60404 8 0
0 60404 9 0
0 60404 10 0
0 60404 11 0
0 60404 12 0
0 11885 13 0
0 11885 14 0
0 11885 15 0
0 11885 0 0
0 11885 1 0
0 11885 2 0
0 59272 3 0
0 59272 4 0
0 59272 5 0
0 59272 6 0
0 59272 7 0
0 59272 8 0
0 16298 9 0
0 16298 10 0
0 16298 11 0
0 16298 12 0
0 16298 13 0
0 16298 14 0
0 43687 15 0
0 43687 0 0
0 43687 1 0
0 43687 2 0
0 43687 3 0
0 43687 4 0
0 27392 5 0
0 27392 6 0
0 27392 7 0
0 27392 8 0
0 27392 9 0
0 27392 10 0
0 18958 11 0
0 18958 12 0
0 18958 13 0
0 18958 14 0
0 18958 15 0
0 18958 0 0
0 8767 1 0
0 8767 2 0
0 8767 3 0
0 8767 4 0
0 8767 5 0
0 8767 6 0
0 44565 7 0
0 44565 8 0
0 44565 9 0
0 44565 10 0
0 44565 11 0
0 44565 12 0
0 5970 13 0
0 5970 14 0
0 5970 15 0
0 5970 0 0
0 5970 1 0
0 5970 2 0
0 36785 3 0
0 36785 4 0
0 36785 5 0
0 36785 6 0
0 36785 7 0
0 36785 8 0
0 4245 9 0
0 4245 10 0
0 4245 11 0
0 4245 12 0
0 4245 13 0
0 4245 14 0
0 8899 15 0
0 8899 0 0
0 8899 1 0
0 8899 2 0
0 8899 3 0
0 8899 4 0
0 832 5 0
0 832 6 0
0 832 7 0
0 832 8 0
0 832 9 0
0 832 10 0
0 26121 11 0
0 26121 12 0
0 26121 13 0
0 26121 14 0
0 26121 15 0
0 26121 0 0
0 26607 1 0
0 26607 2 0
0 26607 3 0
0 26607 4 0
0 26607 5 0
0 26607 6 0
0 13657 7 0
0 13657 8 0
0 13657 9 0
0 13657 10 0
0 13657 11 0
0 13657 12 0
0 16589 13 0
0 16589 14 0
0 16589 15 0
0 16589 0 0
0 16589 1 0
0 16589 2 0
0 10543 3 0
0 10543 4 0
0 10543 5 0
0 10543 6 0
0 10543 7 0
0 10543 8 0
0 7893 9 0
0 7893 10 0
0 7893 11 0
0 7893 12 0
0 7893 13 0
0 7893 14 0
0 62011 15 0
0 62011 0 0
0 62011 1 0
0 62011 2 0
0 62011 3 0
0 62011 4 0
0 1474 5 0
0 1474 6 0
0 1474 7 0
0 1474 8 0
0 1474 9 0
0 1474 10 0
0 13867 11 0
0 13867 12 0
0 13867 13 0
0 13867 14 0
0 13867 15 0
0 13867 0 0
0 54627 1 0
0 54627 2 0
0 54627 3 0
0 54627 4 0
0 54627 5 0
0 54627 6 0
0 60732 7 0
0 60732 8 0
0 60732 9 0
0 60732 10 0
0 60732 11 0
0 60732 12 0
0 58035 13 0
0 58035 14 0
0 58035 15 0
0 58035 0 0
0 58035 1 0
0 58035 2 0
0 10903 3 0
0 10903 4 0
0 10903 5 0
0 10903 6 0
0 10903 7 0
0 10903 8 0
0 52282 9 0
0 52282 10 0
0 52282 11 0
0 52282 12 0
0 52282 13 0
0 52282 14 0
0 30601 15 0
0 30601 0 0
0 30601 1 0
0 30601 2 0
0 30601 3 0
0 30601 4 0
0 57985 5 0
0 57985 6 0
0 57985 7 0
0 57985 8 0
0 57985 9 0
0 57985 10 0
0 5882 11 0
0 5882 12 0
0 5882 13 0
0 5882 14 0
0 5882 15 0
0 5882 0 0
0 61264 1 0
0 61264 2 0
0 61264 3 0
0 61264 4 0
0 61264 5 0
0 61264 6 0
0 42990 7 0
0 42990 8 0
0 42990 9 0
0 42990 10 0
0 42990 11 0
0 42990 12 0
0 39701 13 0
0 39701 14 0
0 39701 15 0
0 39701 0 0
0 39701 1 0
0 39701 2 0
0 57690 3 0
0 57690 4 0
0 57690 5 0
0 57690 6 0
0 57690 7 0
0 57690 8 0
0 7120 9 0
0 7120 10 0
0 7120 11 0
0 7120 12 0
0 7120 13 0
0 7120 14 0
0 47832 15 0
0 47832 0 0
0 47832 1 0
0 47832 2 0
0 47832 3 0
0 47832 4 0
0 62359 5 0
0 62359 6 0
0 62359 7 0
0 62359 8 0
0 62359 9 0
0 62359 10 0
0 62783 11 0
0 62783 12 0
0 62783 13 0
0 62783 14 0
0 62783 15 0
0 62783 0 0
0 29920 1 0
0 29920 2 0
0 29920 3 0
0 29920 4 0
0 29920 5 0
0 29920 6 0
0 27902 7 0
0 27902 8 0
0 27902 9 0
0 27902 10 0
0 27902 11 0
0 27902 12 0
0 10815 13 0
0 10815 14 0
0 10815 15 0
0 10815 0 0
0 10815 1 0
0 10815 2 0
0 39092 3 0
0 39092 4 0
0 39092 5 0
0 39092 6 0
0 39092 7 0
0 39092 8 0
0 35384 9 0
0 35384 10 0
0 35384 11 0
0 35384 12 0
0 35384 13 0
0 35384 14 0
0 5220 15 0
0 5220 0 0
0 5220 1 0
0 5220 2 0
0 5220 3 0
0 5220 4 0
0 44852 5 0
0 44852 6 0
0 44852 7 0
0 44852 8 0
0 44852 9 0
0 44852 10 0
0 11498 11 0
0 11498 12 0
0 11498 13 0
0 11498 14 0
0 11498 15 0
0 11498 0 0
0 43897 1 0
0 43897 2 0
0 43897 3 0
0 43897 4 0
0 43897 5 0
0 43897 6 0
0 64392 7 0
0 64392 8 0
0 64392 9 0
0 64392 10 0
0 64392 11 0
0 64392 12 0
0 20821 13 0
0 20821 14 0
0 20821 15 0
0 20821 0 0
0 20821 1 0
0 20821 2 0
0 21402 3 0
0 21402 4 0
0 21402 5 0
0 21402 6 0
0 21402 7 0
0 21402 8 0
0 30025 9 0
0 30025 10 0
0 30025 11 0
0 30025 12 0
0 30025 13 0
0 30025 14 0
0 5975 15 0
0 5975 0 0
0 5975 1 0
0 5975 2 0
0 5975 3 0
0 5975 4 0
0 52121 5 0
0 52121 6 0
0 52121 7 0
0 52121 8 0
0 52121 9 0
0 52121 10 0
0 23564 11 0
0 23564 12 0
0 23564 13 0
0 23564 14 0
0 23564 15 0
0 23564 0 0
0 34360 1 0
0 34360 2 0
0 34360 3 0
0 34360 4 0
0 34360 5 0
0 34360 6 0
0 46423 7 0
0 46423 8 0
0 46423 9 0
0 46423 10 0
0 46423 11 0
0 46423 12 0
0 24614 13 0
0 24614 14 0
0 24614 15 0
0 24614 0 0
0 24614 1 0
0 24614 2 0
0 28917 3 0
0 28917 4 0
0 28917 5 0
0 28917 6 0
0 28917 7 0
0 28917 8 0
0 10716 9 0
0 10716 10 0
0 10716 11 0
0 10716 12 0
0 10716 13 0
0 10716 14 0
0 26030 15 0
0 26030 0 0
0 26030 1 0
0 26030 2 0
0 26030 3 0
0 26030 4 0
0 26978 5 0
0 26978 6 0
0 26978 7 0
0 26978 8 0
0 26978 9 0
0 26978 10 0
0 18820 11 0
0 18820 12 0
0 18820 13 0
0 18820 14 0
0 18820 15 0
0 18820 0 0
0 17057 1 0
0 17057 2 0
0 17057 3 0
0 17057 4 0
0 17057 5 0
0 17057 6 0
0 20304 7 0
0 20304 8 0
0 20304 9 0
0 20304 10 0
0 20304 11 0
0 20304 12 0
0 17117 13 0
0 17117 14 0
0 17117 15 0
