0 0 0 0
0 0 1 0
0 0 2 0
0 0 3 0
0 0 4 0
0 50494 5 0
0 50494 6 0
0 50494 7 0
0 50494 8 0
0 50494 9 0
0 50494 10 0
0 55125 11 0
0 55125 12 0
0 55125 13 0
0 55125 14 0
0 55125 15 0
0 55125 0 0
0 5306 1 0
0 5306 2 0
0 5306 3 0
0 5306 4 0
0 5306 5 0
0 5306 6 0
0 33936 7 0
0 33936 8 0
0 33936 9 0
0 33936 10 0
0 33936 11 0
0 33936 12 0
0 63691 13 0
0 63691 14 0
0 63691 15 0
0 63691 0 0
0 63691 1 0
0 63691 2 0
0 53075 3 0
0 53075 4 0
0 53075 5 0
0 53075 6 0
0 53075 7 0
0 53075 8 0
0 39755 9 0
0 39755 10 0
0 39755 11 0
0 39755 12 0
0 39755 13 0
0 39755 14 0
0 62468 15 0
0 62468 0 0
0 62468 1 0
0 62468 2 0
0 62468 3 0
0 62468 4 0
0 46930 5 0
0 46930 6 0
0 46930 7 0
0 46930 8 0
0 46930 9 0
0 46930 10 0
0 28631 11 0
0 28631 12 0
0 28631 13 0
0 28631 14 0
0 28631 15 0
0 28631 0 0
0 18254 1 0
0 18254 2 0
0 18254 3 0
0 18254 4 0
0 18254 5 0
0 18254 6 0
0 36941 7 0
0 36941 8 0
0 36941 9 0
0 36941 10 0
0 36941 11 0
0 36941 12 0
0 18316 13 0
0 18316 14 0
0 18316 15 0
0 18316 0 0
0 18316 1 0
0 18316 2 0
0 12429 3 0
0 12429 4 0
0 12429 5 0
0 12429 6 0
0 12429 7 0
0 12429 8 0
0 32834 9 0
0 32834 10 0
0 32834 11 0
0 32834 12 0
0 32834 13 0
0 32834 14 0
0 19262 15 0
0 19262 0 0
0 19262 1 0
0 19262 2 0
0 19262 3 0
0 19262 4 0
0 40651 5 0
0 40651 6 0
0 40651 7 0
0 40651 8 0
0 40651 9 0
0 40651 10 0
0 12945 11 0
0 12945 12 0
0 12945 13 0
0 12945 14 0
0 12945 15 0
0 12945 0 0
0 9665 1 0
0 9665 2 0
0 9665 3 0
0 9665 4 0
0 9665 5 0
0 9665 6 0
0 43279 7 0
0 43279 8 0
0 43279 9 0
0 43279 10 0
0 43279 11 0
0 43279 12 0
0 61884 13 0
0 61884 14 0
0 61884 15 0
0 61884 0 0
0 61884 1 0
0 61884 2 0
0 13199 3 0
0 13199 4 0
0 13199 5 0
0 13199 6 0
0 13199 7 0
0 13199 8 0
0 46372 9 0
0 46372 10 0
0 46372 11 0
0 46372 12 0
0 46372 13 0
0 46372 14 0
0 56907 15 0
0 56907 0 0
0 56907 1 0
0 56907 2 0
0 56907 3 0
0 56907 4 0
0 41444 5 0
0 41444 6 0
0 41444 7 0
0 41444 8 0
0 41444 9 0
0 41444 10 0
0 26801 11 0
0 26801 12 0
0 26801 13 0
0 26801 14 0
0 26801 15 0
0 26801 0 0
0 62522 1 0
0 62522 2 0
0 62522 3 0
0 62522 4 0
0 62522 5 0
0 62522 6 0
0 58024 7 0
0 58024 8 0
0 58024 9 0
0 58024 10 0
0 58024 11 0
0 58024 12 0
0 34143 13 0
0 34143 14 0
0 34143 15 0
0 34143 0 0
0 34143 1 0
0 34143 2 0
0 8163 3 0
0 8163 4 0
0 8163 5 0
0 8163 6 0
0 8163 7 0
0 8163 8 0
0 1840 9 0
0 1840 10 0
0 1840 11 0
0 1840 12 0
0 1840 13 0
0 1840 14 0
0 12225 15 0
0 12225 0 0
0 12225 1 0
0 12225 2 0
0 12225 3 0
0 12225 4 0
0 52274 5 0
0 52274 6 0
0 52274 7 0
0 52274 8 0
0 52274 9 0
0 52274 10 0
0 149 11 0
0 149 12 0
0 149 13 0
0 149 14 0
0 149 15 0
0 149 0 0
0 64694 1 0
0 64694 2 0
0 64694 3 0
0 64694 4 0
0 64694 5 0
0 64694 6 0
0 43664 7 0
0 43664 8 0
0 43664 9 0
0 43664 10 0
0 43664 11 0
0 43664 12 0
0 31969 13 0
0 31969 14 0
0 31969 15 0
0 31969 0 0
0 31969 1 0
0 31969 2 0
0 42625 3 0
0 42625 4 0
0 42625 5 0
0 42625 6 0
0 42625 7 0
0 42625 8 0
0 8255 9 0
0 8255 10 0
0 8255 11 0
0 8255 12 0
0 8255 13 0
0 8255 14 0
0 25043 15 0
0 25043 0 0
0 25043 1 0
0 25043 2 0
0 25043 3 0
0 25043 4 0
0 29059 5 0
0 29059 6 0
0 29059 7 0
0 29059 8 0
0 29059 9 0
0 29059 10 0
0 31275 11 0
0 31275 12 0
0 31275 13 0
0 31275 14 0
0 31275 15 0
0 31275 0 0
0 18677 1 0
0 18677 2 0
0 18677 3 0
0 18677 4 0
0 18677 5 0
0 18677 6 0
0 58716 7 0
0 58716 8 0
0 58716 9 0
0 58716 10 0
0 58716 11 0
0 58716 12 0
0 11955 13 0
0 11955 14 0
0 11955 15 0
0 11955 0 0
0 11955 1 0
0 11955 2 0
0 10544 3 0
0 10544 4 0
0 10544 5 0
0 10544 6 0
0 10544 7 0
0 10544 8 0
0 41950 9 0
0 41950 10 0
0 41950 11 0
0 41950 12 0
0 41950 13 0
0 41950 14 0
0 64131 15 0
0 64131 0 0
0 64131 1 0
0 64131 2 0
0 64131 3 0
0 64131 4 0
0 14294 5 0
0 14294 6 0
0 14294 7 0
0 14294 8 0
0 14294 9 0
0 14294 10 0
0 39511 11 0
0 39511 12 0
0 39511 13 0
0 39511 14 0
0 39511 15 0
0 39511 0 0
0 38153 1 0
0 38153 2 0
0 38153 3 0
0 38153 4 0
0 38153 5 0
0 38153 6 0
0 16359 7 0
0 16359 8 0
0 16359 9 0
0 16359 10 0
0 16359 11 0
0 16359 12 0
0 43614 13 0
0 43614 14 0
0 43614 15 0
0 43614 0 0
0 43614 1 0
0 43614 2 0
0 26634 3 0
0 26634 4 0
0 26634 5 0
0 26634 6 0
0 26634 7 0
0 26634 8 0
0 37703 9 0
0 37703 10 0
0 37703 11 0
0 37703 12 0
0 37703 13 0
0 37703 14 0
0 58325 15 0
0 58325 0 0
0 58325 1 0
0 58325 2 0
0 58325 3 0
0 58325 4 0
0 12010 5 0
0 12010 6 0
0 12010 7 0
0 12010 8 0
0 12010 9 0
0 12010 10 0
0 50449 11 0
0 50449 12 0
0 50449 13 0
0 50449 14 0
0 50449 15 0
0 50449 0 0
0 41555 1 0
0 41555 2 0
0 41555 3 0
0 41555 4 0
0 41555 5 0
0 41555 6 0
0 31733 7 0
0 31733 8 0
0 31733 9 0
0 31733 10 0
0 31733 11 0
0 31733 12 0
0 38054 13 0
0 38054 14 0
0 38054 15 0
0 38054 0 0
0 38054 1 0
0 38054 2 0
0 24100 3 0
0 24100 4 0
0 24100 5 0
0 24100 6 0
0 24100 7 0
0 24100 8 0
0 24823 9 0
0 24823 10 0
0 24823 11 0
0 24823 12 0
0 24823 13 0
0 24823 14 0
0 24475 15 0
0 24475 0 0
0 24475 1 0
0 24475 2 0
0 24475 3 0
0 24475 4 0
0 4321 5 0
0 4321 6 0
0 4321 7 0
0 4321 8 0
0 4321 9 0
0 4321 10 0
0 34086 11 0
0 34086 12 0
0 34086 13 0
0 34086 14 0
0 34086 15 0
0 34086 0 0
0 62459 1 0
0 62459 2 0
0 62459 3 0
0 62459 4 0
0 62459 5 0
0 62459 6 0
0 9055 7 0
0 9055 8 0
0 9055 9 0
0 9055 10 0
0 9055 11 0
0 9055 12 0
0 11773 13 0
0 11773 14 0
0 11773 15 0
0 11773 0 0
0 11773 1 0
0 11773 2 0
0 17068 3 0
0 17068 4 0
0 17068 5 0
0 17068 6 0
0 17068 7 0
0 17068 8 0
0 19601 9 0
0 19601 10 0
0 19601 11 0
0 19601 12 0
0 19601 13 0
0 19601 14 0
0 5064 15 0
0 5064 0 0
0 5064 1 0
0 5064 2 0
0 5064 3 0
0 5064 4 0
0 10518 5 0
0 10518 6 0
0 10518 7 0
0 10518 8 0
0 10518 9 0
0 10518 10 0
0 51287 11 0
0 51287 12 0
0 51287 13 0
0 51287 14 0
0 51287 15 0
0 51287 0 0
0 36127 1 0
0 36127 2 0
0 36127 3 0
0 36127 4 0
0 36127 5 0
0 36127 6 0
0 30867 7 0
0 30867 8 0
0 30867 9 0
0 30867 10 0
0 30867 11 0
0 30867 12 0
0 28206 13 0
0 28206 14 0
0 28206 15 0
0 28206 0 0
0 28206 1 0
0 28206 2 0
0 54974 3 0
0 54974 4 0
0 54974 5 0
0 54974 6 0
0 54974 7 0
0 54974 8 0
0 36072 9 0
0 36072 10 0
0 36072 11 0
0 36072 12 0
0 36072 13 0
0 36072 14 0
0 59056 15 0
0 59056 0 0
0 59056 1 0
0 59056 2 0
0 59056 3 0
0 59056 4 0
0 64573 5 0
0 64573 6 0
0 64573 7 0
0 64573 8 0
0 64573 9 0
0 64573 10 0
0 46840 11 0
0 46840 12 0
0 46840 13 0
0 46840 14 0
0 46840 15 0
0 46840 0 0
0 10796 1 0
0 10796 2 0
0 10796 3 0
0 10796 4 0
0 10796 5 0
0 10796 6 0
0 42509 7 0
0 42509 8 0
0 42509 9 0
0 42509 10 0
0 42509 11 0
0 42509 12 0
0 15119 13 0
0 15119 14 0
0 15119 15 0
0 15119 0 0
0 15119 1 0
0 15119 2 0
0 63759 3 0
0 63759 4 0
0 63759 5 0
0 63759 6 0
0 63759 7 0
0 63759 8 0
0 43944 9 0
0 43944 10 0
0 43944 11 0
0 43944 12 0
0 43944 13 0
0 43944 14 0
0 24953 15 0
0 24953 0 0
0 24953 1 0
0 24953 2 0
0 24953 3 0
0 24953 4 0
0 31855 5 0
0 31855 6 0
0 31855 7 0
0 31855 8 0
0 31855 9 0
0 31855 10 0
0 2124 11 0
0 2124 12 0
0 2124 13 0
0 2124 14 0
0 2124 15 0
0 2124 0 0
0 35525 1 0
0 35525 2 0
0 35525 3 0
0 35525 4 0
0 35525 5 0
0 35525 6 0
0 15353 7 0
0 15353 8 0
0 15353 9 0
0 15353 10 0
0 15353 11 0
0 15353 12 0
0 28896 13 0
0 28896 14 0
0 28896 15 0
0 28896 0 0
0 28896 1 0
0 28896 2 0
0 48766 3 0
0 48766 4 0
0 48766 5 0
0 48766 6 0
0 48766 7 0
0 48766 8 0
0 22345 9 0
0 22345 10 0
0 22345 11 0
0 22345 12 0
0 22345 13 0
0 22345 14 0
0 43586 15 0
0 43586 0 0
0 43586 1 0
0 43586 2 0
0 43586 3 0
0 43586 4 0
0 55853 5 0
0 55853 6 0
0 55853 7 0
0 55853 8 0
0 55853 9 0
0 55853 10 0
0 8151 11 0
0 8151 12 0
0 8151 13 0
0 8151 14 0
0 8151 15 0
0 8151 0 0
0 13186 1 0
0 13186 2 0
0 13186 3 0
0 13186 4 0
0 13186 5 0
0 13186 6 0
0 19183 7 0
0 19183 8 0
0 19183 9 0
0 19183 10 0
0 19183 11 0
0 19183 12 0
0 28675 13 0
0 28675 14 0
0 28675 15 0
0 28675 0 0
0 28675 1 0
0 28675 2 0
0 5928 3 0
0 5928 4 0
0 5928 5 0
0 5928 6 0
0 5928 7 0
0 5928 8 0
0 9698 9 0
0 9698 10 0
0 9698 11 0
0 9698 12 0
0 9698 13 0
0 9698 14 0
0 3499 15 0
0 3499 0 0
0 3499 1 0
0 3499 2 0
0 3499 3 0
0 3499 4 0
0 16311 5 0
0 16311 6 0
0 16311 7 0
0 16311 8 0
0 16311 9 0
0 16311 10 0
0 24709 11 0
0 24709 12 0
0 24709 13 0
0 24709 14 0
0 24709 15 0
0 24709 0 0
0 15688 1 0
0 15688 2 0
0 15688 3 0
0 15688 4 0
0 15688 5 0
0 15688 6 0
0 51276 7 0
0 51276 8 0
0 51276 9 0
0 51276 10 0
0 51276 11 0
0 51276 12 0
0 11997 13 0
0 11997 14 0
0 11997 15 0
0 11997 0 0
0 11997 1 0
0 11997 2 0
0 48514 3 0
0 48514 4 0
0 48514 5 0
0 48514 6 0
0 48514 7 0
0 48514 8 0
0 15210 9 0
0 15210 10 0
0 15210 11 0
0 15210 12 0
0 15210 13 0
0 15210 14 0
0 4769 15 0
0 4769 0 0
0 4769 1 0
0 4769 2 0
0 4769 3 0
0 4769 4 0
0 2835 5 0
0 2835 6 0
0 2835 7 0
0 2835 8 0
0 2835 9 0
0 2835 10 0
0 25505 11 0
0 25505 12 0
0 25505 13 0
0 25505 14 0
0 25505 15 0
0 25505 0 0
0 24244 1 0
0 24244 2 0
0 24244 3 0
0 24244 4 0
0 24244 5 0
0 24244 6 0
0 16239 7 0
0 16239 8 0
0 16239 9 0
0 16239 10 0
0 16239 11 0
0 16239 12 0
0 62814 13 0
0 62814 14 0
0 62814 15 0
0 62814 0 0
0 62814 1 0
0 62814 2 0
0 27600 3 0
0 27600 4 0
0 27600 5 0
0 27600 6 0
0 27600 7 0
0 27600 8 0
0 8006 9 0
0 8006 10 0
0 8006 11 0
0 8006 12 0
0 8006 13 0
0 8006 14 0
0 2986 15 0
0 2986 0 0
0 2986 1 0
0 2986 2 0
0 2986 3 0
0 2986 4 0
0 55786 5 0
0 55786 6 0
0 55786 7 0
0 55786 8 0
0 55786 9 0
0 55786 10 0
0 13303 11 0
0 13303 12 0
0 13303 13 0
0 13303 14 0
0 13303 15 0
0 13303 0 0
0 34068 1 0
0 34068 2 0
0 34068 3 0
0 34068 4 0
0 34068 5 0
0 34068 6 0
0 9175 7 0
0 9175 8 0
0 9175 9 0
0 9175 10 0
0 9175 11 0
0 9175 12 0
0 28944 13 0
0 28944 14 0
0 28944 15 0
0 28944 0 0
0 28944 1 0
0 28944 2 0
0 9433 3 0
0 9433 4 0
0 9433 5 0
0 9433 6 0
0 9433 7 0
0 9433 8 0
0 39460 9 0
0 39460 10 0
0 39460 11 0
0 39460 12 0
0 39460 13 0
0 39460 14 0
0 45913 15 0
0 45913 0 0
0 45913 1 0
0 45913 2 0
0 45913 3 0
0 45913 4 0
0 57156 5 0
0 57156 6 0
0 57156 7 0
0 57156 8 0
0 57156 9 0
0 57156 10 0
0 23634 11 0
0 23634 12 0
0 23634 13 0
0 23634 14 0
0 23634 15 0
0 23634 0 0
0 8000 1 0
0 8000 2 0
0 8000 3 0
0 8000 4 0
0 8000 5 0
0 8000 6 0
0 61227 7 0
0 61227 8 0
0 61227 9 0
0 61227 10 0
0 61227 11 0
0 61227 12 0
0 5161 13 0
0 5161 14 0
0 5161 15 0
0 5161 0 0
0 5161 1 0
0 5161 2 0
0 13227 3 0
0 13227 4 0
0 13227 5 0
0 13227 6 0
0 13227 7 0
0 13227 8 0
0 51285 9 0
0 51285 10 0
0 51285 11 0
0 51285 12 0
0 51285 13 0
0 51285 14 0
0 26129 15 0
0 26129 0 0
0 26129 1 0
0 26129 2 0
0 26129 3 0
0 26129 4 0
0 34096 5 0
0 34096 6 0
0 34096 7 0
0 34096 8 0
0 34096 9 0
0 34096 10 0
0 46996 11 0
0 46996 12 0
0 46996 13 0
0 46996 14 0
0 46996 15 0
0 46996 0 0
0 61632 1 0
0 61632 2 0
0 61632 3 0
0 61632 4 0
0 61632 5 0
0 61632 6 0
0 22206 7 0
0 22206 8 0
0 22206 9 0
0 22206 10 0
0 22206 11 0
0 22206 12 0
0 26661 13 0
0 26661 14 0
0 26661 15 0
0 26661 0 0
0 26661 1 0
0 26661 2 0
0 7608 3 0
0 7608 4 0
0 7608 5 0
0 7608 6 0
0 7608 7 0
0 7608 8 0
0 20736 9 0
0 20736 10 0
0 20736 11 0
0 20736 12 0
0 20736 13 0
0 20736 14 0
0 21227 15 0
0 21227 0 0
0 21227 1 0
0 21227 2 0
0 21227 3 0
0 21227 4 0
0 44867 5 0
0 44867 6 0
0 44867 7 0
0 44867 8 0
0 44867 9 0
0 44867 10 0
0 32858 11 0
0 32858 12 0
0 32858 13 0
0 32858 14 0
0 32858 15 0
0 32858 0 0
0 15363 1 0
0 15363 2 0
0 15363 3 0
0 15363 4 0
0 15363 5 0
0 15363 6 0
0 57974 7 0
0 57974 8 0
0 57974 9 0
0 57974 10 0
0 57974 11 0
0 57974 12 0
0 22913 13 0
0 22913 14 0
0 22913 15 0
0 22913 0 0
0 22913 1 0
0 22913 2 0
0 1730 3 0
0 1730 4 0
0 1730 5 0
0 1730 6 0
0 1730 7 0
0 1730 8 0
0 61816 9 0
0 61816 10 0
0 61816 11 0
0 61816 12 0
0 61816 13 0
0 61816 14 0
0 53727 15 0
0 53727 0 0
0 53727 1 0
0 53727 2 0
0 53727 3 0
0 53727 4 0
0 40821 5 0
0 40821 6 0
0 40821 7 0
0 40821 8 0
0 40821 9 0
0 40821 10 0
0 46812 11 0
0 46812 12 0
0 46812 13 0
0 46812 14 0
0 46812 15 0
0 46812 0 0
0 50940 1 0
0 50940 2 0
0 50940 3 0
0 50940 4 0
0 50940 5 0
0 50940 6 0
0 32890 7 0
0 32890 8 0
0 32890 9 0
0 32890 10 0
0 32890 11 0
0 32890 12 0
0 20108 13 0
0 20108 14 0
0 20108 15 0
0 20108 0 0
0 20108 1 0
0 20108 2 0
0 1630 3 0
0 1630 4 0
0 1630 5 0
0 1630 6 0
0 1630 7 0
0 1630 8 0
0 60024 9 0
0 60024 10 0
0 60024 11 0
0 60024 12 0
0 60024 13 0
0 60024 14 0
0 10364 15 0
0 10364 0 0
0 10364 1 0
0 10364 2 0
0 10364 3 0
0 10364 4 0
0 44029 5 0
0 44029 6 0
0 44029 7 0
0 44029 8 0
0 44029 9 0
0 44029 10 0
0 5989 11 0
0 5989 12 0
0 5989 13 0
0 5989 14 0
0 5989 15 0
0 5989 0 0
0 36815 1 0
0 36815 2 0
0 36815 3 0
0 36815 4 0
0 36815 5 0
0 36815 6 0
0 17673 7 0
0 17673 8 0
0 17673 9 0
0 17673 10 0
0 17673 11 0
0 17673 12 0
0 31474 13 0
0 31474 14 0
0 31474 15 0
0 31474 0 0
0 31474 1 0
0 31474 2 0
0 63154 3 0
0 63154 4 0
0 63154 5 0
0 63154 6 0
0 63154 7 0
0 63154 8 0
0 46166 9 0
0 46166 10 0
0 46166 11 0
0 46166 12 0
0 46166 13 0
0 46166 14 0
0 37732 15 0
0 37732 0 0
0 37732 1 0
0 37732 2 0
0 37732 3 0
0 37732 4 0
0 47081 5 0
0 47081 6 0
0 47081 7 0
0 47081 8 0
0 47081 9 0
0 47081 10 0
0 17346 11 0
0 17346 12 0
0 17346 13 0
0 17346 14 0
0 17346 15 0
0 17346 0 0
0 40671 1 0
0 40671 2 0
0 40671 3 0
0 40671 4 0
0 40671 5 0
0 40671 6 0
0 50858 7 0
0 50858 8 0
0 50858 9 0
0 50858 10 0
0 50858 11 0
0 50858 12 0
0 54318 13 0
0 54318 14 0
0 54318 15 0
0 54318 0 0
0 54318 1 0
0 54318 2 0
0 10580 3 0
0 10580 4 0
0 10580 5 0
0 10580 6 0
0 10580 7 0
0 10580 8 0
0 199 9 0
0 199 10 0
0 199 11 0
0 199 12 0
0 199 13 0
0 199 14 0
0 25206 15 0
0 25206 0 0
0 25206 1 0
0 25206 2 0
0 25206 3 0
0 25206 4 0
0 43830 5 0
0 43830 6 0
0 43830 7 0
0 43830 8 0
0 43830 9 0
0 43830 10 0
0 20981 11 0
0 20981 12 0
0 20981 13 0
0 20981 14 0
0 20981 15 0
0 20981 0 0
0 31380 1 0
0 31380 2 0
0 31380 3 0
0 31380 4 0
0 31380 5 0
0 31380 6 0
0 29241 7 0
0 29241 8 0
0 29241 9 0
0 29241 10 0
0 29241 11 0
0 29241 12 0
0 58737 13 0
0 58737 14 0
0 58737 15 0
0 58737 0 0
0 58737 1 0
0 58737 2 0
0 49630 3 0
0 49630 4 0
0 49630 5 0
0 49630 6 0
0 49630 7 0
0 49630 8 0
0 54317 9 0
0 54317 10 0
0 54317 11 0
0 54317 12 0
0 54317 13 0
0 54317 14 0
0 4134 15 0
0 4134 0 0
0 4134 1 0
0 4134 2 0
0 4134 3 0
0 4134 4 0
0 52725 5 0
0 52725 6 0
0 52725 7 0
0 52725 8 0
0 52725 9 0
0 52725 10 0
0 54817 11 0
0 54817 12 0
0 54817 13 0
0 54817 14 0
0 54817 15 0
0 54817 0 0
0 6131 1 0
0 6131 2 0
0 6131 3 0
0 6131 4 0
0 6131 5 0
0 6131 6 0
0 21715 7 0
0 21715 8 0
0 21715 9 0
0 21715 10 0
0 21715 11 0
0 21715 12 0
0 58373 13 0
0 58373 14 0
0 58373 15 0
0 58373 0 0
0 58373 1 0
0 58373 2 0
0 8373 3 0
0 8373 4 0
0 8373 5 0
0 8373 6 0
0 8373 7 0
0 8373 8 0
0 33977 9 0
0 33977 10 0
0 33977 11 0
0 33977 12 0
0 33977 13 0
0 33977 14 0
0 20668 15 0
0 20668 0 0
0 20668 1 0
0 20668 2 0
0 20668 3 0
0 20668 4 0
0 58505 5 0
0 58505 6 0
0 58505 7 0
0 58505 8 0
0 58505 9 0
0 58505 10 0
0 63866 11 0
0 63866 12 0
0 63866 13 0
0 63866 14 0
0 63866 15 0
0 63866 0 0
0 9 1 0
0 9 2 0
0 9 3 0
0 9 4 0
0 9 5 0
0 9 6 0
0 5100 7 0
0 5100 8 0
0 5100 9 0
0 5100 10 0
0 5100 11 0
0 5100 12 0
0 64825 13 0
0 64825 14 0
0 64825 15 0
0 64825 0 0
0 64825 1 0
0 64825 2 0
0 42722 3 0
0 42722 4 0
0 42722 5 0
0 42722 6 0
0 42722 7 0
0 42722 8 0
0 40902 9 0
0 40902 10 0
0 40902 11 0
0 40902 12 0
0 40902 13 0
0 40902 14 0
0 61196 15 0
0 61196 0 0
0 61196 1 0
0 61196 2 0
0 61196 3 0
0 61196 4 0
0 6534 5 0
0 6534 6 0
0 6534 7 0
0 6534 8 0
0 6534 9 0
0 6534 10 0
0 54412 11 0
0 54412 12 0
0 54412 13 0
0 54412 14 0
0 54412 15 0
0 54412 0 0
0 24641 1 0
0 24641 2 0
0 24641 3 0
0 24641 4 0
0 24641 5 0
0 24641 6 0
0 10940 7 0
0 10940 8 0
0 10940 9 0
0 10940 10 0
0 10940 11 0
0 10940 12 0
0 17107 13 0
0 17107 14 0
0 17107 15 0
0 17107 0 0
0 17107 1 0
0 17107 2 0
0 1930 3 0
0 1930 4 0
0 1930 5 0
0 1930 6 0
0 1930 7 0
0 1930 8 0
0 52666 9 0
0 52666 10 0
0 52666 11 0
0 52666 12 0
0 52666 13 0
0 52666 14 0
0 54720 15 0
0 54720 0 0
0 54720 1 0
0 54720 2 0
0 54720 3 0
0 54720 4 0
0 41441 5 0
0 41441 6 0
0 41441 7 0
0 41441 8 0
0 41441 9 0
0 41441 10 0
0 444 11 0
0 444 12 0
0 444 13 0
0 444 14 0
0 444 15 0
0 444 0 0
0 27987 1 0
0 27987 2 0
0 27987 3 0
0 27987 4 0
0 27987 5 0
0 27987 6 0
0 1873 7 0
0 1873 8 0
0 1873 9 0
0 1873 10 0
0 1873 11 0
0 1873 12 0
0 309 13 0
0 309 14 0
0 309 15 0
0 309 0 0
0 309 1 0
0 309 2 0
0 12816 3 0
0 12816 4 0
0 12816 5 0
0 12816 6 0
0 12816 7 0
0 12816 8 0
0 24963 9 0
0 24963 10 0
0 24963 11 0
0 24963 12 0
0 24963 13 0
0 24963 14 0
0 15584 15 0
0 15584 0 0
0 15584 1 0
0 15584 2 0
0 15584 3 0
0 15584 4 0
0 26019 5 0
0 26019 6 0
0 26019 7 0
0 26019 8 0
0 26019 9 0
0 26019 10 0
0 39638 11 0
0 39638 12 0
0 39638 13 0
0 39638 14 0
0 39638 15 0
0 39638 0 0
0 36697 1 0
0 36697 2 0
0 36697 3 0
0 36697 4 0
0 36697 5 0
0 36697 6 0
0 23884 7 0
0 23884 8 0
0 23884 9 0
0 23884 10 0
0 23884 11 0
0 23884 12 0
0 13130 13 0
0 13130 14 0
0 13130 15 0
0 13130 0 0
0 13130 1 0
0 13130 2 0
0 62338 3 0
0 62338 4 0
0 62338 5 0
0 62338 6 0
0 62338 7 0
0 62338 8 0
0 51995 9 0
0 51995 10 0
0 51995 11 0
0 51995 12 0
0 51995 13 0
0 51995 14 0
0 10662 15 0
0 10662 0 0
0 10662 1 0
0 10662 2 0
0 10662 3 0
0 10662 4 0
0 2863 5 0
0 2863 6 0
0 2863 7 0
0 2863 8 0
0 2863 9 0
0 2863 10 0
0 36007 11 0
0 36007 12 0
0 36007 13 0
0 36007 14 0
0 36007 15 0
0 36007 0 0
0 59372 1 0
0 59372 2 0
0 59372 3 0
0 59372 4 0
0 59372 5 0
0 59372 6 0
0 15175 7 0
0 15175 8 0
0 15175 9 0
0 15175 10 0
0 15175 11 0
0 15175 12 0
0 33618 13 0
0 33618 14 0
0 33618 15 0
0 33618 0 0
0 33618 1 0
0 33618 2 0
0 17487 3 0
0 17487 4 0
0 17487 5 0
0 17487 6 0
0 17487 7 0
0 17487 8 0
0 45488 9 0
0 45488 10 0
0 45488 11 0
0 45488 12 0
0 45488 13 0
0 45488 14 0
0 15087 15 0
0 15087 0 0
0 15087 1 0
0 15087 2 0
0 15087 3 0
0 15087 4 0
0 20242 5 0
0 20242 6 0
0 20242 7 0
0 20242 8 0
0 20242 9 0
0 20242 10 0
0 36491 11 0
0 36491 12 0
0 36491 13 0
0 36491 14 0
0 36491 15 0
0 36491 0 0
0 2434 1 0
0 2434 2 0
0 2434 3 0
0 2434 4 0
0 2434 5 0
0 2434 6 0
0 5544 7 0
0 5544 8 0
0 5544 9 0
0 5544 10 0
0 5544 11 0
0 5544 12 0
0 5329 13 0
0 5329 14 0
0 5329 15 0
0 5329 0 0
0 5329 1 0
0 5329 2 0
0 26966 3 0
0 26966 4 0
0 26966 5 0
0 26966 6 0
0 26966 7 0
0 26966 8 0
0 34035 9 0
0 34035 10 0
0 34035 11 0
0 34035 12 0
0 34035 13 0
0 34035 14 0
0 41250 15 0
0 41250 0 0
0 41250 1 0
0 41250 2 0
0 41250 3 0
0 41250 4 0
0 48089 5 0
0 48089 6 0
0 48089 7 0
0 48089 8 0
0 48089 9 0
0 48089 10 0
0 5505 11 0
0 5505 12 0
0 5505 13 0
0 5505 14 0
0 5505 15 0
0 5505 0 0
0 64813 1 0
0 64813 2 0
0 64813 3 0
0 64813 4 0
0 64813 5 0
0 64813 6 0
0 60118 7 0
0 60118 8 0
0 60118 9 0
0 60118 10 0
0 60118 11 0
0 60118 12 0
0 57074 13 0
0 57074 14 0
0 57074 15 0
0 57074 0 0
0 57074 1 0
0 57074 2 0
0 48817 3 0
0 48817 4 0
0 48817 5 0
0 48817 6 0
0 48817 7 0
0 48817 8 0
0 23368 9 0
0 23368 10 0
0 23368 11 0
0 23368 12 0
0 23368 13 0
0 23368 14 0
0 27242 15 0
0 27242 0 0
0 27242 1 0
0 27242 2 0
0 27242 3 0
0 27242 4 0
0 49227 5 0
0 49227 6 0
0 49227 7 0
0 49227 8 0
0 49227 9 0
0 49227 10 0
0 38146 11 0
0 38146 12 0
0 38146 13 0
0 38146 14 0
0 38146 15 0
0 38146 0 0
0 1166 1 0
0 1166 2 0
0 1166 3 0
0 1166 4 0
0 1166 5 0
0 1166 6 0
0 18147 7 0
0 18147 8 0
0 18147 9 0
0 18147 10 0
0 18147 11 0
0 18147 12 0
0 19794 13 0
0 19794 14 0
0 19794 15 0
0 19794 0 0
0 19794 1 0
0 19794 2 0
0 35569 3 0
0 35569 4 0
0 35569 5 0
0 35569 6 0
0 35569 7 0
0 35569 8 0
0 43700 9 0
0 43700 10 0
0 43700 11 0
0 43700 12 0
0 43700 13 0
0 43700 14 0
0 44238 15 0
0 44238 0 0
0 44238 1 0
0 44238 2 0
0 44238 3 0
0 44238 4 0
0 48129 5 0
0 48129 6 0
0 48129 7 0
0 48129 8 0
0 48129 9 0
0 48129 10 0
0 12282 11 0
0 12282 12 0
0 12282 13 0
0 12282 14 0
0 12282 15 0
0 12282 0 0
0 44335 1 0
0 44335 2 0
0 44335 3 0
0 44335 4 0
0 44335 5 0
0 44335 6 0
0 4674 7 0
0 4674 8 0
0 4674 9 0
0 4674 10 0
0 4674 11 0
0 4674 12 0
0 5400 13 0
0 5400 14 0
0 5400 15 0
0 5400 0 0
0 5400 1 0
0 5400 2 0
0 35339 3 0
0 35339 4 0
0 35339 5 0
0 35339 6 0
0 35339 7 0
0 35339 8 0
0 21477 9 0
0 21477 10 0
0 21477 11 0
0 21477 12 0
0 21477 13 0
0 21477 14 0
0 19584 15 0
0 19584 0 0
0 19584 1 0
0 19584 2 0
0 19584 3 0
0 19584 4 0
0 37949 5 0
0 37949 6 0
0 37949 7 0
0 37949 8 0
0 37949 9 0
0 37949 10 0
0 47304 11 0
0 47304 12 0
0 47304 13 0
0 47304 14 0
0 47304 15 0
0 47304 0 0
0 51746 1 0
0 51746 2 0
0 51746 3 0
0 51746 4 0
0 51746 5 0
0 51746 6 0
0 16992 7 0
0 16992 8 0
0 16992 9 0
0 16992 10 0
0 16992 11 0
0 16992 12 0
0 38457 13 0
0 38457 14 0
0 38457 15 0
0 38457 0 0
0 38457 1 0
0 38457 2 0
0 15059 3 0
0 15059 4 0
0 15059 5 0
0 15059 6 0
0 15059 7 0
0 15059 8 0
0 62660 9 0
0 62660 10 0
0 62660 11 0
0 62660 12 0
0 62660 13 0
0 62660 14 0
0 31418 15 0
0 31418 0 0
0 31418 1 0
0 31418 2 0
0 31418 3 0
0 31418 4 0
0 6325 5 0
0 6325 6 0
0 6325 7 0
0 6325 8 0
0 6325 9 0
0 6325 10 0
0 40354 11 0
0 40354 12 0
0 40354 13 0
0 40354 14 0
0 40354 15 0
0 40354 0 0
0 23538 1 0
0 23538 2 0
0 23538 3 0
0 23538 4 0
0 23538 5 0
0 23538 6 0
0 9288 7 0
0 9288 8 0
0 9288 9 0
0 9288 10 0
0 9288 11 0
0 9288 12 0
0 39671 13 0
0 39671 14 0
0 39671 15 0
0 39671 0 0
0 39671 1 0
0 39671 2 0
0 52844 3 0
0 52844 4 0
0 52844 5 0
0 52844 6 0
0 52844 7 0
0 52844 8 0
0 43059 9 0
0 43059 10 0
0 43059 11 0
0 43059 12 0
0 43059 13 0
0 43059 14 0
0 39220 15 0
0 39220 0 0
0 39220 1 0
0 39220 2 0
0 39220 3 0
0 39220 4 0
0 54358 5 0
0 54358 6 0
0 54358 7 0
0 54358 8 0
0 54358 9 0
0 54358 10 0
0 14241 11 0
0 14241 12 0
0 14241 13 0
0 14241 14 0
0 14241 15 0
0 14241 0 0
0 13028 1 0
0 13028 2 0
0 13028 3 0
0 13028 4 0
0 13028 5 0
0 13028 6 0
0 63068 7 0
0 63068 8 0
0 63068 9 0
0 63068 10 0
0 63068 11 0
0 63068 12 0
0 62128 13 0
0 62128 14 0
0 62128 15 0
0 62128 0 0
0 62128 1 0
0 62128 2 0
0 44181 3 0
0 44181 4 0
0 44181 5 0
0 44181 6 0
0 44181 7 0
0 44181 8 0
0 45043 9 0
0 45043 10 0
0 45043 11 0
0 45043 12 0
0 45043 13 0
0 45043 14 0
0 16295 15 0
0 16295 0 0
0 16295 1 0
0 16295 2 0
0 16295 3 0
0 16295 4 0
0 62794 5 0
0 62794 6 0
0 62794 7 0
0 62794 8 0
0 62794 9 0
0 62794 10 0
0 15205 11 0
0 15205 12 0
0 15205 13 0
0 15205 14 0
0 15205 15 0
0 15205 0 0
0 65239 1 0
0 65239 2 0
0 65239 3 0
0 65239 4 0
0 65239 5 0
0 65239 6 0
0 55906 7 0
0 55906 8 0
0 55906 9 0
0 55906 10 0
0 55906 11 0
0 55906 12 0
0 4957 13 0
0 4957 14 0
0 4957 15 0
0 4957 0 0
0 4957 1 0
0 4957 2 0
0 39571 3 0
0 39571 4 0
0 39571 5 0
0 39571 6 0
0 39571 7 0
0 39571 8 0
0 43919 9 0
0 43919 10 0
0 43919 11 0
0 43919 12 0
0 43919 13 0
0 43919 14 0
0 20403 15 0
0 20403 0 0
0 20403 1 0
0 20403 2 0
0 20403 3 0
0 20403 4 0
0 21830 5 0
0 21830 6 0
0 21830 7 0
0 21830 8 0
0 21830 9 0
0 21830 10 0
0 49226 11 0
0 49226 12 0
0 49226 13 0
0 49226 14 0
0 49226 15 0
0 49226 0 0
0 11393 1 0
0 11393 2 0
0 11393 3 0
0 11393 4 0
0 11393 5 0
0 11393 6 0
0 8629 7 0
0 8629 8 0
0 8629 9 0
0 8629 10 0
0 8629 11 0
0 8629 12 0
0 11097 13 0
0 11097 14 0
0 11097 15 0
0 11097 0 0
0 11097 1 0
0 11097 2 0
0 25957 3 0
0 25957 4 0
0 25957 5 0
0 25957 6 0
0 25957 7 0
0 25957 8 0
0 28974 9 0
0 28974 10 0
0 28974 11 0
0 28974 12 0
0 28974 13 0
0 28974 14 0
0 8015 15 0
0 8015 0 0
0 8015 1 0
0 8015 2 0
0 8015 3 0
0 8015 4 0
0 50438 5 0
0 50438 6 0
0 50438 7 0
0 50438 8 0
0 50438 9 0
0 50438 10 0
0 1029 11 0
0 1029 12 0
0 1029 13 0
0 1029 14 0
0 1029 15 0
0 1029 0 0
0 12855 1 0
0 12855 2 0
0 12855 3 0
0 12855 4 0
0 12855 5 0
0 12855 6 0
0 51617 7 0
0 51617 8 0
0 51617 9 0
0 51617 10 0
0 51617 11 0
0 51617 12 0
0 37987 13 0
0 37987 14 0
0 37987 15 0
0 37987 0 0
0 37987 1 0
0 37987 2 0
0 58791 3 0
0 58791 4 0
0 58791 5 0
0 58791 6 0
0 58791 7 0
0 58791 8 0
0 64044 9 0
0 64044 10 0
0 64044 11 0
0 64044 12 0
0 64044 13 0
0 64044 14 0
0 28475 15 0
0 28475 0 0
0 28475 1 0
0 28475 2 0
0 28475 3 0
0 28475 4 0
0 55448 5 0
0 55448 6 0
0 55448 7 0
0 55448 8 0
0 55448 9 0
0 55448 10 0
0 10965 11 0
0 10965 12 0
0 10965 13 0
0 10965 14 0
0 10965 15 0
0 10965 0 0
0 48277 1 0
0 48277 2 0
0 48277 3 0
0 48277 4 0
0 48277 5 0
0 48277 6 0
0 28853 7 0
0 28853 8 0
0 28853 9 0
0 28853 10 0
0 28853 11 0
0 28853 12 0
0 34198 13 0
0 34198 14 0
0 34198 15 0
0 34198 0 0
0 34198 1 0
0 34198 2 0
0 21834 3 0
0 21834 4 0
0 21834 5 0
0 21834 6 0
0 21834 7 0
0 21834 8 0
0 56521 9 0
0 56521 10 0
0 56521 11 0
0 56521 12 0
0 56521 13 0
0 56521 14 0
0 25158 15 0
0 25158 0 0
0 25158 1 0
0 25158 2 0
0 25158 3 0
0 25158 4 0
0 46991 5 0
0 46991 6 0
0 46991 7 0
0 46991 8 0
0 46991 9 0
0 46991 10 0
0 15074 11 0
0 15074 12 0
0 15074 13 0
0 15074 14 0
0 15074 15 0
0 15074 0 0
0 8369 1 0
0 8369 2 0
0 8369 3 0
0 8369 4 0
0 8369 5 0
0 8369 6 0
0 3620 7 0
0 3620 8 0
0 3620 9 0
0 3620 10 0
0 3620 11 0
0 3620 12 0
0 59193 13 0
0 59193 14 0
0 59193 15 0
0 59193 0 0
0 59193 1 0
0 59193 2 0
0 26435 3 0
0 26435 4 0
0 26435 5 0
0 26435 6 0
0 26435 7 0
0 26435 8 0
0 15585 9 0
0 15585 10 0
0 15585 11 0
0 15585 12 0
0 15585 13 0
0 15585 14 0
0 65154 15 0
0 65154 0 0
0 65154 1 0
0 65154 2 0
0 65154 3 0
0 65154 4 0
0 52160 5 0
0 52160 6 0
0 52160 7 0
0 52160 8 0
0 52160 9 0
0 52160 10 0
0 33617 11 0
0 33617 12 0
0 33617 13 0
0 33617 14 0
0 33617 15 0
0 33617 0 0
0 27162 1 0
0 27162 2 0
0 27162 3 0
0 27162 4 0
0 27162 5 0
0 27162 6 0
0 5518 7 0
0 5518 8 0
0 5518 9 0
0 5518 10 0
0 5518 11 0
0 5518 12 0
0 28297 13 0
0 28297 14 0
0 28297 15 0
