0 0 0 0
0 0 1 0
0 0 2 0
0 0 3 0
0 0 4 0
0 21470 5 0
0 21470 6 0
0 21470 7 0
0 21470 8 0
0 21470 9 0
0 21470 10 0
0 24445 11 0
0 24445 12 0
0 24445 13 0
0 24445 14 0
0 24445 15 0
0 24445 0 0
0 29129 1 0
0 29129 2 0
0 29129 3 0
0 29129 4 0
0 29129 5 0
0 29129 6 0
0 60591 7 0
0 60591 8 0
0 60591 9 0
0 60591 10 0
0 60591 11 0
0 60591 12 0
0 42410 13 0
0 42410 14 0
0 42410 15 0
0 42410 0 0
0 42410 1 0
0 42410 2 0
0 3043 3 0
0 3043 4 0
0 3043 5 0
0 3043 6 0
0 3043 7 0
0 3043 8 0
0 48799 9 0
0 48799 10 0
0 48799 11 0
0 48799 12 0
0 48799 13 0
0 48799 14 0
0 62163 15 0
0 62163 0 0
0 62163 1 0
0 62163 2 0
0 62163 3 0
0 62163 4 0
0 37528 5 0
0 37528 6 0
0 37528 7 0
0 37528 8 0
0 37528 9 0
0 37528 10 0
0 32400 11 0
0 32400 12 0
0 32400 13 0
0 32400 14 0
0 32400 15 0
0 32400 0 0
0 2754 1 0
0 2754 2 0
0 2754 3 0
0 2754 4 0
0 2754 5 0
0 2754 6 0
0 13358 7 0
0 13358 8 0
0 13358 9 0
0 13358 10 0
0 13358 11 0
0 13358 12 0
0 60199 13 0
0 60199 14 0
0 60199 15 0
0 60199 0 0
0 60199 1 0
0 60199 2 0
0 23883 3 0
0 23883 4 0
0 23883 5 0
0 23883 6 0
0 23883 7 0
0 23883 8 0
0 25917 9 0
0 25917 10 0
0 25917 11 0
0 25917 12 0
0 25917 13 0
0 25917 14 0
0 50944 15 0
0 50944 0 0
0 50944 1 0
0 50944 2 0
0 50944 3 0
0 50944 4 0
0 43485 5 0
0 43485 6 0
0 43485 7 0
0 43485 8 0
0 43485 9 0
0 43485 10 0
0 17418 11 0
0 17418 12 0
0 17418 13 0
0 17418 14 0
0 17418 15 0
0 17418 0 0
0 4315 1 0
0 4315 2 0
0 4315 3 0
0 4315 4 0
0 4315 5 0
0 4315 6 0
0 64427 7 0
0 64427 8 0
0 64427 9 0
0 64427 10 0
0 64427 11 0
0 64427 12 0
0 54256 13 0
0 54256 14 0
0 54256 15 0
0 54256 0 0
0 54256 1 0
0 54256 2 0
0 61210 3 0
0 61210 4 0
0 61210 5 0
0 61210 6 0
0 61210 7 0
0 61210 8 0
0 57784 9 0
0 57784 10 0
0 57784 11 0
0 57784 12 0
0 57784 13 0
0 57784 14 0
0 48200 15 0
0 48200 0 0
0 48200 1 0
0 48200 2 0
0 48200 3 0
0 48200 4 0
0 1561 5 0
0 1561 6 0
0 1561 7 0
0 1561 8 0
0 1561 9 0
0 1561 10 0
0 25873 11 0
0 25873 12 0
0 25873 13 0
0 25873 14 0
0 25873 15 0
0 25873 0 0
0 26742 1 0
0 26742 2 0
0 26742 3 0
0 26742 4 0
0 26742 5 0
0 26742 6 0
0 8928 7 0
0 8928 8 0
0 8928 9 0
0 8928 10 0
0 8928 11 0
0 8928 12 0
0 64271 13 0
0 64271 14 0
0 64271 15 0
0 64271 0 0
0 64271 1 0
0 64271 2 0
0 17239 3 0
0 17239 4 0
0 17239 5 0
0 17239 6 0
0 17239 7 0
0 17239 8 0
0 11502 9 0
0 11502 10 0
0 11502 11 0
0 11502 12 0
0 11502 13 0
0 11502 14 0
0 53077 15 0
0 53077 0 0
0 53077 1 0
0 53077 2 0
0 53077 3 0
0 53077 4 0
0 36561 5 0
0 36561 6 0
0 36561 7 0
0 36561 8 0
0 36561 9 0
0 36561 10 0
0 27244 11 0
0 27244 12 0
0 27244 13 0
0 27244 14 0
0 27244 15 0
0 27244 0 0
0 10317 1 0
0 10317 2 0
0 10317 3 0
0 10317 4 0
0 10317 5 0
0 10317 6 0
0 56108 7 0
0 56108 8 0
0 56108 9 0
0 56108 10 0
0 56108 11 0
0 56108 12 0
0 2991 13 0
0 2991 14 0
0 2991 15 0
0 2991 0 0
0 2991 1 0
0 2991 2 0
0 62544 3 0
0 62544 4 0
0 62544 5 0
0 62544 6 0
0 62544 7 0
0 62544 8 0
0 44922 9 0
0 44922 10 0
0 44922 11 0
0 44922 12 0
0 44922 13 0
0 44922 14 0
0 376 15 0
0 376 0 0
0 376 1 0
0 376 2 0
0 376 3 0
0 376 4 0
0 25910 5 0
0 25910 6 0
0 25910 7 0
0 25910 8 0
0 25910 9 0
0 25910 10 0
0 38687 11 0
0 38687 12 0
0 38687 13 0
0 38687 14 0
0 38687 15 0
0 38687 0 0
0 54903 1 0
0 54903 2 0
0 54903 3 0
0 54903 4 0
0 54903 5 0
0 54903 6 0
0 58835 7 0
0 58835 8 0
0 58835 9 0
0 58835 10 0
0 58835 11 0
0 58835 12 0
0 37165 13 0
0 37165 14 0
0 37165 15 0
0 37165 0 0
0 37165 1 0
0 37165 2 0
0 8415 3 0
0 8415 4 0
0 8415 5 0
0 8415 6 0
0 8415 7 0
0 8415 8 0
0 5097 9 0
0 5097 10 0
0 5097 11 0
0 5097 12 0
0 5097 13 0
0 5097 14 0
0 11281 15 0
0 11281 0 0
0 11281 1 0
0 11281 2 0
0 11281 3 0
0 11281 4 0
0 45368 5 0
0 45368 6 0
0 45368 7 0
0 45368 8 0
0 45368 9 0
0 45368 10 0
0 49665 11 0
0 49665 12 0
0 49665 13 0
0 49665 14 0
0 49665 15 0
0 49665 0 0
0 54068 1 0
0 54068 2 0
0 54068 3 0
0 54068 4 0
0 54068 5 0
0 54068 6 0
0 49934 7 0
0 49934 8 0
0 49934 9 0
0 49934 10 0
0 49934 11 0
0 49934 12 0
0 30435 13 0
0 30435 14 0
0 30435 15 0
0 30435 0 0
0 30435 1 0
0 30435 2 0
0 37117 3 0
0 37117 4 0
0 37117 5 0
0 37117 6 0
0 37117 7 0
0 37117 8 0
0 63531 9 0
0 63531 10 0
0 63531 11 0
0 63531 12 0
0 63531 13 0
0 63531 14 0
0 52499 15 0
0 52499 0 0
0 52499 1 0
0 52499 2 0
0 52499 3 0
0 52499 4 0
0 86 5 0
0 86 6 0
0 86 7 0
0 86 8 0
0 86 9 0
0 86 10 0
0 57006 11 0
0 57006 12 0
0 57006 13 0
0 57006 14 0
0 57006 15 0
0 57006 0 0
0 37818 1 0
0 37818 2 0
0 37818 3 0
0 37818 4 0
0 37818 5 0
0 37818 6 0
0 63584 7 0
0 63584 8 0
0 63584 9 0
0 63584 10 0
0 63584 11 0
0 63584 12 0
0 20186 13 0
0 20186 14 0
0 20186 15 0
0 20186 0 0
0 20186 1 0
0 20186 2 0
0 52308 3 0
0 52308 4 0
0 52308 5 0
0 52308 6 0
0 52308 7 0
0 52308 8 0
0 56562 9 0
0 56562 10 0
0 56562 11 0
0 56562 12 0
0 56562 13 0
0 56562 14 0
0 51758 15 0
0 51758 0 0
0 51758 1 0
0 51758 2 0
0 51758 3 0
0 51758 4 0
0 39580 5 0
0 39580 6 0
0 39580 7 0
0 39580 8 0
0 39580 9 0
0 39580 10 0
0 61562 11 0
0 61562 12 0
0 61562 13 0
0 61562 14 0
0 61562 15 0
0 61562 0 0
0 48453 1 0
0 48453 2 0
0 48453 3 0
0 48453 4 0
0 48453 5 0
0 48453 6 0
0 39853 7 0
0 39853 8 0
0 39853 9 0
0 39853 10 0
0 39853 11 0
0 39853 12 0
0 54885 13 0
0 54885 14 0
0 54885 15 0
0 54885 0 0
0 54885 1 0
0 54885 2 0
0 22272 3 0
0 22272 4 0
0 22272 5 0
0 22272 6 0
0 22272 7 0
0 22272 8 0
0 45437 9 0
0 45437 10 0
0 45437 11 0
0 45437 12 0
0 45437 13 0
0 45437 14 0
0 4883 15 0
0 4883 0 0
0 4883 1 0
0 4883 2 0
0 4883 3 0
0 4883 4 0
0 55635 5 0
0 55635 6 0
0 55635 7 0
0 55635 8 0
0 55635 9 0
0 55635 10 0
0 57560 11 0
0 57560 12 0
0 57560 13 0
0 57560 14 0
0 57560 15 0
0 57560 0 0
0 57785 1 0
0 57785 2 0
0 57785 3 0
0 57785 4 0
0 57785 5 0
0 57785 6 0
0 40679 7 0
0 40679 8 0
0 40679 9 0
0 40679 10 0
0 40679 11 0
0 40679 12 0
0 8627 13 0
0 8627 14 0
0 8627 15 0
0 8627 0 0
0 8627 1 0
0 8627 2 0
0 29721 3 0
0 29721 4 0
0 29721 5 0
0 29721 6 0
0 29721 7 0
0 29721 8 0
0 43437 9 0
0 43437 10 0
0 43437 11 0
0 43437 12 0
0 43437 13 0
0 43437 14 0
0 30282 15 0
0 30282 0 0
0 30282 1 0
0 30282 2 0
0 30282 3 0
0 30282 4 0
0 49379 5 0
0 49379 6 0
0 49379 7 0
0 49379 8 0
0 49379 9 0
0 49379 10 0
0 3150 11 0
0 3150 12 0
0 3150 13 0
0 3150 14 0
0 3150 15 0
0 3150 0 0
0 44414 1 0
0 44414 2 0
0 44414 3 0
0 44414 4 0
0 44414 5 0
0 44414 6 0
0 20446 7 0
0 20446 8 0
0 20446 9 0
0 20446 10 0
0 20446 11 0
0 20446 12 0
0 23992 13 0
0 23992 14 0
0 23992 15 0
0 23992 0 0
0 23992 1 0
0 23992 2 0
0 65157 3 0
0 65157 4 0
0 65157 5 0
0 65157 6 0
0 65157 7 0
0 65157 8 0
0 9060 9 0
0 9060 10 0
0 9060 11 0
0 9060 12 0
0 9060 13 0
0 9060 14 0
0 13053 15 0
0 13053 0 0
0 13053 1 0
0 13053 2 0
0 13053 3 0
0 13053 4 0
0 23222 5 0
0 23222 6 0
0 23222 7 0
0 23222 8 0
0 23222 9 0
0 23222 10 0
0 4192 11 0
0 4192 12 0
0 4192 13 0
0 4192 14 0
0 4192 15 0
0 4192 0 0
0 29993 1 0
0 29993 2 0
0 29993 3 0
0 29993 4 0
0 29993 5 0
0 29993 6 0
0 23460 7 0
0 23460 8 0
0 23460 9 0
0 23460 10 0
0 23460 11 0
0 23460 12 0
0 1299 13 0
0 1299 14 0
0 1299 15 0
0 1299 0 0
0 1299 1 0
0 1299 2 0
0 57312 3 0
0 57312 4 0
0 57312 5 0
0 57312 6 0
0 57312 7 0
0 57312 8 0
0 56558 9 0
0 56558 10 0
0 56558 11 0
0 56558 12 0
0 56558 13 0
0 56558 14 0
0 23529 15 0
0 23529 0 0
0 23529 1 0
0 23529 2 0
0 23529 3 0
0 23529 4 0
0 37937 5 0
0 37937 6 0
0 37937 7 0
0 37937 8 0
0 37937 9 0
0 37937 10 0
0 52016 11 0
0 52016 12 0
0 52016 13 0
0 52016 14 0
0 52016 15 0
0 52016 0 0
0 57725 1 0
0 57725 2 0
0 57725 3 0
0 57725 4 0
0 57725 5 0
0 57725 6 0
0 40830 7 0
0 40830 8 0
0 40830 9 0
0 40830 10 0
0 40830 11 0
0 40830 12 0
0 4962 13 0
0 4962 14 0
0 4962 15 0
0 4962 0 0
0 4962 1 0
0 4962 2 0
0 20892 3 0
0 20892 4 0
0 20892 5 0
0 20892 6 0
0 20892 7 0
0 20892 8 0
0 62761 9 0
0 62761 10 0
0 62761 11 0
0 62761 12 0
0 62761 13 0
0 62761 14 0
0 20689 15 0
0 20689 0 0
0 20689 1 0
0 20689 2 0
0 20689 3 0
0 20689 4 0
0 13973 5 0
0 13973 6 0
0 13973 7 0
0 13973 8 0
0 13973 9 0
0 13973 10 0
0 15298 11 0
0 15298 12 0
0 15298 13 0
0 15298 14 0
0 15298 15 0
0 15298 0 0
0 62075 1 0
0 62075 2 0
0 62075 3 0
0 62075 4 0
0 62075 5 0
0 62075 6 0
0 37070 7 0
0 37070 8 0
0 37070 9 0
0 37070 10 0
0 37070 11 0
0 37070 12 0
0 40011 13 0
0 40011 14 0
0 40011 15 0
0 40011 0 0
0 40011 1 0
0 40011 2 0
0 39558 3 0
0 39558 4 0
0 39558 5 0
0 39558 6 0
0 39558 7 0
0 39558 8 0
0 51273 9 0
0 51273 10 0
0 51273 11 0
0 51273 12 0
0 51273 13 0
0 51273 14 0
0 4234 15 0
0 4234 0 0
0 4234 1 0
0 4234 2 0
0 4234 3 0
0 4234 4 0
0 35022 5 0
0 35022 6 0
0 35022 7 0
0 35022 8 0
0 35022 9 0
0 35022 10 0
0 43492 11 0
0 43492 12 0
0 43492 13 0
0 43492 14 0
0 43492 15 0
0 43492 0 0
0 60464 1 0
0 60464 2 0
0 60464 3 0
0 60464 4 0
0 60464 5 0
0 60464 6 0
0 8888 7 0
0 8888 8 0
0 8888 9 0
0 8888 10 0
0 8888 11 0
0 8888 12 0
0 7844 13 0
0 7844 14 0
0 7844 15 0
0 7844 0 0
0 7844 1 0
0 7844 2 0
0 38497 3 0
0 38497 4 0
0 38497 5 0
0 38497 6 0
0 38497 7 0
0 38497 8 0
0 28803 9 0
0 28803 10 0
0 28803 11 0
0 28803 12 0
0 28803 13 0
0 28803 14 0
0 59609 15 0
0 59609 0 0
0 59609 1 0
0 59609 2 0
0 59609 3 0
0 59609 4 0
0 40548 5 0
0 40548 6 0
0 40548 7 0
0 40548 8 0
0 40548 9 0
0 40548 10 0
0 26981 11 0
0 26981 12 0
0 26981 13 0
0 26981 14 0
0 26981 15 0
0 26981 0 0
0 49494 1 0
0 49494 2 0
0 49494 3 0
0 49494 4 0
0 49494 5 0
0 49494 6 0
0 8918 7 0
0 8918 8 0
0 8918 9 0
0 8918 10 0
0 8918 11 0
0 8918 12 0
0 55567 13 0
0 55567 14 0
0 55567 15 0
0 55567 0 0
0 55567 1 0
0 55567 2 0
0 5300 3 0
0 5300 4 0
0 5300 5 0
0 5300 6 0
0 5300 7 0
0 5300 8 0
0 5591 9 0
0 5591 10 0
0 5591 11 0
0 5591 12 0
0 5591 13 0
0 5591 14 0
0 11984 15 0
0 11984 0 0
0 11984 1 0
0 11984 2 0
0 11984 3 0
0 11984 4 0
0 48345 5 0
0 48345 6 0
0 48345 7 0
0 48345 8 0
0 48345 9 0
0 48345 10 0
0 926 11 0
0 926 12 0
0 926 13 0
0 926 14 0
0 926 15 0
0 926 0 0
0 38612 1 0
0 38612 2 0
0 38612 3 0
0 38612 4 0
0 38612 5 0
0 38612 6 0
0 40479 7 0
0 40479 8 0
0 40479 9 0
0 40479 10 0
0 40479 11 0
0 40479 12 0
0 7602 13 0
0 7602 14 0
0 7602 15 0
0 7602 0 0
0 7602 1 0
0 7602 2 0
0 153 3 0
0 153 4 0
0 153 5 0
0 153 6 0
0 153 7 0
0 153 8 0
0 4337 9 0
0 4337 10 0
0 4337 11 0
0 4337 12 0
0 4337 13 0
0 4337 14 0
0 5649 15 0
0 5649 0 0
0 5649 1 0
0 5649 2 0
0 5649 3 0
0 5649 4 0
0 20425 5 0
0 20425 6 0
0 20425 7 0
0 20425 8 0
0 20425 9 0
0 20425 10 0
0 22182 11 0
0 22182 12 0
0 22182 13 0
0 22182 14 0
0 22182 15 0
0 22182 0 0
0 61568 1 0
0 61568 2 0
0 61568 3 0
0 61568 4 0
0 61568 5 0
0 61568 6 0
0 10649 7 0
0 10649 8 0
0 10649 9 0
0 10649 10 0
0 10649 11 0
0 10649 12 0
0 18252 13 0
0 18252 14 0
0 18252 15 0
0 18252 0 0
0 18252 1 0
0 18252 2 0
0 2650 3 0
0 2650 4 0
0 2650 5 0
0 2650 6 0
0 2650 7 0
0 2650 8 0
0 17688 9 0
0 17688 10 0
0 17688 11 0
0 17688 12 0
0 17688 13 0
0 17688 14 0
0 13320 15 0
0 13320 0 0
0 13320 1 0
0 13320 2 0
0 13320 3 0
0 13320 4 0
0 10070 5 0
0 10070 6 0
0 10070 7 0
0 10070 8 0
0 10070 9 0
0 10070 10 0
0 8561 11 0
0 8561 12 0
0 8561 13 0
0 8561 14 0
0 8561 15 0
0 8561 0 0
0 15179 1 0
0 15179 2 0
0 15179 3 0
0 15179 4 0
0 15179 5 0
0 15179 6 0
0 26446 7 0
0 26446 8 0
0 26446 9 0
0 26446 10 0
0 26446 11 0
0 26446 12 0
0 13121 13 0
0 13121 14 0
0 13121 15 0
0 13121 0 0
0 13121 1 0
0 13121 2 0
0 63862 3 0
0 63862 4 0
0 63862 5 0
0 63862 6 0
0 63862 7 0
0 63862 8 0
0 56732 9 0
0 56732 10 0
0 56732 11 0
0 56732 12 0
0 56732 13 0
0 56732 14 0
0 10525 15 0
0 10525 0 0
0 10525 1 0
0 10525 2 0
0 10525 3 0
0 10525 4 0
0 15090 5 0
0 15090 6 0
0 15090 7 0
0 15090 8 0
0 15090 9 0
0 15090 10 0
0 62073 11 0
0 62073 12 0
0 62073 13 0
0 62073 14 0
0 62073 15 0
0 62073 0 0
0 58416 1 0
0 58416 2 0
0 58416 3 0
0 58416 4 0
0 58416 5 0
0 58416 6 0
0 22027 7 0
0 22027 8 0
0 22027 9 0
0 22027 10 0
0 22027 11 0
0 22027 12 0
0 13352 13 0
0 13352 14 0
0 13352 15 0
0 13352 0 0
0 13352 1 0
0 13352 2 0
0 18113 3 0
0 18113 4 0
0 18113 5 0
0 18113 6 0
0 18113 7 0
0 18113 8 0
0 48825 9 0
0 48825 10 0
0 48825 11 0
0 48825 12 0
0 48825 13 0
0 48825 14 0
0 55329 15 0
0 55329 0 0
0 55329 1 0
0 55329 2 0
0 55329 3 0
0 55329 4 0
0 17039 5 0
0 17039 6 0
0 17039 7 0
0 17039 8 0
0 17039 9 0
0 17039 10 0
0 10583 11 0
0 10583 12 0
0 10583 13 0
0 10583 14 0
0 10583 15 0
0 10583 0 0
0 4599 1 0
0 4599 2 0
0 4599 3 0
0 4599 4 0
0 4599 5 0
0 4599 6 0
0 32520 7 0
0 32520 8 0
0 32520 9 0
0 32520 10 0
0 32520 11 0
0 32520 12 0
0 12354 13 0
0 12354 14 0
0 12354 15 0
0 12354 0 0
0 12354 1 0
0 12354 2 0
0 49563 3 0
0 49563 4 0
0 49563 5 0
0 49563 6 0
0 49563 7 0
0 49563 8 0
0 48727 9 0
0 48727 10 0
0 48727 11 0
0 48727 12 0
0 48727 13 0
0 48727 14 0
0 42486 15 0
0 42486 0 0
0 42486 1 0
0 42486 2 0
0 42486 3 0
0 42486 4 0
0 51431 5 0
0 51431 6 0
0 51431 7 0
0 51431 8 0
0 51431 9 0
0 51431 10 0
0 40201 11 0
0 40201 12 0
0 40201 13 0
0 40201 14 0
0 40201 15 0
0 40201 0 0
0 31742 1 0
0 31742 2 0
0 31742 3 0
0 31742 4 0
0 31742 5 0
0 31742 6 0
0 11999 7 0
0 11999 8 0
0 11999 9 0
0 11999 10 0
0 11999 11 0
0 11999 12 0
0 19986 13 0
0 19986 14 0
0 19986 15 0
0 19986 0 0
0 19986 1 0
0 19986 2 0
0 53096 3 0
0 53096 4 0
0 53096 5 0
0 53096 6 0
0 53096 7 0
0 53096 8 0
0 47756 9 0
0 47756 10 0
0 47756 11 0
0 47756 12 0
0 47756 13 0
0 47756 14 0
0 37175 15 0
0 37175 0 0
0 37175 1 0
0 37175 2 0
0 37175 3 0
0 37175 4 0
0 46255 5 0
0 46255 6 0
0 46255 7 0
0 46255 8 0
0 46255 9 0
0 46255 10 0
0 48975 11 0
0 48975 12 0
0 48975 13 0
0 48975 14 0
0 48975 15 0
0 48975 0 0
0 2747 1 0
0 2747 2 0
0 2747 3 0
0 2747 4 0
0 2747 5 0
0 2747 6 0
0 1045 7 0
0 1045 8 0
0 1045 9 0
0 1045 10 0
0 1045 11 0
0 1045 12 0
0 162 13 0
0 162 14 0
0 162 15 0
0 162 0 0
0 162 1 0
0 162 2 0
0 18759 3 0
0 18759 4 0
0 18759 5 0
0 18759 6 0
0 18759 7 0
0 18759 8 0
0 33790 9 0
0 33790 10 0
0 33790 11 0
0 33790 12 0
0 33790 13 0
0 33790 14 0
0 27458 15 0
0 27458 0 0
0 27458 1 0
0 27458 2 0
0 27458 3 0
0 27458 4 0
0 17937 5 0
0 17937 6 0
0 17937 7 0
0 17937 8 0
0 17937 9 0
0 17937 10 0
0 24407 11 0
0 24407 12 0
0 24407 13 0
0 24407 14 0
0 24407 15 0
0 24407 0 0
0 15182 1 0
0 15182 2 0
0 15182 3 0
0 15182 4 0
0 15182 5 0
0 15182 6 0
0 64166 7 0
0 64166 8 0
0 64166 9 0
0 64166 10 0
0 64166 11 0
0 64166 12 0
0 63426 13 0
0 63426 14 0
0 63426 15 0
0 63426 0 0
0 63426 1 0
0 63426 2 0
0 16488 3 0
0 16488 4 0
0 16488 5 0
0 16488 6 0
0 16488 7 0
0 16488 8 0
0 36112 9 0
0 36112 10 0
0 36112 11 0
0 36112 12 0
0 36112 13 0
0 36112 14 0
0 34176 15 0
0 34176 0 0
0 34176 1 0
0 34176 2 0
0 34176 3 0
0 34176 4 0
0 18199 5 0
0 18199 6 0
0 18199 7 0
0 18199 8 0
0 18199 9 0
0 18199 10 0
0 5351 11 0
0 5351 12 0
0 5351 13 0
0 5351 14 0
0 5351 15 0
0 5351 0 0
0 22569 1 0
0 22569 2 0
0 22569 3 0
0 22569 4 0
0 22569 5 0
0 22569 6 0
0 46045 7 0
0 46045 8 0
0 46045 9 0
0 46045 10 0
0 46045 11 0
0 46045 12 0
0 42403 13 0
0 42403 14 0
0 42403 15 0
0 42403 0 0
0 42403 1 0
0 42403 2 0
0 26228 3 0
0 26228 4 0
0 26228 5 0
0 26228 6 0
0 26228 7 0
0 26228 8 0
0 12461 9 0
0 12461 10 0
0 12461 11 0
0 12461 12 0
0 12461 13 0
0 12461 14 0
0 64879 15 0
0 64879 0 0
0 64879 1 0
0 64879 2 0
0 64879 3 0
0 64879 4 0
0 18954 5 0
0 18954 6 0
0 18954 7 0
0 18954 8 0
0 18954 9 0
0 18954 10 0
0 32940 11 0
0 32940 12 0
0 32940 13 0
0 32940 14 0
0 32940 15 0
0 32940 0 0
0 42061 1 0
0 42061 2 0
0 42061 3 0
0 42061 4 0
0 42061 5 0
0 42061 6 0
0 24840 7 0
0 24840 8 0
0 24840 9 0
0 24840 10 0
0 24840 11 0
0 24840 12 0
0 15170 13 0
0 15170 14 0
0 15170 15 0
0 15170 0 0
0 15170 1 0
0 15170 2 0
0 31845 3 0
0 31845 4 0
0 31845 5 0
0 31845 6 0
0 31845 7 0
0 31845 8 0
0 46218 9 0
0 46218 10 0
0 46218 11 0
0 46218 12 0
0 46218 13 0
0 46218 14 0
0 52349 15 0
0 52349 0 0
0 52349 1 0
0 52349 2 0
0 52349 3 0
0 52349 4 0
0 13519 5 0
0 13519 6 0
0 13519 7 0
0 13519 8 0
0 13519 9 0
0 13519 10 0
0 36023 11 0
0 36023 12 0
0 36023 13 0
0 36023 14 0
0 36023 15 0
0 36023 0 0
0 50837 1 0
0 50837 2 0
0 50837 3 0
0 50837 4 0
0 50837 5 0
0 50837 6 0
0 46781 7 0
0 46781 8 0
0 46781 9 0
0 46781 10 0
0 46781 11 0
0 46781 12 0
0 4193 13 0
0 4193 14 0
0 4193 15 0
0 4193 0 0
0 4193 1 0
0 4193 2 0
0 43517 3 0
0 43517 4 0
0 43517 5 0
0 43517 6 0
0 43517 7 0
0 43517 8 0
0 30352 9 0
0 30352 10 0
0 30352 11 0
0 30352 12 0
0 30352 13 0
0 30352 14 0
0 51652 15 0
0 51652 0 0
0 51652 1 0
0 51652 2 0
0 51652 3 0
0 51652 4 0
0 4423 5 0
0 4423 6 0
0 4423 7 0
0 4423 8 0
0 4423 9 0
0 4423 10 0
0 55198 11 0
0 55198 12 0
0 55198 13 0
0 55198 14 0
0 55198 15 0
0 55198 0 0
0 35411 1 0
0 35411 2 0
0 35411 3 0
0 35411 4 0
0 35411 5 0
0 35411 6 0
0 20872 7 0
0 20872 8 0
0 20872 9 0
0 20872 10 0
0 20872 11 0
0 20872 12 0
0 34332 13 0
0 34332 14 0
0 34332 15 0
0 34332 0 0
0 34332 1 0
0 34332 2 0
0 6117 3 0
0 6117 4 0
0 6117 5 0
0 6117 6 0
0 6117 7 0
0 6117 8 0
0 35087 9 0
0 35087 10 0
0 35087 11 0
0 35087 12 0
0 35087 13 0
0 35087 14 0
0 10428 15 0
0 10428 0 0
0 10428 1 0
0 10428 2 0
0 10428 3 0
0 10428 4 0
0 43899 5 0
0 43899 6 0
0 43899 7 0
0 43899 8 0
0 43899 9 0
0 43899 10 0
0 54592 11 0
0 54592 12 0
0 54592 13 0
0 54592 14 0
0 54592 15 0
0 54592 0 0
0 1020 1 0
0 1020 2 0
0 1020 3 0
0 1020 4 0
0 1020 5 0
0 1020 6 0
0 34952 7 0
0 34952 8 0
0 34952 9 0
0 34952 10 0
0 34952 11 0
0 34952 12 0
0 29717 13 0
0 29717 14 0
0 29717 15 0
0 29717 0 0
0 29717 1 0
0 29717 2 0
0 23490 3 0
0 23490 4 0
0 23490 5 0
0 23490 6 0
0 23490 7 0
0 23490 8 0
0 33212 9 0
0 33212 10 0
0 33212 11 0
0 33212 12 0
0 33212 13 0
0 33212 14 0
0 48404 15 0
0 48404 0 0
0 48404 1 0
0 48404 2 0
0 48404 3 0
0 48404 4 0
0 14864 5 0
0 14864 6 0
0 14864 7 0
0 14864 8 0
0 14864 9 0
0 14864 10 0
0 22407 11 0
0 22407 12 0
0 22407 13 0
0 22407 14 0
0 22407 15 0
0 22407 0 0
0 65198 1 0
0 65198 2 0
0 65198 3 0
0 65198 4 0
0 65198 5 0
0 65198 6 0
0 26115 7 0
0 26115 8 0
0 26115 9 0
0 26115 10 0
0 26115 11 0
0 26115 12 0
0 9692 13 0
0 9692 14 0
0 9692 15 0
0 9692 0 0
0 9692 1 0
0 9692 2 0
0 53478 3 0
0 53478 4 0
0 53478 5 0
0 53478 6 0
0 53478 7 0
0 53478 8 0
0 37376 9 0
0 37376 10 0
0 37376 11 0
0 37376 12 0
0 37376 13 0
0 37376 14 0
0 5587 15 0
0 5587 0 0
0 5587 1 0
0 5587 2 0
0 5587 3 0
0 5587 4 0
0 33823 5 0
0 33823 6 0
0 33823 7 0
0 33823 8 0
0 33823 9 0
0 33823 10 0
0 680 11 0
0 680 12 0
0 680 13 0
0 680 14 0
0 680 15 0
0 680 0 0
0 3937 1 0
0 3937 2 0
0 3937 3 0
0 3937 4 0
0 3937 5 0
0 3937 6 0
0 20799 7 0
0 20799 8 0
0 20799 9 0
0 20799 10 0
0 20799 11 0
0 20799 12 0
0 43174 13 0
0 43174 14 0
0 43174 15 0
0 43174 0 0
0 43174 1 0
0 43174 2 0
0 22542 3 0
0 22542 4 0
0 22542 5 0
0 22542 6 0
0 22542 7 0
0 22542 8 0
0 53023 9 0
0 53023 10 0
0 53023 11 0
0 53023 12 0
0 53023 13 0
0 53023 14 0
0 30697 15 0
0 30697 0 0
0 30697 1 0
0 30697 2 0
0 30697 3 0
0 30697 4 0
0 25942 5 0
0 25942 6 0
0 25942 7 0
0 25942 8 0
0 25942 9 0
0 25942 10 0
0 4138 11 0
0 4138 12 0
0 4138 13 0
0 4138 14 0
0 4138 15 0
0 4138 0 0
0 24834 1 0
0 24834 2 0
0 24834 3 0
0 24834 4 0
0 24834 5 0
0 24834 6 0
0 59491 7 0
0 59491 8 0
0 59491 9 0
0 59491 10 0
0 59491 11 0
0 59491 12 0
0 58935 13 0
0 58935 14 0
0 58935 15 0
0 58935 0 0
0 58935 1 0
0 58935 2 0
0 43876 3 0
0 43876 4 0
0 43876 5 0
0 43876 6 0
0 43876 7 0
0 43876 8 0
0 45435 9 0
0 45435 10 0
0 45435 11 0
0 45435 12 0
0 45435 13 0
0 45435 14 0
0 47869 15 0
0 47869 0 0
0 47869 1 0
0 47869 2 0
0 47869 3 0
0 47869 4 0
0 15339 5 0
0 15339 6 0
0 15339 7 0
0 15339 8 0
0 15339 9 0
0 15339 10 0
0 2188 11 0
0 2188 12 0
0 2188 13 0
0 2188 14 0
0 2188 15 0
0 2188 0 0
0 54891 1 0
0 54891 2 0
0 54891 3 0
0 54891 4 0
0 54891 5 0
0 54891 6 0
0 47668 7 0
0 47668 8 0
0 47668 9 0
0 47668 10 0
0 47668 11 0
0 47668 12 0
0 24385 13 0
0 24385 14 0
0 24385 15 0
0 24385 0 0
0 24385 1 0
0 24385 2 0
0 62900 3 0
0 62900 4 0
0 62900 5 0
0 62900 6 0
0 62900 7 0
0 62900 8 0
0 29890 9 0
0 29890 10 0
0 29890 11 0
0 29890 12 0
0 29890 13 0
0 29890 14 0
0 50467 15 0
0 50467 0 0
0 50467 1 0
0 50467 2 0
0 50467 3 0
0 50467 4 0
0 1938 5 0
0 1938 6 0
0 1938 7 0
0 1938 8 0
0 1938 9 0
0 1938 10 0
0 24666 11 0
0 24666 12 0
0 24666 13 0
0 24666 14 0
0 24666 15 0
0 24666 0 0
0 64793 1 0
0 64793 2 0
0 64793 3 0
0 64793 4 0
0 64793 5 0
0 64793 6 0
0 54182 7 0
0 54182 8 0
0 54182 9 0
0 54182 10 0
0 54182 11 0
0 54182 12 0
0 51420 13 0
0 51420 14 0
0 51420 15 0
0 51420 0 0
0 51420 1 0
0 51420 2 0
0 21200 3 0
0 21200 4 0
0 21200 5 0
0 21200 6 0
0 21200 7 0
0 21200 8 0
0 20165 9 0
0 20165 10 0
0 20165 11 0
0 20165 12 0
0 20165 13 0
0 20165 14 0
0 56212 15 0
0 56212 0 0
0 56212 1 0
0 56212 2 0
0 56212 3 0
0 56212 4 0
0 49974 5 0
0 49974 6 0
0 49974 7 0
0 49974 8 0
0 49974 9 0
0 49974 10 0
0 58292 11 0
0 58292 12 0
0 58292 13 0
0 58292 14 0
0 58292 15 0
0 58292 0 0
0 28137 1 0
0 28137 2 0
0 28137 3 0
0 28137 4 0
0 28137 5 0
0 28137 6 0
0 33121 7 0
0 33121 8 0
0 33121 9 0
0 33121 10 0
0 33121 11 0
0 33121 12 0
0 8279 13 0
0 8279 14 0
0 8279 15 0
0 8279 0 0
0 8279 1 0
0 8279 2 0
0 20745 3 0
0 20745 4 0
0 20745 5 0
0 20745 6 0
0 20745 7 0
0 20745 8 0
0 290 9 0
0 290 10 0
0 290 11 0
0 290 12 0
0 290 13 0
0 290 14 0
0 39427 15 0
0 39427 0 0
0 39427 1 0
0 39427 2 0
0 39427 3 0
0 39427 4 0
0 24193 5 0
0 24193 6 0
0 24193 7 0
0 24193 8 0
0 24193 9 0
0 24193 10 0
0 12942 11 0
0 12942 12 0
0 12942 13 0
0 12942 14 0
0 12942 15 0
0 12942 0 0
0 20214 1 0
0 20214 2 0
0 20214 3 0
0 20214 4 0
0 20214 5 0
0 20214 6 0
0 32806 7 0
0 32806 8 0
0 32806 9 0
0 32806 10 0
0 32806 11 0
0 32806 12 0
0 23117 13 0
0 23117 14 0
0 23117 15 0
0 23117 0 0
0 23117 1 0
0 23117 2 0
0 52157 3 0
0 52157 4 0
0 52157 5 0
0 52157 6 0
0 52157 7 0
0 52157 8 0
0 33634 9 0
0 33634 10 0
0 33634 11 0
0 33634 12 0
0 33634 13 0
0 33634 14 0
0 55204 15 0
0 55204 0 0
0 55204 1 0
0 55204 2 0
0 55204 3 0
0 55204 4 0
0 41999 5 0
0 41999 6 0
0 41999 7 0
0 41999 8 0
0 41999 9 0
0 41999 10 0
0 55619 11 0
0 55619 12 0
0 55619 13 0
0 55619 14 0
0 55619 15 0
0 55619 0 0
0 64289 1 0
0 64289 2 0
0 64289 3 0
0 64289 4 0
0 64289 5 0
0 64289 6 0
0 60830 7 0
0 60830 8 0
0 60830 9 0
0 60830 10 0
0 60830 11 0
0 60830 12 0
0 15724 13 0
0 15724 14 0
0 15724 15 0
0 15724 0 0
0 15724 1 0
0 15724 2 0
0 32873 3 0
0 32873 4 0
0 32873 5 0
0 32873 6 0
0 32873 7 0
0 32873 8 0
0 41303 9 0
0 41303 10 0
0 41303 11 0
0 41303 12 0
0 41303 13 0
0 41303 14 0
0 33686 15 0
0 33686 0 0
0 33686 1 0
0 33686 2 0
0 33686 3 0
0 33686 4 0
0 33089 5 0
0 33089 6 0
0 33089 7 0
0 33089 8 0
0 33089 9 0
0 33089 10 0
0 37342 11 0
0 37342 12 0
0 37342 13 0
0 37342 14 0
0 37342 15 0
0 37342 0 0
0 49206 1 0
0 49206 2 0
0 49206 3 0
0 49206 4 0
0 49206 5 0
0 49206 6 0
0 3055 7 0
0 3055 8 0
0 3055 9 0
0 3055 10 0
0 3055 11 0
0 3055 12 0
0 65528 13 0
0 65528 14 0
0 65528 15 0
0 65528 0 0
0 65528 1 0
0 65528 2 0
0 26607 3 0
0 26607 4 0
0 26607 5 0
0 26607 6 0
0 26607 7 0
0 26607 8 0
0 55296 9 0
0 55296 10 0
0 55296 11 0
0 55296 12 0
0 55296 13 0
0 55296 14 0
0 35684 15 0
0 35684 0 0
0 35684 1 0
0 35684 2 0
0 35684 3 0
0 35684 4 0
0 53303 5 0
0 53303 6 0
0 53303 7 0
0 53303 8 0
0 53303 9 0
0 53303 10 0
0 4751 11 0
0 4751 12 0
0 4751 13 0
0 4751 14 0
0 4751 15 0
0 4751 0 0
0 2825 1 0
0 2825 2 0
0 2825 3 0
0 2825 4 0
0 2825 5 0
0 2825 6 0
0 54328 7 0
0 54328 8 0
0 54328 9 0
0 54328 10 0
0 54328 11 0
0 54328 12 0
0 11225 13 0
0 11225 14 0
0 11225 15 0
0 11225 0 0
0 11225 1 0
0 11225 2 0
0 36471 3 0
0 36471 4 0
0 36471 5 0
0 36471 6 0
0 36471 7 0
0 36471 8 0
0 3335 9 0
0 3335 10 0
0 3335 11 0
0 3335 12 0
0 3335 13 0
0 3335 14 0
0 3842 15 0
0 3842 0 0
0 3842 1 0
0 3842 2 0
0 3842 3 0
0 3842 4 0
0 64594 5 0
0 64594 6 0
0 64594 7 0
0 64594 8 0
0 64594 9 0
0 64594 10 0
0 51120 11 0
0 51120 12 0
0 51120 13 0
0 51120 14 0
0 51120 15 0
0 51120 0 0
0 45833 1 0
0 45833 2 0
0 45833 3 0
0 45833 4 0
0 45833 5 0
0 45833 6 0
0 61833 7 0
0 61833 8 0
0 61833 9 0
0 61833 10 0
0 61833 11 0
0 61833 12 0
0 58314 13 0
0 58314 14 0
0 58314 15 0
0 58314 0 0
0 58314 1 0
0 58314 2 0
0 62246 3 0
0 62246 4 0
0 62246 5 0
0 62246 6 0
0 62246 7 0
0 62246 8 0
0 24250 9 0
0 24250 10 0
0 24250 11 0
0 24250 12 0
0 24250 13 0
0 24250 14 0
0 3275 15 0
0 3275 0 0
0 3275 1 0
0 3275 2 0
0 3275 3 0
0 3275 4 0
0 46628 5 0
0 46628 6 0
0 46628 7 0
0 46628 8 0
0 46628 9 0
0 46628 10 0
0 27557 11 0
0 27557 12 0
0 27557 13 0
0 27557 14 0
0 27557 15 0
0 27557 0 0
0 40352 1 0
0 40352 2 0
0 40352 3 0
0 40352 4 0
0 40352 5 0
0 40352 6 0
0 56417 7 0
0 56417 8 0
0 56417 9 0
0 56417 10 0
0 56417 11 0
0 56417 12 0
0 8740 13 0
0 8740 14 0
0 8740 15 0
0 8740 0 0
0 8740 1 0
0 8740 2 0
0 28731 3 0
0 28731 4 0
0 28731 5 0
0 28731 6 0
0 28731 7 0
0 28731 8 0
0 12765 9 0
0 12765 10 0
0 12765 11 0
0 12765 12 0
0 12765 13 0
0 12765 14 0
0 21667 15 0
0 21667 0 0
0 21667 1 0
0 21667 2 0
0 21667 3 0
0 21667 4 0
0 59396 5 0
0 59396 6 0
0 59396 7 0
0 59396 8 0
0 59396 9 0
0 59396 10 0
0 16870 11 0
0 16870 12 0
0 16870 13 0
0 16870 14 0
0 16870 15 0
0 16870 0 0
0 65156 1 0
0 65156 2 0
0 65156 3 0
0 65156 4 0
0 65156 5 0
0 65156 6 0
0 41372 7 0
0 41372 8 0
0 41372 9 0
0 41372 10 0
0 41372 11 0
0 41372 12 0
0 57701 13 0
0 57701 14 0
0 57701 15 0
