0 0 0 0
0 0 1 0
0 0 2 0
0 0 3 0
0 0 4 0
0 33681 5 0
0 33681 6 0
0 33681 7 0
0 33681 8 0
0 33681 9 0
0 33681 10 0
0 26480 11 0
0 26480 12 0
0 26480 13 0
0 26480 14 0
0 26480 15 0
0 26480 0 0
0 13716 1 0
0 13716 2 0
0 13716 3 0
0 13716 4 0
0 13716 5 0
0 13716 6 0
0 6914 7 0
0 6914 8 0
0 6914 9 0
0 6914 10 0
0 6914 11 0
0 6914 12 0
0 55106 13 0
0 55106 14 0
0 55106 15 0
0 55106 0 0
0 55106 1 0
0 55106 2 0
0 45946 3 0
0 45946 4 0
0 45946 5 0
0 45946 6 0
0 45946 7 0
0 45946 8 0
0 55188 9 0
0 55188 10 0
0 55188 11 0
0 55188 12 0
0 55188 13 0
0 55188 14 0
0 22774 15 0
0 22774 0 0
0 22774 1 0
0 22774 2 0
0 22774 3 0
0 22774 4 0
0 21699 5 0
0 21699 6 0
0 21699 7 0
0 21699 8 0
0 21699 9 0
0 21699 10 0
0 35336 11 0
0 35336 12 0
0 35336 13 0
0 35336 14 0
0 35336 15 0
0 35336 0 0
0 2945 1 0
0 2945 2 0
0 2945 3 0
0 2945 4 0
0 2945 5 0
0 2945 6 0
0 31846 7 0
0 31846 8 0
0 31846 9 0
0 31846 10 0
0 31846 11 0
0 31846 12 0
0 62443 13 0
0 62443 14 0
0 62443 15 0
0 62443 0 0
0 62443 1 0
0 62443 2 0
0 1415 3 0
0 1415 4 0
0 1415 5 0
0 1415 6 0
0 1415 7 0
0 1415 8 0
0 53113 9 0
0 53113 10 0
0 53113 11 0
0 53113 12 0
0 53113 13 0
0 53113 14 0
0 11474 15 0
0 11474 0 0
0 11474 1 0
0 11474 2 0
0 11474 3 0
0 11474 4 0
0 30928 5 0
0 30928 6 0
0 30928 7 0
0 30928 8 0
0 30928 9 0
0 30928 10 0
0 28812 11 0
0 28812 12 0
0 28812 13 0
0 28812 14 0
0 28812 15 0
0 28812 0 0
0 50882 1 0
0 50882 2 0
0 50882 3 0
0 50882 4 0
0 50882 5 0
0 50882 6 0
0 60672 7 0
0 60672 8 0
0 60672 9 0
0 60672 10 0
0 60672 11 0
0 60672 12 0
0 32288 13 0
0 32288 14 0
0 32288 15 0
0 32288 0 0
0 32288 1 0
0 32288 2 0
0 22157 3 0
0 22157 4 0
0 22157 5 0
0 22157 6 0
0 22157 7 0
0 22157 8 0
0 46742 9 0
0 46742 10 0
0 46742 11 0
0 46742 12 0
0 46742 13 0
0 46742 14 0
0 20199 15 0
0 20199 0 0
0 20199 1 0
0 20199 2 0
0 20199 3 0
0 20199 4 0
0 18550 5 0
0 18550 6 0
0 18550 7 0
0 18550 8 0
0 18550 9 0
0 18550 10 0
0 43676 11 0
0 43676 12 0
0 43676 13 0
0 43676 14 0
0 43676 15 0
0 43676 0 0
0 22492 1 0
0 22492 2 0
0 22492 3 0
0 22492 4 0
0 22492 5 0
0 22492 6 0
0 50406 7 0
0 50406 8 0
0 50406 9 0
0 50406 10 0
0 50406 11 0
0 50406 12 0
0 45140 13 0
0 45140 14 0
0 45140 15 0
0 45140 0 0
0 45140 1 0
0 45140 2 0
0 45740 3 0
0 45740 4 0
0 45740 5 0
0 45740 6 0
0 45740 7 0
0 45740 8 0
0 41050 9 0
0 41050 10 0
0 41050 11 0
0 41050 12 0
0 41050 13 0
0 41050 14 0
0 51908 15 0
0 51908 0 0
0 51908 1 0
0 51908 2 0
0 51908 3 0
0 51908 4 0
0 20671 5 0
0 20671 6 0
0 20671 7 0
0 20671 8 0
0 20671 9 0
0 20671 10 0
0 57679 11 0
0 57679 12 0
0 57679 13 0
0 57679 14 0
0 57679 15 0
0 57679 0 0
0 51051 1 0
0 51051 2 0
0 51051 3 0
0 51051 4 0
0 51051 5 0
0 51051 6 0
0 16648 7 0
0 16648 8 0
0 16648 9 0
0 16648 10 0
0 16648 11 0
0 16648 12 0
0 59916 13 0
0 59916 14 0
0 59916 15 0
0 59916 0 0
0 59916 1 0
0 59916 2 0
0 44122 3 0
0 44122 4 0
0 44122 5 0
0 44122 6 0
0 44122 7 0
0 44122 8 0
0 24357 9 0
0 24357 10 0
0 24357 11 0
0 24357 12 0
0 24357 13 0
0 24357 14 0
0 6155 15 0
0 6155 0 0
0 6155 1 0
0 6155 2 0
0 6155 3 0
0 6155 4 0
0 4995 5 0
0 4995 6 0
0 4995 7 0
0 4995 8 0
0 4995 9 0
0 4995 10 0
0 58737 11 0
0 58737 12 0
0 58737 13 0
0 58737 14 0
0 58737 15 0
0 58737 0 0
0 34178 1 0
0 34178 2 0
0 34178 3 0
0 34178 4 0
0 34178 5 0
0 34178 6 0
0 30839 7 0
0 30839 8 0
0 30839 9 0
0 30839 10 0
0 30839 11 0
0 30839 12 0
0 16144 13 0
0 16144 14 0
0 16144 15 0
0 16144 0 0
0 16144 1 0
0 16144 2 0
0 1326 3 0
0 1326 4 0
0 1326 5 0
0 1326 6 0
0 1326 7 0
0 1326 8 0
0 62231 9 0
0 62231 10 0
0 62231 11 0
0 62231 12 0
0 62231 13 0
0 62231 14 0
0 65001 15 0
0 65001 0 0
0 65001 1 0
0 65001 2 0
0 65001 3 0
0 65001 4 0
0 29898 5 0
0 29898 6 0
0 29898 7 0
0 29898 8 0
0 29898 9 0
0 29898 10 0
0 31438 11 0
0 31438 12 0
0 31438 13 0
0 31438 14 0
0 31438 15 0
0 31438 0 0
0 17129 1 0
0 17129 2 0
0 17129 3 0
0 17129 4 0
0 17129 5 0
0 17129 6 0
0 25061 7 0
0 25061 8 0
0 25061 9 0
0 25061 10 0
0 25061 11 0
0 25061 12 0
0 37238 13 0
0 37238 14 0
0 37238 15 0
0 37238 0 0
0 37238 1 0
0 37238 2 0
0 6508 3 0
0 6508 4 0
0 6508 5 0
0 6508 6 0
0 6508 7 0
0 6508 8 0
0 50911 9 0
0 50911 10 0
0 50911 11 0
0 50911 12 0
0 50911 13 0
0 50911 14 0
0 6581 15 0
0 6581 0 0
0 6581 1 0
0 6581 2 0
0 6581 3 0
0 6581 4 0
0 59691 5 0
0 59691 6 0
0 59691 7 0
0 59691 8 0
0 59691 9 0
0 59691 10 0
0 53840 11 0
0 53840 12 0
0 53840 13 0
0 53840 14 0
0 53840 15 0
0 53840 0 0
0 30877 1 0
0 30877 2 0
0 30877 3 0
0 30877 4 0
0 30877 5 0
0 30877 6 0
0 11431 7 0
0 11431 8 0
0 11431 9 0
0 11431 10 0
0 11431 11 0
0 11431 12 0
0 45350 13 0
0 45350 14 0
0 45350 15 0
0 45350 0 0
0 45350 1 0
0 45350 2 0
0 41966 3 0
0 41966 4 0
0 41966 5 0
0 41966 6 0
0 41966 7 0
0 41966 8 0
0 32661 9 0
0 32661 10 0
0 32661 11 0
0 32661 12 0
0 32661 13 0
0 32661 14 0
0 25167 15 0
0 25167 0 0
0 25167 1 0
0 25167 2 0
0 25167 3 0
0 25167 4 0
0 60136 5 0
0 60136 6 0
0 60136 7 0
0 60136 8 0
0 60136 9 0
0 60136 10 0
0 10950 11 0
0 10950 12 0
0 10950 13 0
0 10950 14 0
0 10950 15 0
0 10950 0 0
0 13818 1 0
0 13818 2 0
0 13818 3 0
0 13818 4 0
0 13818 5 0
0 13818 6 0
0 7180 7 0
0 7180 8 0
0 7180 9 0
0 7180 10 0
0 7180 11 0
0 7180 12 0
0 21986 13 0
0 21986 14 0
0 21986 15 0
0 21986 0 0
0 21986 1 0
0 21986 2 0
0 41968 3 0
0 41968 4 0
0 41968 5 0
0 41968 6 0
0 41968 7 0
0 41968 8 0
0 63261 9 0
0 63261 10 0
0 63261 11 0
0 63261 12 0
0 63261 13 0
0 63261 14 0
0 56332 15 0
0 56332 0 0
0 56332 1 0
0 56332 2 0
0 56332 3 0
0 56332 4 0
0 60554 5 0
0 60554 6 0
0 60554 7 0
0 60554 8 0
0 60554 9 0
0 60554 10 0
0 18632 11 0
0 18632 12 0
0 18632 13 0
0 18632 14 0
0 18632 15 0
0 18632 0 0
0 9092 1 0
0 9092 2 0
0 9092 3 0
0 9092 4 0
0 9092 5 0
0 9092 6 0
0 39400 7 0
0 39400 8 0
0 39400 9 0
0 39400 10 0
0 39400 11 0
0 39400 12 0
0 36303 13 0
0 36303 14 0
0 36303 15 0
0 36303 0 0
0 36303 1 0
0 36303 2 0
0 57676 3 0
0 57676 4 0
0 57676 5 0
0 57676 6 0
0 57676 7 0
0 57676 8 0
0 19774 9 0
0 19774 10 0
0 19774 11 0
0 19774 12 0
0 19774 13 0
0 19774 14 0
0 17828 15 0
0 17828 0 0
0 17828 1 0
0 17828 2 0
0 17828 3 0
0 17828 4 0
0 44498 5 0
0 44498 6 0
0 44498 7 0
0 44498 8 0
0 44498 9 0
0 44498 10 0
0 37409 11 0
0 37409 12 0
0 37409 13 0
0 37409 14 0
0 37409 15 0
0 37409 0 0
0 50879 1 0
0 50879 2 0
0 50879 3 0
0 50879 4 0
0 50879 5 0
0 50879 6 0
0 62588 7 0
0 62588 8 0
0 62588 9 0
0 62588 10 0
0 62588 11 0
0 62588 12 0
0 41536 13 0
0 41536 14 0
0 41536 15 0
0 41536 0 0
0 41536 1 0
0 41536 2 0
0 58714 3 0
0 58714 4 0
0 58714 5 0
0 58714 6 0
0 58714 7 0
0 58714 8 0
0 58944 9 0
0 58944 10 0
0 58944 11 0
0 58944 12 0
0 58944 13 0
0 58944 14 0
0 22673 15 0
0 22673 0 0
0 22673 1 0
0 22673 2 0
0 22673 3 0
0 22673 4 0
0 58472 5 0
0 58472 6 0
0 58472 7 0
0 58472 8 0
0 58472 9 0
0 58472 10 0
0 54653 11 0
0 54653 12 0
0 54653 13 0
0 54653 14 0
0 54653 15 0
0 54653 0 0
0 14195 1 0
0 14195 2 0
0 14195 3 0
0 14195 4 0
0 14195 5 0
0 14195 6 0
0 53391 7 0
0 53391 8 0
0 53391 9 0
0 53391 10 0
0 53391 11 0
0 53391 12 0
0 18221 13 0
0 18221 14 0
0 18221 15 0
0 18221 0 0
0 18221 1 0
0 18221 2 0
0 2880 3 0
0 2880 4 0
0 2880 5 0
0 2880 6 0
0 2880 7 0
0 2880 8 0
0 25752 9 0
0 25752 10 0
0 25752 11 0
0 25752 12 0
0 25752 13 0
0 25752 14 0
0 26866 15 0
0 26866 0 0
0 26866 1 0
0 26866 2 0
0 26866 3 0
0 26866 4 0
0 18658 5 0
0 18658 6 0
0 18658 7 0
0 18658 8 0
0 18658 9 0
0 18658 10 0
0 32347 11 0
0 32347 12 0
0 32347 13 0
0 32347 14 0
0 32347 15 0
0 32347 0 0
0 60180 1 0
0 60180 2 0
0 60180 3 0
0 60180 4 0
0 60180 5 0
0 60180 6 0
0 48734 7 0
0 48734 8 0
0 48734 9 0
0 48734 10 0
0 48734 11 0
0 48734 12 0
0 24125 13 0
0 24125 14 0
0 24125 15 0
0 24125 0 0
0 24125 1 0
0 24125 2 0
0 29865 3 0
0 29865 4 0
0 29865 5 0
0 29865 6 0
0 29865 7 0
0 29865 8 0
0 53578 9 0
0 53578 10 0
0 53578 11 0
0 53578 12 0
0 53578 13 0
0 53578 14 0
0 50337 15 0
0 50337 0 0
0 50337 1 0
0 50337 2 0
0 50337 3 0
0 50337 4 0
0 42323 5 0
0 42323 6 0
0 42323 7 0
0 42323 8 0
0 42323 9 0
0 42323 10 0
0 24681 11 0
0 24681 12 0
0 24681 13 0
0 24681 14 0
0 24681 15 0
0 24681 0 0
0 53433 1 0
0 53433 2 0
0 53433 3 0
0 53433 4 0
0 53433 5 0
0 53433 6 0
0 12468 7 0
0 12468 8 0
0 12468 9 0
0 12468 10 0
0 12468 11 0
0 12468 12 0
0 25329 13 0
0 25329 14 0
0 25329 15 0
0 25329 0 0
0 25329 1 0
0 25329 2 0
0 48225 3 0
0 48225 4 0
0 48225 5 0
0 48225 6 0
0 48225 7 0
0 48225 8 0
0 33146 9 0
0 33146 10 0
0 33146 11 0
0 33146 12 0
0 33146 13 0
0 33146 14 0
0 50280 15 0
0 50280 0 0
0 50280 1 0
0 50280 2 0
0 50280 3 0
0 50280 4 0
0 475 5 0
0 475 6 0
0 475 7 0
0 475 8 0
0 475 9 0
0 475 10 0
0 26810 11 0
0 26810 12 0
0 26810 13 0
0 26810 14 0
0 26810 15 0
0 26810 0 0
0 6292 1 0
0 6292 2 0
0 6292 3 0
0 6292 4 0
0 6292 5 0
0 6292 6 0
0 62374 7 0
0 62374 8 0
0 62374 9 0
0 62374 10 0
0 62374 11 0
0 62374 12 0
0 44262 13 0
0 44262 14 0
0 44262 15 0
0 44262 0 0
0 44262 1 0
0 44262 2 0
0 40384 3 0
0 40384 4 0
0 40384 5 0
0 40384 6 0
0 40384 7 0
0 40384 8 0
0 45476 9 0
0 45476 10 0
0 45476 11 0
0 45476 12 0
0 45476 13 0
0 45476 14 0
0 19746 15 0
0 19746 0 0
0 19746 1 0
0 19746 2 0
0 19746 3 0
0 19746 4 0
0 56668 5 0
0 56668 6 0
0 56668 7 0
0 56668 8 0
0 56668 9 0
0 56668 10 0
0 35680 11 0
0 35680 12 0
0 35680 13 0
0 35680 14 0
0 35680 15 0
0 35680 0 0
0 53817 1 0
0 53817 2 0
0 53817 3 0
0 53817 4 0
0 53817 5 0
0 53817 6 0
0 21543 7 0
0 21543 8 0
0 21543 9 0
0 21543 10 0
0 21543 11 0
0 21543 12 0
0 23921 13 0
0 23921 14 0
0 23921 15 0
0 23921 0 0
0 23921 1 0
0 23921 2 0
0 53622 3 0
0 53622 4 0
0 53622 5 0
0 53622 6 0
0 53622 7 0
0 53622 8 0
0 7249 9 0
0 7249 10 0
0 7249 11 0
0 7249 12 0
0 7249 13 0
0 7249 14 0
0 61052 15 0
0 61052 0 0
0 61052 1 0
0 61052 2 0
0 61052 3 0
0 61052 4 0
0 29961 5 0
0 29961 6 0
0 29961 7 0
0 29961 8 0
0 29961 9 0
0 29961 10 0
0 40666 11 0
0 40666 12 0
0 40666 13 0
0 40666 14 0
0 40666 15 0
0 40666 0 0
0 39176 1 0
0 39176 2 0
0 39176 3 0
0 39176 4 0
0 39176 5 0
0 39176 6 0
0 16937 7 0
0 16937 8 0
0 16937 9 0
0 16937 10 0
0 16937 11 0
0 16937 12 0
0 26895 13 0
0 26895 14 0
0 26895 15 0
0 26895 0 0
0 26895 1 0
0 26895 2 0
0 14356 3 0
0 14356 4 0
0 14356 5 0
0 14356 6 0
0 14356 7 0
0 14356 8 0
0 52248 9 0
0 52248 10 0
0 52248 11 0
0 52248 12 0
0 52248 13 0
0 52248 14 0
0 26318 15 0
0 26318 0 0
0 26318 1 0
0 26318 2 0
0 26318 3 0
0 26318 4 0
0 9297 5 0
0 9297 6 0
0 9297 7 0
0 9297 8 0
0 9297 9 0
0 9297 10 0
0 55555 11 0
0 55555 12 0
0 55555 13 0
0 55555 14 0
0 55555 15 0
0 55555 0 0
0 36753 1 0
0 36753 2 0
0 36753 3 0
0 36753 4 0
0 36753 5 0
0 36753 6 0
0 28832 7 0
0 28832 8 0
0 28832 9 0
0 28832 10 0
0 28832 11 0
0 28832 12 0
0 39122 13 0
0 39122 14 0
0 39122 15 0
0 39122 0 0
0 39122 1 0
0 39122 2 0
0 50072 3 0
0 50072 4 0
0 50072 5 0
0 50072 6 0
0 50072 7 0
0 50072 8 0
0 24092 9 0
0 24092 10 0
0 24092 11 0
0 24092 12 0
0 24092 13 0
0 24092 14 0
0 2170 15 0
0 2170 0 0
0 2170 1 0
0 2170 2 0
0 2170 3 0
0 2170 4 0
0 61671 5 0
0 61671 6 0
0 61671 7 0
0 61671 8 0
0 61671 9 0
0 61671 10 0
0 55344 11 0
0 55344 12 0
0 55344 13 0
0 55344 14 0
0 55344 15 0
0 55344 0 0
0 11688 1 0
0 11688 2 0
0 11688 3 0
0 11688 4 0
0 11688 5 0
0 11688 6 0
0 59044 7 0
0 59044 8 0
0 59044 9 0
0 59044 10 0
0 59044 11 0
0 59044 12 0
0 21109 13 0
0 21109 14 0
0 21109 15 0
0 21109 0 0
0 21109 1 0
0 21109 2 0
0 18516 3 0
0 18516 4 0
0 18516 5 0
0 18516 6 0
0 18516 7 0
0 18516 8 0
0 57228 9 0
0 57228 10 0
0 57228 11 0
0 57228 12 0
0 57228 13 0
0 57228 14 0
0 53357 15 0
0 53357 0 0
0 53357 1 0
0 53357 2 0
0 53357 3 0
0 53357 4 0
0 877 5 0
0 877 6 0
0 877 7 0
0 877 8 0
0 877 9 0
0 877 10 0
0 1192 11 0
0 1192 12 0
0 1192 13 0
0 1192 14 0
0 1192 15 0
0 1192 0 0
0 37614 1 0
0 37614 2 0
0 37614 3 0
0 37614 4 0
0 37614 5 0
0 37614 6 0
0 43976 7 0
0 43976 8 0
0 43976 9 0
0 43976 10 0
0 43976 11 0
0 43976 12 0
0 41358 13 0
0 41358 14 0
0 41358 15 0
0 41358 0 0
0 41358 1 0
0 41358 2 0
0 41351 3 0
0 41351 4 0
0 41351 5 0
0 41351 6 0
0 41351 7 0
0 41351 8 0
0 12075 9 0
0 12075 10 0
0 12075 11 0
0 12075 12 0
0 12075 13 0
0 12075 14 0
0 32251 15 0
0 32251 0 0
0 32251 1 0
0 32251 2 0
0 32251 3 0
0 32251 4 0
0 34011 5 0
0 34011 6 0
0 34011 7 0
0 34011 8 0
0 34011 9 0
0 34011 10 0
0 45776 11 0
0 45776 12 0
0 45776 13 0
0 45776 14 0
0 45776 15 0
0 45776 0 0
0 33429 1 0
0 33429 2 0
0 33429 3 0
0 33429 4 0
0 33429 5 0
0 33429 6 0
0 20873 7 0
0 20873 8 0
0 20873 9 0
0 20873 10 0
0 20873 11 0
0 20873 12 0
0 22138 13 0
0 22138 14 0
0 22138 15 0
0 22138 0 0
0 22138 1 0
0 22138 2 0
0 29849 3 0
0 29849 4 0
0 29849 5 0
0 29849 6 0
0 29849 7 0
0 29849 8 0
0 18997 9 0
0 18997 10 0
0 18997 11 0
0 18997 12 0
0 18997 13 0
0 18997 14 0
0 38109 15 0
0 38109 0 0
0 38109 1 0
0 38109 2 0
0 38109 3 0
0 38109 4 0
0 65533 5 0
0 65533 6 0
0 65533 7 0
0 65533 8 0
0 65533 9 0
0 65533 10 0
0 53806 11 0
0 53806 12 0
0 53806 13 0
0 53806 14 0
0 53806 15 0
0 53806 0 0
0 58608 1 0
0 58608 2 0
0 58608 3 0
0 58608 4 0
0 58608 5 0
0 58608 6 0
0 19989 7 0
0 19989 8 0
0 19989 9 0
0 19989 10 0
0 19989 11 0
0 19989 12 0
0 6683 13 0
0 6683 14 0
0 6683 15 0
0 6683 0 0
0 6683 1 0
0 6683 2 0
0 48463 3 0
0 48463 4 0
0 48463 5 0
0 48463 6 0
0 48463 7 0
0 48463 8 0
0 6334 9 0
0 6334 10 0
0 6334 11 0
0 6334 12 0
0 6334 13 0
0 6334 14 0
0 43852 15 0
0 43852 0 0
0 43852 1 0
0 43852 2 0
0 43852 3 0
0 43852 4 0
0 13150 5 0
0 13150 6 0
0 13150 7 0
0 13150 8 0
0 13150 9 0
0 13150 10 0
0 26807 11 0
0 26807 12 0
0 26807 13 0
0 26807 14 0
0 26807 15 0
0 26807 0 0
0 3807 1 0
0 3807 2 0
0 3807 3 0
0 3807 4 0
0 3807 5 0
0 3807 6 0
0 20439 7 0
0 20439 8 0
0 20439 9 0
0 20439 10 0
0 20439 11 0
0 20439 12 0
0 39218 13 0
0 39218 14 0
0 39218 15 0
0 39218 0 0
0 39218 1 0
0 39218 2 0
0 7615 3 0
0 7615 4 0
0 7615 5 0
0 7615 6 0
0 7615 7 0
0 7615 8 0
0 32405 9 0
0 32405 10 0
0 32405 11 0
0 32405 12 0
0 32405 13 0
0 32405 14 0
0 715 15 0
0 715 0 0
0 715 1 0
0 715 2 0
0 715 3 0
0 715 4 0
0 16260 5 0
0 16260 6 0
0 16260 7 0
0 16260 8 0
0 16260 9 0
0 16260 10 0
0 8087 11 0
0 8087 12 0
0 8087 13 0
0 8087 14 0
0 8087 15 0
0 8087 0 0
0 20610 1 0
0 20610 2 0
0 20610 3 0
0 20610 4 0
0 20610 5 0
0 20610 6 0
0 1306 7 0
0 1306 8 0
0 1306 9 0
0 1306 10 0
0 1306 11 0
0 1306 12 0
0 63719 13 0
0 63719 14 0
0 63719 15 0
0 63719 0 0
0 63719 1 0
0 63719 2 0
0 22882 3 0
0 22882 4 0
0 22882 5 0
0 22882 6 0
0 22882 7 0
0 22882 8 0
0 18282 9 0
0 18282 10 0
0 18282 11 0
0 18282 12 0
0 18282 13 0
0 18282 14 0
0 38787 15 0
0 38787 0 0
0 38787 1 0
0 38787 2 0
0 38787 3 0
0 38787 4 0
0 38962 5 0
0 38962 6 0
0 38962 7 0
0 38962 8 0
0 38962 9 0
0 38962 10 0
0 24764 11 0
0 24764 12 0
0 24764 13 0
0 24764 14 0
0 24764 15 0
0 24764 0 0
0 45517 1 0
0 45517 2 0
0 45517 3 0
0 45517 4 0
0 45517 5 0
0 45517 6 0
0 12297 7 0
0 12297 8 0
0 12297 9 0
0 12297 10 0
0 12297 11 0
0 12297 12 0
0 45553 13 0
0 45553 14 0
0 45553 15 0
0 45553 0 0
0 45553 1 0
0 45553 2 0
0 5279 3 0
0 5279 4 0
0 5279 5 0
0 5279 6 0
0 5279 7 0
0 5279 8 0
0 44213 9 0
0 44213 10 0
0 44213 11 0
0 44213 12 0
0 44213 13 0
0 44213 14 0
0 11511 15 0
0 11511 0 0
0 11511 1 0
0 11511 2 0
0 11511 3 0
0 11511 4 0
0 2729 5 0
0 2729 6 0
0 2729 7 0
0 2729 8 0
0 2729 9 0
0 2729 10 0
0 43107 11 0
0 43107 12 0
0 43107 13 0
0 43107 14 0
0 43107 15 0
0 43107 0 0
0 38766 1 0
0 38766 2 0
0 38766 3 0
0 38766 4 0
0 38766 5 0
0 38766 6 0
0 33545 7 0
0 33545 8 0
0 33545 9 0
0 33545 10 0
0 33545 11 0
0 33545 12 0
0 62819 13 0
0 62819 14 0
0 62819 15 0
0 62819 0 0
0 62819 1 0
0 62819 2 0
0 23265 3 0
0 23265 4 0
0 23265 5 0
0 23265 6 0
0 23265 7 0
0 23265 8 0
0 23770 9 0
0 23770 10 0
0 23770 11 0
0 23770 12 0
0 23770 13 0
0 23770 14 0
0 34692 15 0
0 34692 0 0
0 34692 1 0
0 34692 2 0
0 34692 3 0
0 34692 4 0
0 58712 5 0
0 58712 6 0
0 58712 7 0
0 58712 8 0
0 58712 9 0
0 58712 10 0
0 13824 11 0
0 13824 12 0
0 13824 13 0
0 13824 14 0
0 13824 15 0
0 13824 0 0
0 9740 1 0
0 9740 2 0
0 9740 3 0
0 9740 4 0
0 9740 5 0
0 9740 6 0
0 60614 7 0
0 60614 8 0
0 60614 9 0
0 60614 10 0
0 60614 11 0
0 60614 12 0
0 46101 13 0
0 46101 14 0
0 46101 15 0
0 46101 0 0
0 46101 1 0
0 46101 2 0
0 37976 3 0
0 37976 4 0
0 37976 5 0
0 37976 6 0
0 37976 7 0
0 37976 8 0
0 17953 9 0
0 17953 10 0
0 17953 11 0
0 17953 12 0
0 17953 13 0
0 17953 14 0
0 39567 15 0
0 39567 0 0
0 39567 1 0
0 39567 2 0
0 39567 3 0
0 39567 4 0
0 44416 5 0
0 44416 6 0
0 44416 7 0
0 44416 8 0
0 44416 9 0
0 44416 10 0
0 11155 11 0
0 11155 12 0
0 11155 13 0
0 11155 14 0
0 11155 15 0
0 11155 0 0
0 39455 1 0
0 39455 2 0
0 39455 3 0
0 39455 4 0
0 39455 5 0
0 39455 6 0
0 47097 7 0
0 47097 8 0
0 47097 9 0
0 47097 10 0
0 47097 11 0
0 47097 12 0
0 44145 13 0
0 44145 14 0
0 44145 15 0
0 44145 0 0
0 44145 1 0
0 44145 2 0
0 50361 3 0
0 50361 4 0
0 50361 5 0
0 50361 6 0
0 50361 7 0
0 50361 8 0
0 6873 9 0
0 6873 10 0
0 6873 11 0
0 6873 12 0
0 6873 13 0
0 6873 14 0
0 21796 15 0
0 21796 0 0
0 21796 1 0
0 21796 2 0
0 21796 3 0
0 21796 4 0
0 21476 5 0
0 21476 6 0
0 21476 7 0
0 21476 8 0
0 21476 9 0
0 21476 10 0
0 49246 11 0
0 49246 12 0
0 49246 13 0
0 49246 14 0
0 49246 15 0
0 49246 0 0
0 5877 1 0
0 5877 2 0
0 5877 3 0
0 5877 4 0
0 5877 5 0
0 5877 6 0
0 37275 7 0
0 37275 8 0
0 37275 9 0
0 37275 10 0
0 37275 11 0
0 37275 12 0
0 7236 13 0
0 7236 14 0
0 7236 15 0
0 7236 0 0
0 7236 1 0
0 7236 2 0
0 54795 3 0
0 54795 4 0
0 54795 5 0
0 54795 6 0
0 54795 7 0
0 54795 8 0
0 43649 9 0
0 43649 10 0
0 43649 11 0
0 43649 12 0
0 43649 13 0
0 43649 14 0
0 27557 15 0
0 27557 0 0
0 27557 1 0
0 27557 2 0
0 27557 3 0
0 27557 4 0
0 56619 5 0
0 56619 6 0
0 56619 7 0
0 56619 8 0
0 56619 9 0
0 56619 10 0
0 34241 11 0
0 34241 12 0
0 34241 13 0
0 34241 14 0
0 34241 15 0
0 34241 0 0
0 27164 1 0
0 27164 2 0
0 27164 3 0
0 27164 4 0
0 27164 5 0
0 27164 6 0
0 21599 7 0
0 21599 8 0
0 21599 9 0
0 21599 10 0
0 21599 11 0
0 21599 12 0
0 60532 13 0
0 60532 14 0
0 60532 15 0
0 60532 0 0
0 60532 1 0
0 60532 2 0
0 31810 3 0
0 31810 4 0
0 31810 5 0
0 31810 6 0
0 31810 7 0
0 31810 8 0
0 41343 9 0
0 41343 10 0
0 41343 11 0
0 41343 12 0
0 41343 13 0
0 41343 14 0
0 54588 15 0
0 54588 0 0
0 54588 1 0
0 54588 2 0
0 54588 3 0
0 54588 4 0
0 6249 5 0
0 6249 6 0
0 6249 7 0
0 6249 8 0
0 6249 9 0
0 6249 10 0
0 133 11 0
0 133 12 0
0 133 13 0
0 133 14 0
0 133 15 0
0 133 0 0
0 29792 1 0
0 29792 2 0
0 29792 3 0
0 29792 4 0
0 29792 5 0
0 29792 6 0
0 53859 7 0
0 53859 8 0
0 53859 9 0
0 53859 10 0
0 53859 11 0
0 53859 12 0
0 61766 13 0
0 61766 14 0
0 61766 15 0
0 61766 0 0
0 61766 1 0
0 61766 2 0
0 32441 3 0
0 32441 4 0
0 32441 5 0
0 32441 6 0
0 32441 7 0
0 32441 8 0
0 44410 9 0
0 44410 10 0
0 44410 11 0
0 44410 12 0
0 44410 13 0
0 44410 14 0
0 31778 15 0
0 31778 0 0
0 31778 1 0
0 31778 2 0
0 31778 3 0
0 31778 4 0
0 43069 5 0
0 43069 6 0
0 43069 7 0
0 43069 8 0
0 43069 9 0
0 43069 10 0
0 34111 11 0
0 34111 12 0
0 34111 13 0
0 34111 14 0
0 34111 15 0
0 34111 0 0
0 39684 1 0
0 39684 2 0
0 39684 3 0
0 39684 4 0
0 39684 5 0
0 39684 6 0
0 49299 7 0
0 49299 8 0
0 49299 9 0
0 49299 10 0
0 49299 11 0
0 49299 12 0
0 40881 13 0
0 40881 14 0
0 40881 15 0
0 40881 0 0
0 40881 1 0
0 40881 2 0
0 20479 3 0
0 20479 4 0
0 20479 5 0
0 20479 6 0
0 20479 7 0
0 20479 8 0
0 15261 9 0
0 15261 10 0
0 15261 11 0
0 15261 12 0
0 15261 13 0
0 15261 14 0
0 55730 15 0
0 55730 0 0
0 55730 1 0
0 55730 2 0
0 55730 3 0
0 55730 4 0
0 2254 5 0
0 2254 6 0
0 2254 7 0
0 2254 8 0
0 2254 9 0
0 2254 10 0
0 51300 11 0
0 51300 12 0
0 51300 13 0
0 51300 14 0
0 51300 15 0
0 51300 0 0
0 40265 1 0
0 40265 2 0
0 40265 3 0
0 40265 4 0
0 40265 5 0
0 40265 6 0
0 12615 7 0
0 12615 8 0
0 12615 9 0
0 12615 10 0
0 12615 11 0
0 12615 12 0
0 8935 13 0
0 8935 14 0
0 8935 15 0
0 8935 0 0
0 8935 1 0
0 8935 2 0
0 31315 3 0
0 31315 4 0
0 31315 5 0
0 31315 6 0
0 31315 7 0
0 31315 8 0
0 21274 9 0
0 21274 10 0
0 21274 11 0
0 21274 12 0
0 21274 13 0
0 21274 14 0
0 43184 15 0
0 43184 0 0
0 43184 1 0
0 43184 2 0
0 43184 3 0
0 43184 4 0
0 48497 5 0
0 48497 6 0
0 48497 7 0
0 48497 8 0
0 48497 9 0
0 48497 10 0
0 82 11 0
0 82 12 0
0 82 13 0
0 82 14 0
0 82 15 0
0 82 0 0
0 57113 1 0
0 57113 2 0
0 57113 3 0
0 57113 4 0
0 57113 5 0
0 57113 6 0
0 59519 7 0
0 59519 8 0
0 59519 9 0
0 59519 10 0
0 59519 11 0
0 59519 12 0
0 14768 13 0
0 14768 14 0
0 14768 15 0
0 14768 0 0
0 14768 1 0
0 14768 2 0
0 21163 3 0
0 21163 4 0
0 21163 5 0
0 21163 6 0
0 21163 7 0
0 21163 8 0
0 59755 9 0
0 59755 10 0
0 59755 11 0
0 59755 12 0
0 59755 13 0
0 59755 14 0
0 5197 15 0
0 5197 0 0
0 5197 1 0
0 5197 2 0
0 5197 3 0
0 5197 4 0
0 29804 5 0
0 29804 6 0
0 29804 7 0
0 29804 8 0
0 29804 9 0
0 29804 10 0
0 31530 11 0
0 31530 12 0
0 31530 13 0
0 31530 14 0
0 31530 15 0
0 31530 0 0
0 21332 1 0
0 21332 2 0
0 21332 3 0
0 21332 4 0
0 21332 5 0
0 21332 6 0
0 63879 7 0
0 63879 8 0
0 63879 9 0
0 63879 10 0
0 63879 11 0
0 63879 12 0
0 48411 13 0
0 48411 14 0
0 48411 15 0
0 48411 0 0
0 48411 1 0
0 48411 2 0
0 10591 3 0
0 10591 4 0
0 10591 5 0
0 10591 6 0
0 10591 7 0
0 10591 8 0
0 36402 9 0
0 36402 10 0
0 36402 11 0
0 36402 12 0
0 36402 13 0
0 36402 14 0
0 23849 15 0
0 23849 0 0
0 23849 1 0
0 23849 2 0
0 23849 3 0
0 23849 4 0
0 62093 5 0
0 62093 6 0
0 62093 7 0
0 62093 8 0
0 62093 9 0
0 62093 10 0
0 13685 11 0
0 13685 12 0
0 13685 13 0
0 13685 14 0
0 13685 15 0
0 13685 0 0
0 15173 1 0
0 15173 2 0
0 15173 3 0
0 15173 4 0
0 15173 5 0
0 15173 6 0
0 58333 7 0
0 58333 8 0
0 58333 9 0
0 58333 10 0
0 58333 11 0
0 58333 12 0
0 18536 13 0
0 18536 14 0
0 18536 15 0
0 18536 0 0
0 18536 1 0
0 18536 2 0
0 49042 3 0
0 49042 4 0
0 49042 5 0
0 49042 6 0
0 49042 7 0
0 49042 8 0
0 41062 9 0
0 41062 10 0
0 41062 11 0
0 41062 12 0
0 41062 13 0
0 41062 14 0
0 50332 15 0
0 50332 0 0
0 50332 1 0
0 50332 2 0
0 50332 3 0
0 50332 4 0
0 15676 5 0
0 15676 6 0
0 15676 7 0
0 15676 8 0
0 15676 9 0
0 15676 10 0
0 16541 11 0
0 16541 12 0
0 16541 13 0
0 16541 14 0
0 16541 15 0
0 16541 0 0
0 46186 1 0
0 46186 2 0
0 46186 3 0
0 46186 4 0
0 46186 5 0
0 46186 6 0
0 62121 7 0
0 62121 8 0
0 62121 9 0
0 62121 10 0
0 62121 11 0
0 62121 12 0
0 31770 13 0
0 31770 14 0
0 31770 15 0
0 31770 0 0
0 31770 1 0
0 31770 2 0
0 53422 3 0
0 53422 4 0
0 53422 5 0
0 53422 6 0
0 53422 7 0
0 53422 8 0
0 58258 9 0
0 58258 10 0
0 58258 11 0
0 58258 12 0
0 58258 13 0
0 58258 14 0
0 5983 15 0
0 5983 0 0
0 5983 1 0
0 5983 2 0
0 5983 3 0
0 5983 4 0
0 4368 5 0
0 4368 6 0
0 4368 7 0
0 4368 8 0
0 4368 9 0
0 4368 10 0
0 23398 11 0
0 23398 12 0
0 23398 13 0
0 23398 14 0
0 23398 15 0
0 23398 0 0
0 54890 1 0
0 54890 2 0
0 54890 3 0
0 54890 4 0
0 54890 5 0
0 54890 6 0
0 21772 7 0
0 21772 8 0
0 21772 9 0
0 21772 10 0
0 21772 11 0
0 21772 12 0
0 53919 13 0
0 53919 14 0
0 53919 15 0
0 53919 0 0
0 53919 1 0
0 53919 2 0
0 21544 3 0
0 21544 4 0
0 21544 5 0
0 21544 6 0
0 21544 7 0
0 21544 8 0
0 53017 9 0
0 53017 10 0
0 53017 11 0
0 53017 12 0
0 53017 13 0
0 53017 14 0
0 8335 15 0
0 8335 0 0
0 8335 1 0
0 8335 2 0
0 8335 3 0
0 8335 4 0
0 36163 5 0
0 36163 6 0
0 36163 7 0
0 36163 8 0
0 36163 9 0
0 36163 10 0
0 29793 11 0
0 29793 12 0
0 29793 13 0
0 29793 14 0
0 29793 15 0
0 29793 0 0
0 19091 1 0
0 19091 2 0
0 19091 3 0
0 19091 4 0
0 19091 5 0
0 19091 6 0
0 27558 7 0
0 27558 8 0
0 27558 9 0
0 27558 10 0
0 27558 11 0
0 27558 12 0
0 59771 13 0
0 59771 14 0
0 59771 15 0
0 59771 0 0
0 59771 1 0
0 59771 2 0
0 23851 3 0
0 23851 4 0
0 23851 5 0
0 23851 6 0
0 23851 7 0
0 23851 8 0
0 65171 9 0
0 65171 10 0
0 65171 11 0
0 65171 12 0
0 65171 13 0
0 65171 14 0
0 29365 15 0
0 29365 0 0
0 29365 1 0
0 29365 2 0
0 29365 3 0
0 29365 4 0
0 5299 5 0
0 5299 6 0
0 5299 7 0
0 5299 8 0
0 5299 9 0
0 5299 10 0
0 27304 11 0
0 27304 12 0
0 27304 13 0
0 27304 14 0
0 27304 15 0
0 27304 0 0
0 4454 1 0
0 4454 2 0
0 4454 3 0
0 4454 4 0
0 4454 5 0
0 4454 6 0
0 35683 7 0
0 35683 8 0
0 35683 9 0
0 35683 10 0
0 35683 11 0
0 35683 12 0
0 5223 13 0
0 5223 14 0
0 5223 15 0
0 5223 0 0
0 5223 1 0
0 5223 2 0
0 6467 3 0
0 6467 4 0
0 6467 5 0
0 6467 6 0
0 6467 7 0
0 6467 8 0
0 47713 9 0
0 47713 10 0
0 47713 11 0
0 47713 12 0
0 47713 13 0
0 47713 14 0
0 25387 15 0
0 25387 0 0
0 25387 1 0
0 25387 2 0
0 25387 3 0
0 25387 4 0
0 58472 5 0
0 58472 6 0
0 58472 7 0
0 58472 8 0
0 58472 9 0
0 58472 10 0
0 27418 11 0
0 27418 12 0
0 27418 13 0
0 27418 14 0
0 27418 15 0
0 27418 0 0
0 14758 1 0
0 14758 2 0
0 14758 3 0
0 14758 4 0
0 14758 5 0
0 14758 6 0
0 46215 7 0
0 46215 8 0
0 46215 9 0
0 46215 10 0
0 46215 11 0
0 46215 12 0
0 37003 13 0
0 37003 14 0
0 37003 15 0
0 37003 0 0
0 37003 1 0
0 37003 2 0
0 26395 3 0
0 26395 4 0
0 26395 5 0
0 26395 6 0
0 26395 7 0
0 26395 8 0
0 30981 9 0
0 30981 10 0
0 30981 11 0
0 30981 12 0
0 30981 13 0
0 30981 14 0
0 22187 15 0
0 22187 0 0
0 22187 1 0
0 22187 2 0
0 22187 3 0
0 22187 4 0
0 12611 5 0
0 12611 6 0
0 12611 7 0
0 12611 8 0
0 12611 9 0
0 12611 10 0
0 54070 11 0
0 54070 12 0
0 54070 13 0
0 54070 14 0
0 54070 15 0
0 54070 0 0
0 46568 1 0
0 46568 2 0
0 46568 3 0
0 46568 4 0
0 46568 5 0
0 46568 6 0
0 60251 7 0
0 60251 8 0
0 60251 9 0
0 60251 10 0
0 60251 11 0
0 60251 12 0
0 40535 13 0
0 40535 14 0
0 40535 15 0
