0 0 0 0
0 0 1 0
0 0 2 0
0 0 3 0
0 0 4 0
0 9959 5 0
0 9959 6 0
0 9959 7 0
0 9959 8 0
0 9959 9 0
0 9959 10 0
0 31408 11 0
0 31408 12 0
0 31408 13 0
0 31408 14 0
0 31408 15 0
0 31408 0 0
0 51873 1 0
0 51873 2 0
0 51873 3 0
0 51873 4 0
0 51873 5 0
0 51873 6 0
0 33127 7 0
0 33127 8 0
0 33127 9 0
0 33127 10 0
0 33127 11 0
0 33127 12 0
0 23446 13 0
0 23446 14 0
0 23446 15 0
0 23446 0 0
0 23446 1 0
0 23446 2 0
0 12043 3 0
0 12043 4 0
0 12043 5 0
0 12043 6 0
0 12043 7 0
0 12043 8 0
0 13426 9 0
0 13426 10 0
0 13426 11 0
0 13426 12 0
0 13426 13 0
0 13426 14 0
0 20915 15 0
0 20915 0 0
0 20915 1 0
0 20915 2 0
0 20915 3 0
0 20915 4 0
0 56689 5 0
0 56689 6 0
0 56689 7 0
0 56689 8 0
0 56689 9 0
0 56689 10 0
0 9495 11 0
0 9495 12 0
0 9495 13 0
0 9495 14 0
0 9495 15 0
0 9495 0 0
0 19758 1 0
0 19758 2 0
0 19758 3 0
0 19758 4 0
0 19758 5 0
0 19758 6 0
0 51354 7 0
0 51354 8 0
0 51354 9 0
0 51354 10 0
0 51354 11 0
0 51354 12 0
0 63775 13 0
0 63775 14 0
0 63775 15 0
0 63775 0 0
0 63775 1 0
0 63775 2 0
0 15896 3 0
0 15896 4 0
0 15896 5 0
0 15896 6 0
0 15896 7 0
0 15896 8 0
0 22905 9 0
0 22905 10 0
0 22905 11 0
0 22905 12 0
0 22905 13 0
0 22905 14 0
0 3955 15 0
0 3955 0 0
0 3955 1 0
0 3955 2 0
0 3955 3 0
0 3955 4 0
0 15826 5 0
0 15826 6 0
0 15826 7 0
0 15826 8 0
0 15826 9 0
0 15826 10 0
0 25680 11 0
0 25680 12 0
0 25680 13 0
0 25680 14 0
0 25680 15 0
0 25680 0 0
0 20807 1 0
0 20807 2 0
0 20807 3 0
0 20807 4 0
0 20807 5 0
0 20807 6 0
0 48932 7 0
0 48932 8 0
0 48932 9 0
0 48932 10 0
0 48932 11 0
0 48932 12 0
0 16915 13 0
0 16915 14 0
0 16915 15 0
0 16915 0 0
0 16915 1 0
0 16915 2 0
0 50403 3 0
0 50403 4 0
0 50403 5 0
0 50403 6 0
0 50403 7 0
0 50403 8 0
0 37540 9 0
0 37540 10 0
0 37540 11 0
0 37540 12 0
0 37540 13 0
0 37540 14 0
0 40209 15 0
0 40209 0 0
0 40209 1 0
0 40209 2 0
0 40209 3 0
0 40209 4 0
0 36805 5 0
0 36805 6 0
0 36805 7 0
0 36805 8 0
0 36805 9 0
0 36805 10 0
0 14691 11 0
0 14691 12 0
0 14691 13 0
0 14691 14 0
0 14691 15 0
0 14691 0 0
0 35437 1 0
0 35437 2 0
0 35437 3 0
0 35437 4 0
0 35437 5 0
0 35437 6 0
0 12654 7 0
0 12654 8 0
0 12654 9 0
0 12654 10 0
0 12654 11 0
0 12654 12 0
0 2435 13 0
0 2435 14 0
0 2435 15 0
0 2435 0 0
0 2435 1 0
0 2435 2 0
0 9279 3 0
0 9279 4 0
0 9279 5 0
0 9279 6 0
0 9279 7 0
0 9279 8 0
0 6411 9 0
0 6411 10 0
0 6411 11 0
0 6411 12 0
0 6411 13 0
0 6411 14 0
0 17490 15 0
0 17490 0 0
0 17490 1 0
0 17490 2 0
0 17490 3 0
0 17490 4 0
0 49261 5 0
0 49261 6 0
0 49261 7 0
0 49261 8 0
0 49261 9 0
0 49261 10 0
0 62516 11 0
0 62516 12 0
0 62516 13 0
0 62516 14 0
0 62516 15 0
0 62516 0 0
0 60130 1 0
0 60130 2 0
0 60130 3 0
0 60130 4 0
0 60130 5 0
0 60130 6 0
0 51898 7 0
0 51898 8 0
0 51898 9 0
0 51898 10 0
0 51898 11 0
0 51898 12 0
0 22901 13 0
0 22901 14 0
0 22901 15 0
0 22901 0 0
0 22901 1 0
0 22901 2 0
0 52058 3 0
0 52058 4 0
0 52058 5 0
0 52058 6 0
0 52058 7 0
0 52058 8 0
0 34444 9 0
0 34444 10 0
0 34444 11 0
0 34444 12 0
0 34444 13 0
0 34444 14 0
0 27841 15 0
0 27841 0 0
0 27841 1 0
0 27841 2 0
0 27841 3 0
0 27841 4 0
0 659 5 0
0 659 6 0
0 659 7 0
0 659 8 0
0 659 9 0
0 659 10 0
0 31309 11 0
0 31309 12 0
0 31309 13 0
0 31309 14 0
0 31309 15 0
0 31309 0 0
0 58789 1 0
0 58789 2 0
0 58789 3 0
0 58789 4 0
0 58789 5 0
0 58789 6 0
0 12335 7 0
0 12335 8 0
0 12335 9 0
0 12335 10 0
0 12335 11 0
0 12335 12 0
0 31091 13 0
0 31091 14 0
0 31091 15 0
0 31091 0 0
0 31091 1 0
0 31091 2 0
0 57871 3 0
0 57871 4 0
0 57871 5 0
0 57871 6 0
0 57871 7 0
0 57871 8 0
0 11440 9 0
0 11440 10 0
0 11440 11 0
0 11440 12 0
0 11440 13 0
0 11440 14 0
0 30315 15 0
0 30315 0 0
0 30315 1 0
0 30315 2 0
0 30315 3 0
0 30315 4 0
0 2049 5 0
0 2049 6 0
0 2049 7 0
0 2049 8 0
0 2049 9 0
0 2049 10 0
0 36614 11 0
0 36614 12 0
0 36614 13 0
0 36614 14 0
0 36614 15 0
0 36614 0 0
0 38946 1 0
0 38946 2 0
0 38946 3 0
0 38946 4 0
0 38946 5 0
0 38946 6 0
0 3559 7 0
0 3559 8 0
0 3559 9 0
0 3559 10 0
0 3559 11 0
0 3559 12 0
0 19714 13 0
0 19714 14 0
0 19714 15 0
0 19714 0 0
0 19714 1 0
0 19714 2 0
0 4613 3 0
0 4613 4 0
0 4613 5 0
0 4613 6 0
0 4613 7 0
0 4613 8 0
0 50085 9 0
0 50085 10 0
0 50085 11 0
0 50085 12 0
0 50085 13 0
0 50085 14 0
0 38955 15 0
0 38955 0 0
0 38955 1 0
0 38955 2 0
0 38955 3 0
0 38955 4 0
0 46178 5 0
0 46178 6 0
0 46178 7 0
0 46178 8 0
0 46178 9 0
0 46178 10 0
0 9235 11 0
0 9235 12 0
0 9235 13 0
0 9235 14 0
0 9235 15 0
0 9235 0 0
0 1091 1 0
0 1091 2 0
0 1091 3 0
0 1091 4 0
0 1091 5 0
0 1091 6 0
0 20367 7 0
0 20367 8 0
0 20367 9 0
0 20367 10 0
0 20367 11 0
0 20367 12 0
0 20807 13 0
0 20807 14 0
0 20807 15 0
0 20807 0 0
0 20807 1 0
0 20807 2 0
0 60560 3 0
0 60560 4 0
0 60560 5 0
0 60560 6 0
0 60560 7 0
0 60560 8 0
0 20002 9 0
0 20002 10 0
0 20002 11 0
0 20002 12 0
0 20002 13 0
0 20002 14 0
0 60637 15 0
0 60637 0 0
0 60637 1 0
0 60637 2 0
0 60637 3 0
0 60637 4 0
0 48465 5 0
0 48465 6 0
0 48465 7 0
0 48465 8 0
0 48465 9 0
0 48465 10 0
0 36057 11 0
0 36057 12 0
0 36057 13 0
0 36057 14 0
0 36057 15 0
0 36057 0 0
0 50373 1 0
0 50373 2 0
0 50373 3 0
0 50373 4 0
0 50373 5 0
0 50373 6 0
0 31096 7 0
0 31096 8 0
0 31096 9 0
0 31096 10 0
0 31096 11 0
0 31096 12 0
0 20893 13 0
0 20893 14 0
0 20893 15 0
0 20893 0 0
0 20893 1 0
0 20893 2 0
0 32714 3 0
0 32714 4 0
0 32714 5 0
0 32714 6 0
0 32714 7 0
0 32714 8 0
0 57815 9 0
0 57815 10 0
0 57815 11 0
0 57815 12 0
0 57815 13 0
0 57815 14 0
0 52988 15 0
0 52988 0 0
0 52988 1 0
0 52988 2 0
0 52988 3 0
0 52988 4 0
0 30332 5 0
0 30332 6 0
0 30332 7 0
0 30332 8 0
0 30332 9 0
0 30332 10 0
0 10357 11 0
0 10357 12 0
0 10357 13 0
0 10357 14 0
0 10357 15 0
0 10357 0 0
0 2822 1 0
0 2822 2 0
0 2822 3 0
0 2822 4 0
0 2822 5 0
0 2822 6 0
0 31661 7 0
0 31661 8 0
0 31661 9 0
0 31661 10 0
0 31661 11 0
0 31661 12 0
0 50659 13 0
0 50659 14 0
0 50659 15 0
0 50659 0 0
0 50659 1 0
0 50659 2 0
0 16317 3 0
0 16317 4 0
0 16317 5 0
0 16317 6 0
0 16317 7 0
0 16317 8 0
0 23349 9 0
0 23349 10 0
0 23349 11 0
0 23349 12 0
0 23349 13 0
0 23349 14 0
0 18517 15 0
0 18517 0 0
0 18517 1 0
0 18517 2 0
0 18517 3 0
0 18517 4 0
0 6458 5 0
0 6458 6 0
0 6458 7 0
0 6458 8 0
0 6458 9 0
0 6458 10 0
0 30263 11 0
0 30263 12 0
0 30263 13 0
0 30263 14 0
0 30263 15 0
0 30263 0 0
0 26853 1 0
0 26853 2 0
0 26853 3 0
0 26853 4 0
0 26853 5 0
0 26853 6 0
0 12783 7 0
0 12783 8 0
0 12783 9 0
0 12783 10 0
0 12783 11 0
0 12783 12 0
0 36420 13 0
0 36420 14 0
0 36420 15 0
0 36420 0 0
0 36420 1 0
0 36420 2 0
0 10465 3 0
0 10465 4 0
0 10465 5 0
0 10465 6 0
0 10465 7 0
0 10465 8 0
0 65447 9 0
0 65447 10 0
0 65447 11 0
0 65447 12 0
0 65447 13 0
0 65447 14 0
0 6310 15 0
0 6310 0 0
0 6310 1 0
0 6310 2 0
0 6310 3 0
0 6310 4 0
0 9303 5 0
0 9303 6 0
0 9303 7 0
0 9303 8 0
0 9303 9 0
0 9303 10 0
0 58188 11 0
0 58188 12 0
0 58188 13 0
0 58188 14 0
0 58188 15 0
0 58188 0 0
0 37323 1 0
0 37323 2 0
0 37323 3 0
0 37323 4 0
0 37323 5 0
0 37323 6 0
0 59221 7 0
0 59221 8 0
0 59221 9 0
0 59221 10 0
0 59221 11 0
0 59221 12 0
0 18780 13 0
0 18780 14 0
0 18780 15 0
0 18780 0 0
0 18780 1 0
0 18780 2 0
0 3470 3 0
0 3470 4 0
0 3470 5 0
0 3470 6 0
0 3470 7 0
0 3470 8 0
0 4344 9 0
0 4344 10 0
0 4344 11 0
0 4344 12 0
0 4344 13 0
0 4344 14 0
0 48490 15 0
0 48490 0 0
0 48490 1 0
0 48490 2 0
0 48490 3 0
0 48490 4 0
0 170 5 0
0 170 6 0
0 170 7 0
0 170 8 0
0 170 9 0
0 170 10 0
0 50908 11 0
0 50908 12 0
0 50908 13 0
0 50908 14 0
0 50908 15 0
0 50908 0 0
0 22533 1 0
0 22533 2 0
0 22533 3 0
0 22533 4 0
0 22533 5 0
0 22533 6 0
0 64849 7 0
0 64849 8 0
0 64849 9 0
0 64849 10 0
0 64849 11 0
0 64849 12 0
0 46845 13 0
0 46845 14 0
0 46845 15 0
0 46845 0 0
0 46845 1 0
0 46845 2 0
0 34867 3 0
0 34867 4 0
0 34867 5 0
0 34867 6 0
0 34867 7 0
0 34867 8 0
0 25471 9 0
0 25471 10 0
0 25471 11 0
0 25471 12 0
0 25471 13 0
0 25471 14 0
0 48601 15 0
0 48601 0 0
0 48601 1 0
0 48601 2 0
0 48601 3 0
0 48601 4 0
0 46159 5 0
0 46159 6 0
0 46159 7 0
0 46159 8 0
0 46159 9 0
0 46159 10 0
0 19357 11 0
0 19357 12 0
0 19357 13 0
0 19357 14 0
0 19357 15 0
0 19357 0 0
0 47209 1 0
0 47209 2 0
0 47209 3 0
0 47209 4 0
0 47209 5 0
0 47209 6 0
0 60747 7 0
0 60747 8 0
0 60747 9 0
0 60747 10 0
0 60747 11 0
0 60747 12 0
0 56687 13 0
0 56687 14 0
0 56687 15 0
0 56687 0 0
0 56687 1 0
0 56687 2 0
0 46850 3 0
0 46850 4 0
0 46850 5 0
0 46850 6 0
0 46850 7 0
0 46850 8 0
0 21345 9 0
0 21345 10 0
0 21345 11 0
0 21345 12 0
0 21345 13 0
0 21345 14 0
0 52739 15 0
0 52739 0 0
0 52739 1 0
0 52739 2 0
0 52739 3 0
0 52739 4 0
0 35112 5 0
0 35112 6 0
0 35112 7 0
0 35112 8 0
0 35112 9 0
0 35112 10 0
0 56087 11 0
0 56087 12 0
0 56087 13 0
0 56087 14 0
0 56087 15 0
0 56087 0 0
0 32696 1 0
0 32696 2 0
0 32696 3 0
0 32696 4 0
0 32696 5 0
0 32696 6 0
0 62586 7 0
0 62586 8 0
0 62586 9 0
0 62586 10 0
0 62586 11 0
0 62586 12 0
0 50171 13 0
0 50171 14 0
0 50171 15 0
0 50171 0 0
0 50171 1 0
0 50171 2 0
0 8541 3 0
0 8541 4 0
0 8541 5 0
0 8541 6 0
0 8541 7 0
0 8541 8 0
0 12792 9 0
0 12792 10 0
0 12792 11 0
0 12792 12 0
0 12792 13 0
0 12792 14 0
0 44365 15 0
0 44365 0 0
0 44365 1 0
0 44365 2 0
0 44365 3 0
0 44365 4 0
0 8415 5 0
0 8415 6 0
0 8415 7 0
0 8415 8 0
0 8415 9 0
0 8415 10 0
0 30963 11 0
0 30963 12 0
0 30963 13 0
0 30963 14 0
0 30963 15 0
0 30963 0 0
0 1552 1 0
0 1552 2 0
0 1552 3 0
0 1552 4 0
0 1552 5 0
0 1552 6 0
0 29066 7 0
0 29066 8 0
0 29066 9 0
0 29066 10 0
0 29066 11 0
0 29066 12 0
0 44829 13 0
0 44829 14 0
0 44829 15 0
0 44829 0 0
0 44829 1 0
0 44829 2 0
0 49221 3 0
0 49221 4 0
0 49221 5 0
0 49221 6 0
0 49221 7 0
0 49221 8 0
0 58203 9 0
0 58203 10 0
0 58203 11 0
0 58203 12 0
0 58203 13 0
0 58203 14 0
0 56460 15 0
0 56460 0 0
0 56460 1 0
0 56460 2 0
0 56460 3 0
0 56460 4 0
0 47336 5 0
0 47336 6 0
0 47336 7 0
0 47336 8 0
0 47336 9 0
0 47336 10 0
0 62637 11 0
0 62637 12 0
0 62637 13 0
0 62637 14 0
0 62637 15 0
0 62637 0 0
0 32940 1 0
0 32940 2 0
0 32940 3 0
0 32940 4 0
0 32940 5 0
0 32940 6 0
0 51223 7 0
0 51223 8 0
0 51223 9 0
0 51223 10 0
0 51223 11 0
0 51223 12 0
0 13071 13 0
0 13071 14 0
0 13071 15 0
0 13071 0 0
0 13071 1 0
0 13071 2 0
0 7602 3 0
0 7602 4 0
0 7602 5 0
0 7602 6 0
0 7602 7 0
0 7602 8 0
0 35699 9 0
0 35699 10 0
0 35699 11 0
0 35699 12 0
0 35699 13 0
0 35699 14 0
0 65386 15 0
0 65386 0 0
0 65386 1 0
0 65386 2 0
0 65386 3 0
0 65386 4 0
0 23144 5 0
0 23144 6 0
0 23144 7 0
0 23144 8 0
0 23144 9 0
0 23144 10 0
0 37430 11 0
0 37430 12 0
0 37430 13 0
0 37430 14 0
0 37430 15 0
0 37430 0 0
0 26691 1 0
0 26691 2 0
0 26691 3 0
0 26691 4 0
0 26691 5 0
0 26691 6 0
0 19804 7 0
0 19804 8 0
0 19804 9 0
0 19804 10 0
0 19804 11 0
0 19804 12 0
0 49651 13 0
0 49651 14 0
0 49651 15 0
0 49651 0 0
0 49651 1 0
0 49651 2 0
0 23478 3 0
0 23478 4 0
0 23478 5 0
0 23478 6 0
0 23478 7 0
0 23478 8 0
0 22680 9 0
0 22680 10 0
0 22680 11 0
0 22680 12 0
0 22680 13 0
0 22680 14 0
0 15884 15 0
0 15884 0 0
0 15884 1 0
0 15884 2 0
0 15884 3 0
0 15884 4 0
0 63140 5 0
0 63140 6 0
0 63140 7 0
0 63140 8 0
0 63140 9 0
0 63140 10 0
0 32688 11 0
0 32688 12 0
0 32688 13 0
0 32688 14 0
0 32688 15 0
0 32688 0 0
0 47817 1 0
0 47817 2 0
0 47817 3 0
0 47817 4 0
0 47817 5 0
0 47817 6 0
0 17095 7 0
0 17095 8 0
0 17095 9 0
0 17095 10 0
0 17095 11 0
0 17095 12 0
0 42250 13 0
0 42250 14 0
0 42250 15 0
0 42250 0 0
0 42250 1 0
0 42250 2 0
0 27916 3 0
0 27916 4 0
0 27916 5 0
0 27916 6 0
0 27916 7 0
0 27916 8 0
0 60611 9 0
0 60611 10 0
0 60611 11 0
0 60611 12 0
0 60611 13 0
0 60611 14 0
0 1023 15 0
0 1023 0 0
0 1023 1 0
0 1023 2 0
0 1023 3 0
0 1023 4 0
0 13895 5 0
0 13895 6 0
0 13895 7 0
0 13895 8 0
0 13895 9 0
0 13895 10 0
0 51486 11 0
0 51486 12 0
0 51486 13 0
0 51486 14 0
0 51486 15 0
0 51486 0 0
0 16325 1 0
0 16325 2 0
0 16325 3 0
0 16325 4 0
0 16325 5 0
0 16325 6 0
0 33581 7 0
0 33581 8 0
0 33581 9 0
0 33581 10 0
0 33581 11 0
0 33581 12 0
0 8023 13 0
0 8023 14 0
0 8023 15 0
0 8023 0 0
0 8023 1 0
0 8023 2 0
0 3179 3 0
0 3179 4 0
0 3179 5 0
0 3179 6 0
0 3179 7 0
0 3179 8 0
0 13058 9 0
0 13058 10 0
0 13058 11 0
0 13058 12 0
0 13058 13 0
0 13058 14 0
0 22497 15 0
0 22497 0 0
0 22497 1 0
0 22497 2 0
0 22497 3 0
0 22497 4 0
0 27236 5 0
0 27236 6 0
0 27236 7 0
0 27236 8 0
0 27236 9 0
0 27236 10 0
0 17266 11 0
0 17266 12 0
0 17266 13 0
0 17266 14 0
0 17266 15 0
0 17266 0 0
0 24347 1 0
0 24347 2 0
0 24347 3 0
0 24347 4 0
0 24347 5 0
0 24347 6 0
0 4423 7 0
0 4423 8 0
0 4423 9 0
0 4423 10 0
0 4423 11 0
0 4423 12 0
0 29393 13 0
0 29393 14 0
0 29393 15 0
0 29393 0 0
0 29393 1 0
0 29393 2 0
0 6435 3 0
0 6435 4 0
0 6435 5 0
0 6435 6 0
0 6435 7 0
0 6435 8 0
0 11488 9 0
0 11488 10 0
0 11488 11 0
0 11488 12 0
0 11488 13 0
0 11488 14 0
0 56043 15 0
0 56043 0 0
0 56043 1 0
0 56043 2 0
0 56043 3 0
0 56043 4 0
0 29063 5 0
0 29063 6 0
0 29063 7 0
0 29063 8 0
0 29063 9 0
0 29063 10 0
0 22665 11 0
0 22665 12 0
0 22665 13 0
0 22665 14 0
0 22665 15 0
0 22665 0 0
0 62128 1 0
0 62128 2 0
0 62128 3 0
0 62128 4 0
0 62128 5 0
0 62128 6 0
0 20533 7 0
0 20533 8 0
0 20533 9 0
0 20533 10 0
0 20533 11 0
0 20533 12 0
0 20527 13 0
0 20527 14 0
0 20527 15 0
0 20527 0 0
0 20527 1 0
0 20527 2 0
0 1575 3 0
0 1575 4 0
0 1575 5 0
0 1575 6 0
0 1575 7 0
0 1575 8 0
0 38734 9 0
0 38734 10 0
0 38734 11 0
0 38734 12 0
0 38734 13 0
0 38734 14 0
0 53445 15 0
0 53445 0 0
0 53445 1 0
0 53445 2 0
0 53445 3 0
0 53445 4 0
0 57208 5 0
0 57208 6 0
0 57208 7 0
0 57208 8 0
0 57208 9 0
0 57208 10 0
0 53724 11 0
0 53724 12 0
0 53724 13 0
0 53724 14 0
0 53724 15 0
0 53724 0 0
0 20428 1 0
0 20428 2 0
0 20428 3 0
0 20428 4 0
0 20428 5 0
0 20428 6 0
0 2861 7 0
0 2861 8 0
0 2861 9 0
0 2861 10 0
0 2861 11 0
0 2861 12 0
0 141 13 0
0 141 14 0
0 141 15 0
0 141 0 0
0 141 1 0
0 141 2 0
0 6732 3 0
0 6732 4 0
0 6732 5 0
0 6732 6 0
0 6732 7 0
0 6732 8 0
0 59962 9 0
0 59962 10 0
0 59962 11 0
0 59962 12 0
0 59962 13 0
0 59962 14 0
0 34050 15 0
0 34050 0 0
0 34050 1 0
0 34050 2 0
0 34050 3 0
0 34050 4 0
0 15242 5 0
0 15242 6 0
0 15242 7 0
0 15242 8 0
0 15242 9 0
0 15242 10 0
0 14152 11 0
0 14152 12 0
0 14152 13 0
0 14152 14 0
0 14152 15 0
0 14152 0 0
0 12051 1 0
0 12051 2 0
0 12051 3 0
0 12051 4 0
0 12051 5 0
0 12051 6 0
0 61560 7 0
0 61560 8 0
0 61560 9 0
0 61560 10 0
0 61560 11 0
0 61560 12 0
0 16515 13 0
0 16515 14 0
0 16515 15 0
0 16515 0 0
0 16515 1 0
0 16515 2 0
0 21041 3 0
0 21041 4 0
0 21041 5 0
0 21041 6 0
0 21041 7 0
0 21041 8 0
0 55605 9 0
0 55605 10 0
0 55605 11 0
0 55605 12 0
0 55605 13 0
0 55605 14 0
0 10864 15 0
0 10864 0 0
0 10864 1 0
0 10864 2 0
0 10864 3 0
0 10864 4 0
0 59559 5 0
0 59559 6 0
0 59559 7 0
0 59559 8 0
0 59559 9 0
0 59559 10 0
0 21539 11 0
0 21539 12 0
0 21539 13 0
0 21539 14 0
0 21539 15 0
0 21539 0 0
0 42448 1 0
0 42448 2 0
0 42448 3 0
0 42448 4 0
0 42448 5 0
0 42448 6 0
0 61065 7 0
0 61065 8 0
0 61065 9 0
0 61065 10 0
0 61065 11 0
0 61065 12 0
0 4045 13 0
0 4045 14 0
0 4045 15 0
0 4045 0 0
0 4045 1 0
0 4045 2 0
0 18919 3 0
0 18919 4 0
0 18919 5 0
0 18919 6 0
0 18919 7 0
0 18919 8 0
0 29732 9 0
0 29732 10 0
0 29732 11 0
0 29732 12 0
0 29732 13 0
0 29732 14 0
0 14795 15 0
0 14795 0 0
0 14795 1 0
0 14795 2 0
0 14795 3 0
0 14795 4 0
0 38529 5 0
0 38529 6 0
0 38529 7 0
0 38529 8 0
0 38529 9 0
0 38529 10 0
0 23942 11 0
0 23942 12 0
0 23942 13 0
0 23942 14 0
0 23942 15 0
0 23942 0 0
0 24718 1 0
0 24718 2 0
0 24718 3 0
0 24718 4 0
0 24718 5 0
0 24718 6 0
0 36774 7 0
0 36774 8 0
0 36774 9 0
0 36774 10 0
0 36774 11 0
0 36774 12 0
0 5274 13 0
0 5274 14 0
0 5274 15 0
0 5274 0 0
0 5274 1 0
0 5274 2 0
0 22899 3 0
0 22899 4 0
0 22899 5 0
0 22899 6 0
0 22899 7 0
0 22899 8 0
0 34363 9 0
0 34363 10 0
0 34363 11 0
0 34363 12 0
0 34363 13 0
0 34363 14 0
0 22939 15 0
0 22939 0 0
0 22939 1 0
0 22939 2 0
0 22939 3 0
0 22939 4 0
0 34414 5 0
0 34414 6 0
0 34414 7 0
0 34414 8 0
0 34414 9 0
0 34414 10 0
0 64284 11 0
0 64284 12 0
0 64284 13 0
0 64284 14 0
0 64284 15 0
0 64284 0 0
0 26371 1 0
0 26371 2 0
0 26371 3 0
0 26371 4 0
0 26371 5 0
0 26371 6 0
0 29112 7 0
0 29112 8 0
0 29112 9 0
0 29112 10 0
0 29112 11 0
0 29112 12 0
0 23569 13 0
0 23569 14 0
0 23569 15 0
0 23569 0 0
0 23569 1 0
0 23569 2 0
0 9946 3 0
0 9946 4 0
0 9946 5 0
0 9946 6 0
0 9946 7 0
0 9946 8 0
0 24521 9 0
0 24521 10 0
0 24521 11 0
0 24521 12 0
0 24521 13 0
0 24521 14 0
0 59864 15 0
0 59864 0 0
0 59864 1 0
0 59864 2 0
0 59864 3 0
0 59864 4 0
0 43801 5 0
0 43801 6 0
0 43801 7 0
0 43801 8 0
0 43801 9 0
0 43801 10 0
0 13028 11 0
0 13028 12 0
0 13028 13 0
0 13028 14 0
0 13028 15 0
0 13028 0 0
0 30619 1 0
0 30619 2 0
0 30619 3 0
0 30619 4 0
0 30619 5 0
0 30619 6 0
0 33603 7 0
0 33603 8 0
0 33603 9 0
0 33603 10 0
0 33603 11 0
0 33603 12 0
0 57123 13 0
0 57123 14 0
0 57123 15 0
0 57123 0 0
0 57123 1 0
0 57123 2 0
0 536 3 0
0 536 4 0
0 536 5 0
0 536 6 0
0 536 7 0
0 536 8 0
0 6550 9 0
0 6550 10 0
0 6550 11 0
0 6550 12 0
0 6550 13 0
0 6550 14 0
0 34102 15 0
0 34102 0 0
0 34102 1 0
0 34102 2 0
0 34102 3 0
0 34102 4 0
0 44606 5 0
0 44606 6 0
0 44606 7 0
0 44606 8 0
0 44606 9 0
0 44606 10 0
0 19723 11 0
0 19723 12 0
0 19723 13 0
0 19723 14 0
0 19723 15 0
0 19723 0 0
0 32052 1 0
0 32052 2 0
0 32052 3 0
0 32052 4 0
0 32052 5 0
0 32052 6 0
0 40149 7 0
0 40149 8 0
0 40149 9 0
0 40149 10 0
0 40149 11 0
0 40149 12 0
0 36271 13 0
0 36271 14 0
0 36271 15 0
0 36271 0 0
0 36271 1 0
0 36271 2 0
0 20327 3 0
0 20327 4 0
0 20327 5 0
0 20327 6 0
0 20327 7 0
0 20327 8 0
0 25007 9 0
0 25007 10 0
0 25007 11 0
0 25007 12 0
0 25007 13 0
0 25007 14 0
0 1364 15 0
0 1364 0 0
0 1364 1 0
0 1364 2 0
0 1364 3 0
0 1364 4 0
0 15595 5 0
0 15595 6 0
0 15595 7 0
0 15595 8 0
0 15595 9 0
0 15595 10 0
0 3092 11 0
0 3092 12 0
0 3092 13 0
0 3092 14 0
0 3092 15 0
0 3092 0 0
0 50688 1 0
0 50688 2 0
0 50688 3 0
0 50688 4 0
0 50688 5 0
0 50688 6 0
0 29732 7 0
0 29732 8 0
0 29732 9 0
0 29732 10 0
0 29732 11 0
0 29732 12 0
0 40465 13 0
0 40465 14 0
0 40465 15 0
0 40465 0 0
0 40465 1 0
0 40465 2 0
0 13950 3 0
0 13950 4 0
0 13950 5 0
0 13950 6 0
0 13950 7 0
0 13950 8 0
0 13102 9 0
0 13102 10 0
0 13102 11 0
0 13102 12 0
0 13102 13 0
0 13102 14 0
0 47315 15 0
0 47315 0 0
0 47315 1 0
0 47315 2 0
0 47315 3 0
0 47315 4 0
0 5341 5 0
0 5341 6 0
0 5341 7 0
0 5341 8 0
0 5341 9 0
0 5341 10 0
0 34102 11 0
0 34102 12 0
0 34102 13 0
0 34102 14 0
0 34102 15 0
0 34102 0 0
0 43851 1 0
0 43851 2 0
0 43851 3 0
0 43851 4 0
0 43851 5 0
0 43851 6 0
0 41631 7 0
0 41631 8 0
0 41631 9 0
0 41631 10 0
0 41631 11 0
0 41631 12 0
0 3044 13 0
0 3044 14 0
0 3044 15 0
0 3044 0 0
0 3044 1 0
0 3044 2 0
0 24036 3 0
0 24036 4 0
0 24036 5 0
0 24036 6 0
0 24036 7 0
0 24036 8 0
0 8840 9 0
0 8840 10 0
0 8840 11 0
0 8840 12 0
0 8840 13 0
0 8840 14 0
0 62058 15 0
0 62058 0 0
0 62058 1 0
0 62058 2 0
0 62058 3 0
0 62058 4 0
0 20502 5 0
0 20502 6 0
0 20502 7 0
0 20502 8 0
0 20502 9 0
0 20502 10 0
0 15916 11 0
0 15916 12 0
0 15916 13 0
0 15916 14 0
0 15916 15 0
0 15916 0 0
0 42221 1 0
0 42221 2 0
0 42221 3 0
0 42221 4 0
0 42221 5 0
0 42221 6 0
0 34930 7 0
0 34930 8 0
0 34930 9 0
0 34930 10 0
0 34930 11 0
0 34930 12 0
0 44284 13 0
0 44284 14 0
0 44284 15 0
0 44284 0 0
0 44284 1 0
0 44284 2 0
0 26443 3 0
0 26443 4 0
0 26443 5 0
0 26443 6 0
0 26443 7 0
0 26443 8 0
0 63993 9 0
0 63993 10 0
0 63993 11 0
0 63993 12 0
0 63993 13 0
0 63993 14 0
0 1634 15 0
0 1634 0 0
0 1634 1 0
0 1634 2 0
0 1634 3 0
0 1634 4 0
0 58865 5 0
0 58865 6 0
0 58865 7 0
0 58865 8 0
0 58865 9 0
0 58865 10 0
0 12440 11 0
0 12440 12 0
0 12440 13 0
0 12440 14 0
0 12440 15 0
0 12440 0 0
0 36543 1 0
0 36543 2 0
0 36543 3 0
0 36543 4 0
0 36543 5 0
0 36543 6 0
0 63764 7 0
0 63764 8 0
0 63764 9 0
0 63764 10 0
0 63764 11 0
0 63764 12 0
0 26402 13 0
0 26402 14 0
0 26402 15 0
0 26402 0 0
0 26402 1 0
0 26402 2 0
0 13316 3 0
0 13316 4 0
0 13316 5 0
0 13316 6 0
0 13316 7 0
0 13316 8 0
0 54594 9 0
0 54594 10 0
0 54594 11 0
0 54594 12 0
0 54594 13 0
0 54594 14 0
0 38106 15 0
0 38106 0 0
0 38106 1 0
0 38106 2 0
0 38106 3 0
0 38106 4 0
0 23318 5 0
0 23318 6 0
0 23318 7 0
0 23318 8 0
0 23318 9 0
0 23318 10 0
0 13675 11 0
0 13675 12 0
0 13675 13 0
0 13675 14 0
0 13675 15 0
0 13675 0 0
0 46997 1 0
0 46997 2 0
0 46997 3 0
0 46997 4 0
0 46997 5 0
0 46997 6 0
0 15622 7 0
0 15622 8 0
0 15622 9 0
0 15622 10 0
0 15622 11 0
0 15622 12 0
0 14758 13 0
0 14758 14 0
0 14758 15 0
0 14758 0 0
0 14758 1 0
0 14758 2 0
0 24396 3 0
0 24396 4 0
0 24396 5 0
0 24396 6 0
0 24396 7 0
0 24396 8 0
0 20177 9 0
0 20177 10 0
0 20177 11 0
0 20177 12 0
0 20177 13 0
0 20177 14 0
0 44748 15 0
0 44748 0 0
0 44748 1 0
0 44748 2 0
0 44748 3 0
0 44748 4 0
0 65119 5 0
0 65119 6 0
0 65119 7 0
0 65119 8 0
0 65119 9 0
0 65119 10 0
0 63353 11 0
0 63353 12 0
0 63353 13 0
0 63353 14 0
0 63353 15 0
0 63353 0 0
0 22321 1 0
0 22321 2 0
0 22321 3 0
0 22321 4 0
0 22321 5 0
0 22321 6 0
0 54218 7 0
0 54218 8 0
0 54218 9 0
0 54218 10 0
0 54218 11 0
0 54218 12 0
0 38169 13 0
0 38169 14 0
0 38169 15 0
0 38169 0 0
0 38169 1 0
0 38169 2 0
0 31664 3 0
0 31664 4 0
0 31664 5 0
0 31664 6 0
0 31664 7 0
0 31664 8 0
0 2781 9 0
0 2781 10 0
0 2781 11 0
0 2781 12 0
0 2781 13 0
0 2781 14 0
0 55712 15 0
0 55712 0 0
0 55712 1 0
0 55712 2 0
0 55712 3 0
0 55712 4 0
0 37479 5 0
0 37479 6 0
0 37479 7 0
0 37479 8 0
0 37479 9 0
0 37479 10 0
0 18982 11 0
0 18982 12 0
0 18982 13 0
0 18982 14 0
0 18982 15 0
0 18982 0 0
0 26168 1 0
0 26168 2 0
0 26168 3 0
0 26168 4 0
0 26168 5 0
0 26168 6 0
0 10573 7 0
0 10573 8 0
0 10573 9 0
0 10573 10 0
0 10573 11 0
0 10573 12 0
0 40989 13 0
0 40989 14 0
0 40989 15 0
0 40989 0 0
0 40989 1 0
0 40989 2 0
0 6280 3 0
0 6280 4 0
0 6280 5 0
0 6280 6 0
0 6280 7 0
0 6280 8 0
0 13714 9 0
0 13714 10 0
0 13714 11 0
0 13714 12 0
0 13714 13 0
0 13714 14 0
0 21576 15 0
0 21576 0 0
0 21576 1 0
0 21576 2 0
0 21576 3 0
0 21576 4 0
0 5230 5 0
0 5230 6 0
0 5230 7 0
0 5230 8 0
0 5230 9 0
0 5230 10 0
0 17419 11 0
0 17419 12 0
0 17419 13 0
0 17419 14 0
0 17419 15 0
0 17419 0 0
0 31177 1 0
0 31177 2 0
0 31177 3 0
0 31177 4 0
0 31177 5 0
0 31177 6 0
0 29362 7 0
0 29362 8 0
0 29362 9 0
0 29362 10 0
0 29362 11 0
0 29362 12 0
0 49971 13 0
0 49971 14 0
0 49971 15 0
0 49971 0 0
0 49971 1 0
0 49971 2 0
0 48230 3 0
0 48230 4 0
0 48230 5 0
0 48230 6 0
0 48230 7 0
0 48230 8 0
0 43036 9 0
0 43036 10 0
0 43036 11 0
0 43036 12 0
0 43036 13 0
0 43036 14 0
0 6726 15 0
0 6726 0 0
0 6726 1 0
0 6726 2 0
0 6726 3 0
0 6726 4 0
0 54267 5 0
0 54267 6 0
0 54267 7 0
0 54267 8 0
0 54267 9 0
0 54267 10 0
0 41937 11 0
0 41937 12 0
0 41937 13 0
0 41937 14 0
0 41937 15 0
0 41937 0 0
0 48659 1 0
0 48659 2 0
0 48659 3 0
0 48659 4 0
0 48659 5 0
0 48659 6 0
0 28612 7 0
0 28612 8 0
0 28612 9 0
0 28612 10 0
0 28612 11 0
0 28612 12 0
0 40660 13 0
0 40660 14 0
0 40660 15 0
0 40660 0 0
0 40660 1 0
0 40660 2 0
0 52383 3 0
0 52383 4 0
0 52383 5 0
0 52383 6 0
0 52383 7 0
0 52383 8 0
0 26865 9 0
0 26865 10 0
0 26865 11 0
0 26865 12 0
0 26865 13 0
0 26865 14 0
0 46686 15 0
0 46686 0 0
0 46686 1 0
0 46686 2 0
0 46686 3 0
0 46686 4 0
0 24328 5 0
0 24328 6 0
0 24328 7 0
0 24328 8 0
0 24328 9 0
0 24328 10 0
0 54341 11 0
0 54341 12 0
0 54341 13 0
0 54341 14 0
0 54341 15 0
0 54341 0 0
0 17080 1 0
0 17080 2 0
0 17080 3 0
0 17080 4 0
0 17080 5 0
0 17080 6 0
0 43908 7 0
0 43908 8 0
0 43908 9 0
0 43908 10 0
0 43908 11 0
0 43908 12 0
0 59537 13 0
0 59537 14 0
0 59537 15 0
0 59537 0 0
0 59537 1 0
0 59537 2 0
0 2343 3 0
0 2343 4 0
0 2343 5 0
0 2343 6 0
0 2343 7 0
0 2343 8 0
0 24704 9 0
0 24704 10 0
0 24704 11 0
0 24704 12 0
0 24704 13 0
0 24704 14 0
0 22325 15 0
0 22325 0 0
0 22325 1 0
0 22325 2 0
0 22325 3 0
0 22325 4 0
0 12018 5 0
0 12018 6 0
0 12018 7 0
0 12018 8 0
0 12018 9 0
0 12018 10 0
0 45689 11 0
0 45689 12 0
0 45689 13 0
0 45689 14 0
0 45689 15 0
0 45689 0 0
0 39658 1 0
0 39658 2 0
0 39658 3 0
0 39658 4 0
0 39658 5 0
0 39658 6 0
0 23311 7 0
0 23311 8 0
0 23311 9 0
0 23311 10 0
0 23311 11 0
0 23311 12 0
0 25317 13 0
0 25317 14 0
0 25317 15 0
0 25317 0 0
0 25317 1 0
0 25317 2 0
0 14336 3 0
0 14336 4 0
0 14336 5 0
0 14336 6 0
0 14336 7 0
0 14336 8 0
0 64320 9 0
0 64320 10 0
0 64320 11 0
0 64320 12 0
0 64320 13 0
0 64320 14 0
0 2561 15 0
0 2561 0 0
0 2561 1 0
0 2561 2 0
0 2561 3 0
0 2561 4 0
0 13597 5 0
0 13597 6 0
0 13597 7 0
0 13597 8 0
0 13597 9 0
0 13597 10 0
0 40056 11 0
0 40056 12 0
0 40056 13 0
0 40056 14 0
0 40056 15 0
0 40056 0 0
0 20262 1 0
0 20262 2 0
0 20262 3 0
0 20262 4 0
0 20262 5 0
0 20262 6 0
0 63257 7 0
0 63257 8 0
0 63257 9 0
0 63257 10 0
0 63257 11 0
0 63257 12 0
0 57546 13 0
0 57546 14 0
0 57546 15 0
0 57546 0 0
0 57546 1 0
0 57546 2 0
0 53835 3 0
0 53835 4 0
0 53835 5 0
0 53835 6 0
0 53835 7 0
0 53835 8 0
0 1592 9 0
0 1592 10 0
0 1592 11 0
0 1592 12 0
0 1592 13 0
0 1592 14 0
0 1119 15 0
0 1119 0 0
0 1119 1 0
0 1119 2 0
0 1119 3 0
0 1119 4 0
0 8189 5 0
0 8189 6 0
0 8189 7 0
0 8189 8 0
0 8189 9 0
0 8189 10 0
0 31115 11 0
0 31115 12 0
0 31115 13 0
0 31115 14 0
0 31115 15 0
0 31115 0 0
0 32569 1 0
0 32569 2 0
0 32569 3 0
0 32569 4 0
0 32569 5 0
0 32569 6 0
0 42849 7 0
0 42849 8 0
0 42849 9 0
0 42849 10 0
0 42849 11 0
0 42849 12 0
0 31671 13 0
0 31671 14 0
0 31671 15 0
