0 0 0 0
0 0 1 0
0 0 2 0
0 0 3 0
0 0 4 0
0 64446 5 0
0 64446 6 0
0 64446 7 0
0 64446 8 0
0 64446 9 0
0 64446 10 0
0 17049 11 0
0 17049 12 0
0 17049 13 0
0 17049 14 0
0 17049 15 0
0 17049 0 0
0 46416 1 0
0 46416 2 0
0 46416 3 0
0 46416 4 0
0 46416 5 0
0 46416 6 0
0 55729 7 0
0 55729 8 0
0 55729 9 0
0 55729 10 0
0 55729 11 0
0 55729 12 0
0 50140 13 0
0 50140 14 0
0 50140 15 0
0 50140 0 0
0 50140 1 0
0 50140 2 0
0 43650 3 0
0 43650 4 0
0 43650 5 0
0 43650 6 0
0 43650 7 0
0 43650 8 0
0 60887 9 0
0 60887 10 0
0 60887 11 0
0 60887 12 0
0 60887 13 0
0 60887 14 0
0 17808 15 0
0 17808 0 0
0 17808 1 0
0 17808 2 0
0 17808 3 0
0 17808 4 0
0 988 5 0
0 988 6 0
0 988 7 0
0 988 8 0
0 988 9 0
0 988 10 0
0 25727 11 0
0 25727 12 0
0 25727 13 0
0 25727 14 0
0 25727 15 0
0 25727 0 0
0 57048 1 0
0 57048 2 0
0 57048 3 0
0 57048 4 0
0 57048 5 0
0 57048 6 0
0 28496 7 0
0 28496 8 0
0 28496 9 0
0 28496 10 0
0 28496 11 0
0 28496 12 0
0 9681 13 0
0 9681 14 0
0 9681 15 0
0 9681 0 0
0 9681 1 0
0 9681 2 0
0 36367 3 0
0 36367 4 0
0 36367 5 0
0 36367 6 0
0 36367 7 0
0 36367 8 0
0 15218 9 0
0 15218 10 0
0 15218 11 0
0 15218 12 0
0 15218 13 0
0 15218 14 0
0 39484 15 0
0 39484 0 0
0 39484 1 0
0 39484 2 0
0 39484 3 0
0 39484 4 0
0 61268 5 0
0 61268 6 0
0 61268 7 0
0 61268 8 0
0 61268 9 0
0 61268 10 0
0 50441 11 0
0 50441 12 0
0 50441 13 0
0 50441 14 0
0 50441 15 0
0 50441 0 0
0 25491 1 0
0 25491 2 0
0 25491 3 0
0 25491 4 0
0 25491 5 0
0 25491 6 0
0 49865 7 0
0 49865 8 0
0 49865 9 0
0 49865 10 0
0 49865 11 0
0 49865 12 0
0 32749 13 0
0 32749 14 0
0 32749 15 0
0 32749 0 0
0 32749 1 0
0 32749 2 0
0 13397 3 0
0 13397 4 0
0 13397 5 0
0 13397 6 0
0 13397 7 0
0 13397 8 0
0 53485 9 0
0 53485 10 0
0 53485 11 0
0 53485 12 0
0 53485 13 0
0 53485 14 0
0 7001 15 0
0 7001 0 0
0 7001 1 0
0 7001 2 0
0 7001 3 0
0 7001 4 0
0 8399 5 0
0 8399 6 0
0 8399 7 0
0 8399 8 0
0 8399 9 0
0 8399 10 0
0 41857 11 0
0 41857 12 0
0 41857 13 0
0 41857 14 0
0 41857 15 0
0 41857 0 0
0 44026 1 0
0 44026 2 0
0 44026 3 0
0 44026 4 0
0 44026 5 0
0 44026 6 0
0 40399 7 0
0 40399 8 0
0 40399 9 0
0 40399 10 0
0 40399 11 0
0 40399 12 0
0 21662 13 0
0 21662 14 0
0 21662 15 0
0 21662 0 0
0 21662 1 0
0 21662 2 0
0 16800 3 0
0 16800 4 0
0 16800 5 0
0 16800 6 0
0 16800 7 0
0 16800 8 0
0 3726 9 0
0 3726 10 0
0 3726 11 0
0 3726 12 0
0 3726 13 0
0 3726 14 0
0 31692 15 0
0 31692 0 0
0 31692 1 0
0 31692 2 0
0 31692 3 0
0 31692 4 0
0 11865 5 0
0 11865 6 0
0 11865 7 0
0 11865 8 0
0 11865 9 0
0 11865 10 0
0 38480 11 0
0 38480 12 0
0 38480 13 0
0 38480 14 0
0 38480 15 0
0 38480 0 0
0 4680 1 0
0 4680 2 0
0 4680 3 0
0 4680 4 0
0 4680 5 0
0 4680 6 0
0 29961 7 0
0 29961 8 0
0 29961 9 0
0 29961 10 0
0 29961 11 0
0 29961 12 0
0 22777 13 0
0 22777 14 0
0 22777 15 0
0 22777 0 0
0 22777 1 0
0 22777 2 0
0 57145 3 0
0 57145 4 0
0 57145 5 0
0 57145 6 0
0 57145 7 0
0 57145 8 0
0 54691 9 0
0 54691 10 0
0 54691 11 0
0 54691 12 0
0 54691 13 0
0 54691 14 0
0 43631 15 0
0 43631 0 0
0 43631 1 0
0 43631 2 0
0 43631 3 0
0 43631 4 0
0 15413 5 0
0 15413 6 0
0 15413 7 0
0 15413 8 0
0 15413 9 0
0 15413 10 0
0 61985 11 0
0 61985 12 0
0 61985 13 0
0 61985 14 0
0 61985 15 0
0 61985 0 0
0 9937 1 0
0 9937 2 0
0 9937 3 0
0 9937 4 0
0 9937 5 0
0 9937 6 0
0 49532 7 0
0 49532 8 0
0 49532 9 0
0 49532 10 0
0 49532 11 0
0 49532 12 0
0 61749 13 0
0 61749 14 0
0 61749 15 0
0 61749 0 0
0 61749 1 0
0 61749 2 0
0 6363 3 0
0 6363 4 0
0 6363 5 0
0 6363 6 0
0 6363 7 0
0 6363 8 0
0 14107 9 0
0 14107 10 0
0 14107 11 0
0 14107 12 0
0 14107 13 0
0 14107 14 0
0 22189 15 0
0 22189 0 0
0 22189 1 0
0 22189 2 0
0 22189 3 0
0 22189 4 0
0 62021 5 0
0 62021 6 0
0 62021 7 0
0 62021 8 0
0 62021 9 0
0 62021 10 0
0 53761 11 0
0 53761 12 0
0 53761 13 0
0 53761 14 0
0 53761 15 0
0 53761 0 0
0 34361 1 0
0 34361 2 0
0 34361 3 0
0 34361 4 0
0 34361 5 0
0 34361 6 0
0 28613 7 0
0 28613 8 0
0 28613 9 0
0 28613 10 0
0 28613 11 0
0 28613 12 0
0 54287 13 0
0 54287 14 0
0 54287 15 0
0 54287 0 0
0 54287 1 0
0 54287 2 0
0 40780 3 0
0 40780 4 0
0 40780 5 0
0 40780 6 0
0 40780 7 0
0 40780 8 0
0 22364 9 0
0 22364 10 0
0 22364 11 0
0 22364 12 0
0 22364 13 0
0 22364 14 0
0 11212 15 0
0 11212 0 0
0 11212 1 0
0 11212 2 0
0 11212 3 0
0 11212 4 0
0 13021 5 0
0 13021 6 0
0 13021 7 0
0 13021 8 0
0 13021 9 0
0 13021 10 0
0 59674 11 0
0 59674 12 0
0 59674 13 0
0 59674 14 0
0 59674 15 0
0 59674 0 0
0 2283 1 0
0 2283 2 0
0 2283 3 0
0 2283 4 0
0 2283 5 0
0 2283 6 0
0 37933 7 0
0 37933 8 0
0 37933 9 0
0 37933 10 0
0 37933 11 0
0 37933 12 0
0 21491 13 0
0 21491 14 0
0 21491 15 0
0 21491 0 0
0 21491 1 0
0 21491 2 0
0 16589 3 0
0 16589 4 0
0 16589 5 0
0 16589 6 0
0 16589 7 0
0 16589 8 0
0 50672 9 0
0 50672 10 0
0 50672 11 0
0 50672 12 0
0 50672 13 0
0 50672 14 0
0 19878 15 0
0 19878 0 0
0 19878 1 0
0 19878 2 0
0 19878 3 0
0 19878 4 0
0 30697 5 0
0 30697 6 0
0 30697 7 0
0 30697 8 0
0 30697 9 0
0 30697 10 0
0 14759 11 0
0 14759 12 0
0 14759 13 0
0 14759 14 0
0 14759 15 0
0 14759 0 0
0 50897 1 0
0 50897 2 0
0 50897 3 0
0 50897 4 0
0 50897 5 0
0 50897 6 0
0 19707 7 0
0 19707 8 0
0 19707 9 0
0 19707 10 0
0 19707 11 0
0 19707 12 0
0 25404 13 0
0 25404 14 0
0 25404 15 0
0 25404 0 0
0 25404 1 0
0 25404 2 0
0 21464 3 0
0 21464 4 0
0 21464 5 0
0 21464 6 0
0 21464 7 0
0 21464 8 0
0 63780 9 0
0 63780 10 0
0 63780 11 0
0 63780 12 0
0 63780 13 0
0 63780 14 0
0 48975 15 0
0 48975 0 0
0 48975 1 0
0 48975 2 0
0 48975 3 0
0 48975 4 0
0 13717 5 0
0 13717 6 0
0 13717 7 0
0 13717 8 0
0 13717 9 0
0 13717 10 0
0 2146 11 0
0 2146 12 0
0 2146 13 0
0 2146 14 0
0 2146 15 0
0 2146 0 0
0 50546 1 0
0 50546 2 0
0 50546 3 0
0 50546 4 0
0 50546 5 0
0 50546 6 0
0 3454 7 0
0 3454 8 0
0 3454 9 0
0 3454 10 0
0 3454 11 0
0 3454 12 0
0 53494 13 0
0 53494 14 0
0 53494 15 0
0 53494 0 0
0 53494 1 0
0 53494 2 0
0 35156 3 0
0 35156 4 0
0 35156 5 0
0 35156 6 0
0 35156 7 0
0 35156 8 0
0 33293 9 0
0 33293 10 0
0 33293 11 0
0 33293 12 0
0 33293 13 0
0 33293 14 0
0 42847 15 0
0 42847 0 0
0 42847 1 0
0 42847 2 0
0 42847 3 0
0 42847 4 0
0 11632 5 0
0 11632 6 0
0 11632 7 0
0 11632 8 0
0 11632 9 0
0 11632 10 0
0 27145 11 0
0 27145 12 0
0 27145 13 0
0 27145 14 0
0 27145 15 0
0 27145 0 0
0 46313 1 0
0 46313 2 0
0 46313 3 0
0 46313 4 0
0 46313 5 0
0 46313 6 0
0 8765 7 0
0 8765 8 0
0 8765 9 0
0 8765 10 0
0 8765 11 0
0 8765 12 0
0 45476 13 0
0 45476 14 0
0 45476 15 0
0 45476 0 0
0 45476 1 0
0 45476 2 0
0 4259 3 0
0 4259 4 0
0 4259 5 0
0 4259 6 0
0 4259 7 0
0 4259 8 0
0 32621 9 0
0 32621 10 0
0 32621 11 0
0 32621 12 0
0 32621 13 0
0 32621 14 0
0 53190 15 0
0 53190 0 0
0 53190 1 0
0 53190 2 0
0 53190 3 0
0 53190 4 0
0 11857 5 0
0 11857 6 0
0 11857 7 0
0 11857 8 0
0 11857 9 0
0 11857 10 0
0 8653 11 0
0 8653 12 0
0 8653 13 0
0 8653 14 0
0 8653 15 0
0 8653 0 0
0 10043 1 0
0 10043 2 0
0 10043 3 0
0 10043 4 0
0 10043 5 0
0 10043 6 0
0 39985 7 0
0 39985 8 0
0 39985 9 0
0 39985 10 0
0 39985 11 0
0 39985 12 0
0 4786 13 0
0 4786 14 0
0 4786 15 0
0 4786 0 0
0 4786 1 0
0 4786 2 0
0 50898 3 0
0 50898 4 0
0 50898 5 0
0 50898 6 0
0 50898 7 0
0 50898 8 0
0 3634 9 0
0 3634 10 0
0 3634 11 0
0 3634 12 0
0 3634 13 0
0 3634 14 0
0 51727 15 0
0 51727 0 0
0 51727 1 0
0 51727 2 0
0 51727 3 0
0 51727 4 0
0 53894 5 0
0 53894 6 0
0 53894 7 0
0 53894 8 0
0 53894 9 0
0 53894 10 0
0 12817 11 0
0 12817 12 0
0 12817 13 0
0 12817 14 0
0 12817 15 0
0 12817 0 0
0 45369 1 0
0 45369 2 0
0 45369 3 0
0 45369 4 0
0 45369 5 0
0 45369 6 0
0 28095 7 0
0 28095 8 0
0 28095 9 0
0 28095 10 0
0 28095 11 0
0 28095 12 0
0 64827 13 0
0 64827 14 0
0 64827 15 0
0 64827 0 0
0 64827 1 0
0 64827 2 0
0 22852 3 0
0 22852 4 0
0 22852 5 0
0 22852 6 0
0 22852 7 0
0 22852 8 0
0 4686 9 0
0 4686 10 0
0 4686 11 0
0 4686 12 0
0 4686 13 0
0 4686 14 0
0 9010 15 0
0 9010 0 0
0 9010 1 0
0 9010 2 0
0 9010 3 0
0 9010 4 0
0 24689 5 0
0 24689 6 0
0 24689 7 0
0 24689 8 0
0 24689 9 0
0 24689 10 0
0 17929 11 0
0 17929 12 0
0 17929 13 0
0 17929 14 0
0 17929 15 0
0 17929 0 0
0 35242 1 0
0 35242 2 0
0 35242 3 0
0 35242 4 0
0 35242 5 0
0 35242 6 0
0 57437 7 0
0 57437 8 0
0 57437 9 0
0 57437 10 0
0 57437 11 0
0 57437 12 0
0 30186 13 0
0 30186 14 0
0 30186 15 0
0 30186 0 0
0 30186 1 0
0 30186 2 0
0 24311 3 0
0 24311 4 0
0 24311 5 0
0 24311 6 0
0 24311 7 0
0 24311 8 0
0 51627 9 0
0 51627 10 0
0 51627 11 0
0 51627 12 0
0 51627 13 0
0 51627 14 0
0 62594 15 0
0 62594 0 0
0 62594 1 0
0 62594 2 0
0 62594 3 0
0 62594 4 0
0 15858 5 0
0 15858 6 0
0 15858 7 0
0 15858 8 0
0 15858 9 0
0 15858 10 0
0 35514 11 0
0 35514 12 0
0 35514 13 0
0 35514 14 0
0 35514 15 0
0 35514 0 0
0 35141 1 0
0 35141 2 0
0 35141 3 0
0 35141 4 0
0 35141 5 0
0 35141 6 0
0 54272 7 0
0 54272 8 0
0 54272 9 0
0 54272 10 0
0 54272 11 0
0 54272 12 0
0 9184 13 0
0 9184 14 0
0 9184 15 0
0 9184 0 0
0 9184 1 0
0 9184 2 0
0 49860 3 0
0 49860 4 0
0 49860 5 0
0 49860 6 0
0 49860 7 0
0 49860 8 0
0 48672 9 0
0 48672 10 0
0 48672 11 0
0 48672 12 0
0 48672 13 0
0 48672 14 0
0 12288 15 0
0 12288 0 0
0 12288 1 0
0 12288 2 0
0 12288 3 0
0 12288 4 0
0 12844 5 0
0 12844 6 0
0 12844 7 0
0 12844 8 0
0 12844 9 0
0 12844 10 0
0 19062 11 0
0 19062 12 0
0 19062 13 0
0 19062 14 0
0 19062 15 0
0 19062 0 0
0 38226 1 0
0 38226 2 0
0 38226 3 0
0 38226 4 0
0 38226 5 0
0 38226 6 0
0 28868 7 0
0 28868 8 0
0 28868 9 0
0 28868 10 0
0 28868 11 0
0 28868 12 0
0 57894 13 0
0 57894 14 0
0 57894 15 0
0 57894 0 0
0 57894 1 0
0 57894 2 0
0 25224 3 0
0 25224 4 0
0 25224 5 0
0 25224 6 0
0 25224 7 0
0 25224 8 0
0 26842 9 0
0 26842 10 0
0 26842 11 0
0 26842 12 0
0 26842 13 0
0 26842 14 0
0 65408 15 0
0 65408 0 0
0 65408 1 0
0 65408 2 0
0 65408 3 0
0 65408 4 0
0 24777 5 0
0 24777 6 0
0 24777 7 0
0 24777 8 0
0 24777 9 0
0 24777 10 0
0 26402 11 0
0 26402 12 0
0 26402 13 0
0 26402 14 0
0 26402 15 0
0 26402 0 0
0 25781 1 0
0 25781 2 0
0 25781 3 0
0 25781 4 0
0 25781 5 0
0 25781 6 0
0 35067 7 0
0 35067 8 0
0 35067 9 0
0 35067 10 0
0 35067 11 0
0 35067 12 0
0 56725 13 0
0 56725 14 0
0 56725 15 0
0 56725 0 0
0 56725 1 0
0 56725 2 0
0 33059 3 0
0 33059 4 0
0 33059 5 0
0 33059 6 0
0 33059 7 0
0 33059 8 0
0 31161 9 0
0 31161 10 0
0 31161 11 0
0 31161 12 0
0 31161 13 0
0 31161 14 0
0 33474 15 0
0 33474 0 0
0 33474 1 0
0 33474 2 0
0 33474 3 0
0 33474 4 0
0 62723 5 0
0 62723 6 0
0 62723 7 0
0 62723 8 0
0 62723 9 0
0 62723 10 0
0 18175 11 0
0 18175 12 0
0 18175 13 0
0 18175 14 0
0 18175 15 0
0 18175 0 0
0 63780 1 0
0 63780 2 0
0 63780 3 0
0 63780 4 0
0 63780 5 0
0 63780 6 0
0 32409 7 0
0 32409 8 0
0 32409 9 0
0 32409 10 0
0 32409 11 0
0 32409 12 0
0 3672 13 0
0 3672 14 0
0 3672 15 0
0 3672 0 0
0 3672 1 0
0 3672 2 0
0 43423 3 0
0 43423 4 0
0 43423 5 0
0 43423 6 0
0 43423 7 0
0 43423 8 0
0 9867 9 0
0 9867 10 0
0 9867 11 0
0 9867 12 0
0 9867 13 0
0 9867 14 0
0 63010 15 0
0 63010 0 0
0 63010 1 0
0 63010 2 0
0 63010 3 0
0 63010 4 0
0 53126 5 0
0 53126 6 0
0 53126 7 0
0 53126 8 0
0 53126 9 0
0 53126 10 0
0 23997 11 0
0 23997 12 0
0 23997 13 0
0 23997 14 0
0 23997 15 0
0 23997 0 0
0 61430 1 0
0 61430 2 0
0 61430 3 0
0 61430 4 0
0 61430 5 0
0 61430 6 0
0 4136 7 0
0 4136 8 0
0 4136 9 0
0 4136 10 0
0 4136 11 0
0 4136 12 0
0 4477 13 0
0 4477 14 0
0 4477 15 0
0 4477 0 0
0 4477 1 0
0 4477 2 0
0 57763 3 0
0 57763 4 0
0 57763 5 0
0 57763 6 0
0 57763 7 0
0 57763 8 0
0 29073 9 0
0 29073 10 0
0 29073 11 0
0 29073 12 0
0 29073 13 0
0 29073 14 0
0 29248 15 0
0 29248 0 0
0 29248 1 0
0 29248 2 0
0 29248 3 0
0 29248 4 0
0 30598 5 0
0 30598 6 0
0 30598 7 0
0 30598 8 0
0 30598 9 0
0 30598 10 0
0 53175 11 0
0 53175 12 0
0 53175 13 0
0 53175 14 0
0 53175 15 0
0 53175 0 0
0 714 1 0
0 714 2 0
0 714 3 0
0 714 4 0
0 714 5 0
0 714 6 0
0 31717 7 0
0 31717 8 0
0 31717 9 0
0 31717 10 0
0 31717 11 0
0 31717 12 0
0 61932 13 0
0 61932 14 0
0 61932 15 0
0 61932 0 0
0 61932 1 0
0 61932 2 0
0 28339 3 0
0 28339 4 0
0 28339 5 0
0 28339 6 0
0 28339 7 0
0 28339 8 0
0 50352 9 0
0 50352 10 0
0 50352 11 0
0 50352 12 0
0 50352 13 0
0 50352 14 0
0 46220 15 0
0 46220 0 0
0 46220 1 0
0 46220 2 0
0 46220 3 0
0 46220 4 0
0 64099 5 0
0 64099 6 0
0 64099 7 0
0 64099 8 0
0 64099 9 0
0 64099 10 0
0 10820 11 0
0 10820 12 0
0 10820 13 0
0 10820 14 0
0 10820 15 0
0 10820 0 0
0 4631 1 0
0 4631 2 0
0 4631 3 0
0 4631 4 0
0 4631 5 0
0 4631 6 0
0 65255 7 0
0 65255 8 0
0 65255 9 0
0 65255 10 0
0 65255 11 0
0 65255 12 0
0 32310 13 0
0 32310 14 0
0 32310 15 0
0 32310 0 0
0 32310 1 0
0 32310 2 0
0 15541 3 0
0 15541 4 0
0 15541 5 0
0 15541 6 0
0 15541 7 0
0 15541 8 0
0 26358 9 0
0 26358 10 0
0 26358 11 0
0 26358 12 0
0 26358 13 0
0 26358 14 0
0 61383 15 0
0 61383 0 0
0 61383 1 0
0 61383 2 0
0 61383 3 0
0 61383 4 0
0 16688 5 0
0 16688 6 0
0 16688 7 0
0 16688 8 0
0 16688 9 0
0 16688 10 0
0 39103 11 0
0 39103 12 0
0 39103 13 0
0 39103 14 0
0 39103 15 0
0 39103 0 0
0 15023 1 0
0 15023 2 0
0 15023 3 0
0 15023 4 0
0 15023 5 0
0 15023 6 0
0 7977 7 0
0 7977 8 0
0 7977 9 0
0 7977 10 0
0 7977 11 0
0 7977 12 0
0 43419 13 0
0 43419 14 0
0 43419 15 0
0 43419 0 0
0 43419 1 0
0 43419 2 0
0 5283 3 0
0 5283 4 0
0 5283 5 0
0 5283 6 0
0 5283 7 0
0 5283 8 0
0 36818 9 0
0 36818 10 0
0 36818 11 0
0 36818 12 0
0 36818 13 0
0 36818 14 0
0 18005 15 0
0 18005 0 0
0 18005 1 0
0 18005 2 0
0 18005 3 0
0 18005 4 0
0 8818 5 0
0 8818 6 0
0 8818 7 0
0 8818 8 0
0 8818 9 0
0 8818 10 0
0 40970 11 0
0 40970 12 0
0 40970 13 0
0 40970 14 0
0 40970 15 0
0 40970 0 0
0 49731 1 0
0 49731 2 0
0 49731 3 0
0 49731 4 0
0 49731 5 0
0 49731 6 0
0 61004 7 0
0 61004 8 0
0 61004 9 0
0 61004 10 0
0 61004 11 0
0 61004 12 0
0 37795 13 0
0 37795 14 0
0 37795 15 0
0 37795 0 0
0 37795 1 0
0 37795 2 0
0 9564 3 0
0 9564 4 0
0 9564 5 0
0 9564 6 0
0 9564 7 0
0 9564 8 0
0 13356 9 0
0 13356 10 0
0 13356 11 0
0 13356 12 0
0 13356 13 0
0 13356 14 0
0 61963 15 0
0 61963 0 0
0 61963 1 0
0 61963 2 0
0 61963 3 0
0 61963 4 0
0 46936 5 0
0 46936 6 0
0 46936 7 0
0 46936 8 0
0 46936 9 0
0 46936 10 0
0 27966 11 0
0 27966 12 0
0 27966 13 0
0 27966 14 0
0 27966 15 0
0 27966 0 0
0 2594 1 0
0 2594 2 0
0 2594 3 0
0 2594 4 0
0 2594 5 0
0 2594 6 0
0 12801 7 0
0 12801 8 0
0 12801 9 0
0 12801 10 0
0 12801 11 0
0 12801 12 0
0 49579 13 0
0 49579 14 0
0 49579 15 0
0 49579 0 0
0 49579 1 0
0 49579 2 0
0 24896 3 0
0 24896 4 0
0 24896 5 0
0 24896 6 0
0 24896 7 0
0 24896 8 0
0 43604 9 0
0 43604 10 0
0 43604 11 0
0 43604 12 0
0 43604 13 0
0 43604 14 0
0 56098 15 0
0 56098 0 0
0 56098 1 0
0 56098 2 0
0 56098 3 0
0 56098 4 0
0 59794 5 0
0 59794 6 0
0 59794 7 0
0 59794 8 0
0 59794 9 0
0 59794 10 0
0 44774 11 0
0 44774 12 0
0 44774 13 0
0 44774 14 0
0 44774 15 0
0 44774 0 0
0 34942 1 0
0 34942 2 0
0 34942 3 0
0 34942 4 0
0 34942 5 0
0 34942 6 0
0 52117 7 0
0 52117 8 0
0 52117 9 0
0 52117 10 0
0 52117 11 0
0 52117 12 0
0 63418 13 0
0 63418 14 0
0 63418 15 0
0 63418 0 0
0 63418 1 0
0 63418 2 0
0 10384 3 0
0 10384 4 0
0 10384 5 0
0 10384 6 0
0 10384 7 0
0 10384 8 0
0 56744 9 0
0 56744 10 0
0 56744 11 0
0 56744 12 0
0 56744 13 0
0 56744 14 0
0 33481 15 0
0 33481 0 0
0 33481 1 0
0 33481 2 0
0 33481 3 0
0 33481 4 0
0 25171 5 0
0 25171 6 0
0 25171 7 0
0 25171 8 0
0 25171 9 0
0 25171 10 0
0 24989 11 0
0 24989 12 0
0 24989 13 0
0 24989 14 0
0 24989 15 0
0 24989 0 0
0 16771 1 0
0 16771 2 0
0 16771 3 0
0 16771 4 0
0 16771 5 0
0 16771 6 0
0 20117 7 0
0 20117 8 0
0 20117 9 0
0 20117 10 0
0 20117 11 0
0 20117 12 0
0 47886 13 0
0 47886 14 0
0 47886 15 0
0 47886 0 0
0 47886 1 0
0 47886 2 0
0 63749 3 0
0 63749 4 0
0 63749 5 0
0 63749 6 0
0 63749 7 0
0 63749 8 0
0 46985 9 0
0 46985 10 0
0 46985 11 0
0 46985 12 0
0 46985 13 0
0 46985 14 0
0 59606 15 0
0 59606 0 0
0 59606 1 0
0 59606 2 0
0 59606 3 0
0 59606 4 0
0 33135 5 0
0 33135 6 0
0 33135 7 0
0 33135 8 0
0 33135 9 0
0 33135 10 0
0 39238 11 0
0 39238 12 0
0 39238 13 0
0 39238 14 0
0 39238 15 0
0 39238 0 0
0 6294 1 0
0 6294 2 0
0 6294 3 0
0 6294 4 0
0 6294 5 0
0 6294 6 0
0 58056 7 0
0 58056 8 0
0 58056 9 0
0 58056 10 0
0 58056 11 0
0 58056 12 0
0 42980 13 0
0 42980 14 0
0 42980 15 0
0 42980 0 0
0 42980 1 0
0 42980 2 0
0 46083 3 0
0 46083 4 0
0 46083 5 0
0 46083 6 0
0 46083 7 0
0 46083 8 0
0 31988 9 0
0 31988 10 0
0 31988 11 0
0 31988 12 0
0 31988 13 0
0 31988 14 0
0 46990 15 0
0 46990 0 0
0 46990 1 0
0 46990 2 0
0 46990 3 0
0 46990 4 0
0 2277 5 0
0 2277 6 0
0 2277 7 0
0 2277 8 0
0 2277 9 0
0 2277 10 0
0 17423 11 0
0 17423 12 0
0 17423 13 0
0 17423 14 0
0 17423 15 0
0 17423 0 0
0 28528 1 0
0 28528 2 0
0 28528 3 0
0 28528 4 0
0 28528 5 0
0 28528 6 0
0 9382 7 0
0 9382 8 0
0 9382 9 0
0 9382 10 0
0 9382 11 0
0 9382 12 0
0 46017 13 0
0 46017 14 0
0 46017 15 0
0 46017 0 0
0 46017 1 0
0 46017 2 0
0 55926 3 0
0 55926 4 0
0 55926 5 0
0 55926 6 0
0 55926 7 0
0 55926 8 0
0 22488 9 0
0 22488 10 0
0 22488 11 0
0 22488 12 0
0 22488 13 0
0 22488 14 0
0 25211 15 0
0 25211 0 0
0 25211 1 0
0 25211 2 0
0 25211 3 0
0 25211 4 0
0 10502 5 0
0 10502 6 0
0 10502 7 0
0 10502 8 0
0 10502 9 0
0 10502 10 0
0 51031 11 0
0 51031 12 0
0 51031 13 0
0 51031 14 0
0 51031 15 0
0 51031 0 0
0 42633 1 0
0 42633 2 0
0 42633 3 0
0 42633 4 0
0 42633 5 0
0 42633 6 0
0 34038 7 0
0 34038 8 0
0 34038 9 0
0 34038 10 0
0 34038 11 0
0 34038 12 0
0 45401 13 0
0 45401 14 0
0 45401 15 0
0 45401 0 0
0 45401 1 0
0 45401 2 0
0 23912 3 0
0 23912 4 0
0 23912 5 0
0 23912 6 0
0 23912 7 0
0 23912 8 0
0 50490 9 0
0 50490 10 0
0 50490 11 0
0 50490 12 0
0 50490 13 0
0 50490 14 0
0 246 15 0
0 246 0 0
0 246 1 0
0 246 2 0
0 246 3 0
0 246 4 0
0 19624 5 0
0 19624 6 0
0 19624 7 0
0 19624 8 0
0 19624 9 0
0 19624 10 0
0 12397 11 0
0 12397 12 0
0 12397 13 0
0 12397 14 0
0 12397 15 0
0 12397 0 0
0 5858 1 0
0 5858 2 0
0 5858 3 0
0 5858 4 0
0 5858 5 0
0 5858 6 0
0 61522 7 0
0 61522 8 0
0 61522 9 0
0 61522 10 0
0 61522 11 0
0 61522 12 0
0 2814 13 0
0 2814 14 0
0 2814 15 0
0 2814 0 0
0 2814 1 0
0 2814 2 0
0 29751 3 0
0 29751 4 0
0 29751 5 0
0 29751 6 0
0 29751 7 0
0 29751 8 0
0 29513 9 0
0 29513 10 0
0 29513 11 0
0 29513 12 0
0 29513 13 0
0 29513 14 0
0 60566 15 0
0 60566 0 0
0 60566 1 0
0 60566 2 0
0 60566 3 0
0 60566 4 0
0 44893 5 0
0 44893 6 0
0 44893 7 0
0 44893 8 0
0 44893 9 0
0 44893 10 0
0 46441 11 0
0 46441 12 0
0 46441 13 0
0 46441 14 0
0 46441 15 0
0 46441 0 0
0 56961 1 0
0 56961 2 0
0 56961 3 0
0 56961 4 0
0 56961 5 0
0 56961 6 0
0 45224 7 0
0 45224 8 0
0 45224 9 0
0 45224 10 0
0 45224 11 0
0 45224 12 0
0 42800 13 0
0 42800 14 0
0 42800 15 0
0 42800 0 0
0 42800 1 0
0 42800 2 0
0 30142 3 0
0 30142 4 0
0 30142 5 0
0 30142 6 0
0 30142 7 0
0 30142 8 0
0 8890 9 0
0 8890 10 0
0 8890 11 0
0 8890 12 0
0 8890 13 0
0 8890 14 0
0 36803 15 0
0 36803 0 0
0 36803 1 0
0 36803 2 0
0 36803 3 0
0 36803 4 0
0 40583 5 0
0 40583 6 0
0 40583 7 0
0 40583 8 0
0 40583 9 0
0 40583 10 0
0 17309 11 0
0 17309 12 0
0 17309 13 0
0 17309 14 0
0 17309 15 0
0 17309 0 0
0 469 1 0
0 469 2 0
0 469 3 0
0 469 4 0
0 469 5 0
0 469 6 0
0 26678 7 0
0 26678 8 0
0 26678 9 0
0 26678 10 0
0 26678 11 0
0 26678 12 0
0 44571 13 0
0 44571 14 0
0 44571 15 0
0 44571 0 0
0 44571 1 0
0 44571 2 0
0 37295 3 0
0 37295 4 0
0 37295 5 0
0 37295 6 0
0 37295 7 0
0 37295 8 0
0 60217 9 0
0 60217 10 0
0 60217 11 0
0 60217 12 0
0 60217 13 0
0 60217 14 0
0 18015 15 0
0 18015 0 0
0 18015 1 0
0 18015 2 0
0 18015 3 0
0 18015 4 0
0 21078 5 0
0 21078 6 0
0 21078 7 0
0 21078 8 0
0 21078 9 0
0 21078 10 0
0 16134 11 0
0 16134 12 0
0 16134 13 0
0 16134 14 0
0 16134 15 0
0 16134 0 0
0 11412 1 0
0 11412 2 0
0 11412 3 0
0 11412 4 0
0 11412 5 0
0 11412 6 0
0 20214 7 0
0 20214 8 0
0 20214 9 0
0 20214 10 0
0 20214 11 0
0 20214 12 0
0 50528 13 0
0 50528 14 0
0 50528 15 0
0 50528 0 0
0 50528 1 0
0 50528 2 0
0 53281 3 0
0 53281 4 0
0 53281 5 0
0 53281 6 0
0 53281 7 0
0 53281 8 0
0 51453 9 0
0 51453 10 0
0 51453 11 0
0 51453 12 0
0 51453 13 0
0 51453 14 0
0 5426 15 0
0 5426 0 0
0 5426 1 0
0 5426 2 0
0 5426 3 0
0 5426 4 0
0 60015 5 0
0 60015 6 0
0 60015 7 0
0 60015 8 0
0 60015 9 0
0 60015 10 0
0 39229 11 0
0 39229 12 0
0 39229 13 0
0 39229 14 0
0 39229 15 0
0 39229 0 0
0 49837 1 0
0 49837 2 0
0 49837 3 0
0 49837 4 0
0 49837 5 0
0 49837 6 0
0 14178 7 0
0 14178 8 0
0 14178 9 0
0 14178 10 0
0 14178 11 0
0 14178 12 0
0 23313 13 0
0 23313 14 0
0 23313 15 0
0 23313 0 0
0 23313 1 0
0 23313 2 0
0 26707 3 0
0 26707 4 0
0 26707 5 0
0 26707 6 0
0 26707 7 0
0 26707 8 0
0 46434 9 0
0 46434 10 0
0 46434 11 0
0 46434 12 0
0 46434 13 0
0 46434 14 0
0 52762 15 0
0 52762 0 0
0 52762 1 0
0 52762 2 0
0 52762 3 0
0 52762 4 0
0 16777 5 0
0 16777 6 0
0 16777 7 0
0 16777 8 0
0 16777 9 0
0 16777 10 0
0 37574 11 0
0 37574 12 0
0 37574 13 0
0 37574 14 0
0 37574 15 0
0 37574 0 0
0 49056 1 0
0 49056 2 0
0 49056 3 0
0 49056 4 0
0 49056 5 0
0 49056 6 0
0 55026 7 0
0 55026 8 0
0 55026 9 0
0 55026 10 0
0 55026 11 0
0 55026 12 0
0 56113 13 0
0 56113 14 0
0 56113 15 0
0 56113 0 0
0 56113 1 0
0 56113 2 0
0 34138 3 0
0 34138 4 0
0 34138 5 0
0 34138 6 0
0 34138 7 0
0 34138 8 0
0 44297 9 0
0 44297 10 0
0 44297 11 0
0 44297 12 0
0 44297 13 0
0 44297 14 0
0 2194 15 0
0 2194 0 0
0 2194 1 0
0 2194 2 0
0 2194 3 0
0 2194 4 0
0 53527 5 0
0 53527 6 0
0 53527 7 0
0 53527 8 0
0 53527 9 0
0 53527 10 0
0 4545 11 0
0 4545 12 0
0 4545 13 0
0 4545 14 0
0 4545 15 0
0 4545 0 0
0 37636 1 0
0 37636 2 0
0 37636 3 0
0 37636 4 0
0 37636 5 0
0 37636 6 0
0 59551 7 0
0 59551 8 0
0 59551 9 0
0 59551 10 0
0 59551 11 0
0 59551 12 0
0 54474 13 0
0 54474 14 0
0 54474 15 0
0 54474 0 0
0 54474 1 0
0 54474 2 0
0 30761 3 0
0 30761 4 0
0 30761 5 0
0 30761 6 0
0 30761 7 0
0 30761 8 0
0 17338 9 0
0 17338 10 0
0 17338 11 0
0 17338 12 0
0 17338 13 0
0 17338 14 0
0 15127 15 0
0 15127 0 0
0 15127 1 0
0 15127 2 0
0 15127 3 0
0 15127 4 0
0 32227 5 0
0 32227 6 0
0 32227 7 0
0 32227 8 0
0 32227 9 0
0 32227 10 0
0 52215 11 0
0 52215 12 0
0 52215 13 0
0 52215 14 0
0 52215 15 0
0 52215 0 0
0 16909 1 0
0 16909 2 0
0 16909 3 0
0 16909 4 0
0 16909 5 0
0 16909 6 0
0 33860 7 0
0 33860 8 0
0 33860 9 0
0 33860 10 0
0 33860 11 0
0 33860 12 0
0 62253 13 0
0 62253 14 0
0 62253 15 0
0 62253 0 0
0 62253 1 0
0 62253 2 0
0 24876 3 0
0 24876 4 0
0 24876 5 0
0 24876 6 0
0 24876 7 0
0 24876 8 0
0 35022 9 0
0 35022 10 0
0 35022 11 0
0 35022 12 0
0 35022 13 0
0 35022 14 0
0 40532 15 0
0 40532 0 0
0 40532 1 0
0 40532 2 0
0 40532 3 0
0 40532 4 0
0 27287 5 0
0 27287 6 0
0 27287 7 0
0 27287 8 0
0 27287 9 0
0 27287 10 0
0 29670 11 0
0 29670 12 0
0 29670 13 0
0 29670 14 0
0 29670 15 0
0 29670 0 0
0 47450 1 0
0 47450 2 0
0 47450 3 0
0 47450 4 0
0 47450 5 0
0 47450 6 0
0 30840 7 0
0 30840 8 0
0 30840 9 0
0 30840 10 0
0 30840 11 0
0 30840 12 0
0 5987 13 0
0 5987 14 0
0 5987 15 0
0 5987 0 0
0 5987 1 0
0 5987 2 0
0 39516 3 0
0 39516 4 0
0 39516 5 0
0 39516 6 0
0 39516 7 0
0 39516 8 0
0 40870 9 0
0 40870 10 0
0 40870 11 0
0 40870 12 0
0 40870 13 0
0 40870 14 0
0 64449 15 0
0 64449 0 0
0 64449 1 0
0 64449 2 0
0 64449 3 0
0 64449 4 0
0 38847 5 0
0 38847 6 0
0 38847 7 0
0 38847 8 0
0 38847 9 0
0 38847 10 0
0 52032 11 0
0 52032 12 0
0 52032 13 0
0 52032 14 0
0 52032 15 0
0 52032 0 0
0 54858 1 0
0 54858 2 0
0 54858 3 0
0 54858 4 0
0 54858 5 0
0 54858 6 0
0 46534 7 0
0 46534 8 0
0 46534 9 0
0 46534 10 0
0 46534 11 0
0 46534 12 0
0 16204 13 0
0 16204 14 0
0 16204 15 0
0 16204 0 0
0 16204 1 0
0 16204 2 0
0 83 3 0
0 83 4 0
0 83 5 0
0 83 6 0
0 83 7 0
0 83 8 0
0 16799 9 0
0 16799 10 0
0 16799 11 0
0 16799 12 0
0 16799 13 0
0 16799 14 0
0 45155 15 0
0 45155 0 0
0 45155 1 0
0 45155 2 0
0 45155 3 0
0 45155 4 0
0 12368 5 0
0 12368 6 0
0 12368 7 0
0 12368 8 0
0 12368 9 0
0 12368 10 0
0 12271 11 0
0 12271 12 0
0 12271 13 0
0 12271 14 0
0 12271 15 0
0 12271 0 0
0 28516 1 0
0 28516 2 0
0 28516 3 0
0 28516 4 0
0 28516 5 0
0 28516 6 0
0 35230 7 0
0 35230 8 0
0 35230 9 0
0 35230 10 0
0 35230 11 0
0 35230 12 0
0 56717 13 0
0 56717 14 0
0 56717 15 0
0 56717 0 0
0 56717 1 0
0 56717 2 0
0 64162 3 0
0 64162 4 0
0 64162 5 0
0 64162 6 0
0 64162 7 0
0 64162 8 0
0 4970 9 0
0 4970 10 0
0 4970 11 0
0 4970 12 0
0 4970 13 0
0 4970 14 0
0 53685 15 0
0 53685 0 0
0 53685 1 0
0 53685 2 0
0 53685 3 0
0 53685 4 0
0 1843 5 0
0 1843 6 0
0 1843 7 0
0 1843 8 0
0 1843 9 0
0 1843 10 0
0 48820 11 0
0 48820 12 0
0 48820 13 0
0 48820 14 0
0 48820 15 0
0 48820 0 0
0 12198 1 0
0 12198 2 0
0 12198 3 0
0 12198 4 0
0 12198 5 0
0 12198 6 0
0 60140 7 0
0 60140 8 0
0 60140 9 0
0 60140 10 0
0 60140 11 0
0 60140 12 0
0 37314 13 0
0 37314 14 0
0 37314 15 0
0 37314 0 0
0 37314 1 0
0 37314 2 0
0 25173 3 0
0 25173 4 0
0 25173 5 0
0 25173 6 0
0 25173 7 0
0 25173 8 0
0 43545 9 0
0 43545 10 0
0 43545 11 0
0 43545 12 0
0 43545 13 0
0 43545 14 0
0 60733 15 0
0 60733 0 0
0 60733 1 0
0 60733 2 0
0 60733 3 0
0 60733 4 0
0 52219 5 0
0 52219 6 0
0 52219 7 0
0 52219 8 0
0 52219 9 0
0 52219 10 0
0 64938 11 0
0 64938 12 0
0 64938 13 0
0 64938 14 0
0 64938 15 0
0 64938 0 0
0 1807 1 0
0 1807 2 0
0 1807 3 0
0 1807 4 0
0 1807 5 0
0 1807 6 0
0 33359 7 0
0 33359 8 0
0 33359 9 0
0 33359 10 0
0 33359 11 0
0 33359 12 0
0 47887 13 0
0 47887 14 0
0 47887 15 0
