0 0 0 0
0 0 1 0
0 0 2 0
0 0 3 0
0 0 4 0
0 56647 5 0
0 56647 6 0
0 56647 7 0
0 56647 8 0
0 56647 9 0
0 56647 10 0
0 61656 11 0
0 61656 12 0
0 61656 13 0
0 61656 14 0
0 61656 15 0
0 61656 0 0
0 50792 1 0
0 50792 2 0
0 50792 3 0
0 50792 4 0
0 50792 5 0
0 50792 6 0
0 61641 7 0
0 61641 8 0
0 61641 9 0
0 61641 10 0
0 61641 11 0
0 61641 12 0
0 15076 13 0
0 15076 14 0
0 15076 15 0
0 15076 0 0
0 15076 1 0
0 15076 2 0
0 54514 3 0
0 54514 4 0
0 54514 5 0
0 54514 6 0
0 54514 7 0
0 54514 8 0
0 38101 9 0
0 38101 10 0
0 38101 11 0
0 38101 12 0
0 38101 13 0
0 38101 14 0
0 34156 15 0
0 34156 0 0
0 34156 1 0
0 34156 2 0
0 34156 3 0
0 34156 4 0
0 7196 5 0
0 7196 6 0
0 7196 7 0
0 7196 8 0
0 7196 9 0
0 7196 10 0
0 24754 11 0
0 24754 12 0
0 24754 13 0
0 24754 14 0
0 24754 15 0
0 24754 0 0
0 29735 1 0
0 29735 2 0
0 29735 3 0
0 29735 4 0
0 29735 5 0
0 29735 6 0
0 37337 7 0
0 37337 8 0
0 37337 9 0
0 37337 10 0
0 37337 11 0
0 37337 12 0
0 41785 13 0
0 41785 14 0
0 41785 15 0
0 41785 0 0
0 41785 1 0
0 41785 2 0
0 57990 3 0
0 57990 4 0
0 57990 5 0
0 57990 6 0
0 57990 7 0
0 57990 8 0
0 35431 9 0
0 35431 10 0
0 35431 11 0
0 35431 12 0
0 35431 13 0
0 35431 14 0
0 58832 15 0
0 58832 0 0
0 58832 1 0
0 58832 2 0
0 58832 3 0
0 58832 4 0
0 16127 5 0
0 16127 6 0
0 16127 7 0
0 16127 8 0
0 16127 9 0
0 16127 10 0
0 54522 11 0
0 54522 12 0
0 54522 13 0
0 54522 14 0
0 54522 15 0
0 54522 0 0
0 38223 1 0
0 38223 2 0
0 38223 3 0
0 38223 4 0
0 38223 5 0
0 38223 6 0
0 10310 7 0
0 10310 8 0
0 10310 9 0
0 10310 10 0
0 10310 11 0
0 10310 12 0
0 35791 13 0
0 35791 14 0
0 35791 15 0
0 35791 0 0
0 35791 1 0
0 35791 2 0
0 6784 3 0
0 6784 4 0
0 6784 5 0
0 6784 6 0
0 6784 7 0
0 6784 8 0
0 31742 9 0
0 31742 10 0
0 31742 11 0
0 31742 12 0
0 31742 13 0
0 31742 14 0
0 48879 15 0
0 48879 0 0
0 48879 1 0
0 48879 2 0
0 48879 3 0
0 48879 4 0
0 1801 5 0
0 1801 6 0
0 1801 7 0
0 1801 8 0
0 1801 9 0
0 1801 10 0
0 49214 11 0
0 49214 12 0
0 49214 13 0
0 49214 14 0
0 49214 15 0
0 49214 0 0
0 58230 1 0
0 58230 2 0
0 58230 3 0
0 58230 4 0
0 58230 5 0
0 58230 6 0
0 27555 7 0
0 27555 8 0
0 27555 9 0
0 27555 10 0
0 27555 11 0
0 27555 12 0
0 47496 13 0
0 47496 14 0
0 47496 15 0
0 47496 0 0
0 47496 1 0
0 47496 2 0
0 34086 3 0
0 34086 4 0
0 34086 5 0
0 34086 6 0
0 34086 7 0
0 34086 8 0
0 33420 9 0
0 33420 10 0
0 33420 11 0
0 33420 12 0
0 33420 13 0
0 33420 14 0
0 2850 15 0
0 2850 0 0
0 2850 1 0
0 2850 2 0
0 2850 3 0
0 2850 4 0
0 9445 5 0
0 9445 6 0
0 9445 7 0
0 9445 8 0
0 9445 9 0
0 9445 10 0
0 47657 11 0
0 47657 12 0
0 47657 13 0
0 47657 14 0
0 47657 15 0
0 47657 0 0
0 7356 1 0
0 7356 2 0
0 7356 3 0
0 7356 4 0
0 7356 5 0
0 7356 6 0
0 64625 7 0
0 64625 8 0
0 64625 9 0
0 64625 10 0
0 64625 11 0
0 64625 12 0
0 49272 13 0
0 49272 14 0
0 49272 15 0
0 49272 0 0
0 49272 1 0
0 49272 2 0
0 2799 3 0
0 2799 4 0
0 2799 5 0
0 2799 6 0
0 2799 7 0
0 2799 8 0
0 8590 9 0
0 8590 10 0
0 8590 11 0
0 8590 12 0
0 8590 13 0
0 8590 14 0
0 13289 15 0
0 13289 0 0
0 13289 1 0
0 13289 2 0
0 13289 3 0
0 13289 4 0
0 44426 5 0
0 44426 6 0
0 44426 7 0
0 44426 8 0
0 44426 9 0
0 44426 10 0
0 215 11 0
0 215 12 0
0 215 13 0
0 215 14 0
0 215 15 0
0 215 0 0
0 6599 1 0
0 6599 2 0
0 6599 3 0
0 6599 4 0
0 6599 5 0
0 6599 6 0
0 52781 7 0
0 52781 8 0
0 52781 9 0
0 52781 10 0
0 52781 11 0
0 52781 12 0
0 46559 13 0
0 46559 14 0
0 46559 15 0
0 46559 0 0
0 46559 1 0
0 46559 2 0
0 36831 3 0
0 36831 4 0
0 36831 5 0
0 36831 6 0
0 36831 7 0
0 36831 8 0
0 29482 9 0
0 29482 10 0
0 29482 11 0
0 29482 12 0
0 29482 13 0
0 29482 14 0
0 1488 15 0
0 1488 0 0
0 1488 1 0
0 1488 2 0
0 1488 3 0
0 1488 4 0
0 61837 5 0
0 61837 6 0
0 61837 7 0
0 61837 8 0
0 61837 9 0
0 61837 10 0
0 44170 11 0
0 44170 12 0
0 44170 13 0
0 44170 14 0
0 44170 15 0
0 44170 0 0
0 969 1 0
0 969 2 0
0 969 3 0
0 969 4 0
0 969 5 0
0 969 6 0
0 48821 7 0
0 48821 8 0
0 48821 9 0
0 48821 10 0
0 48821 11 0
0 48821 12 0
0 8003 13 0
0 8003 14 0
0 8003 15 0
0 8003 0 0
0 8003 1 0
0 8003 2 0
0 8833 3 0
0 8833 4 0
0 8833 5 0
0 8833 6 0
0 8833 7 0
0 8833 8 0
0 54573 9 0
0 54573 10 0
0 54573 11 0
0 54573 12 0
0 54573 13 0
0 54573 14 0
0 13040 15 0
0 13040 0 0
0 13040 1 0
0 13040 2 0
0 13040 3 0
0 13040 4 0
0 24306 5 0
0 24306 6 0
0 24306 7 0
0 24306 8 0
0 24306 9 0
0 24306 10 0
0 20491 11 0
0 20491 12 0
0 20491 13 0
0 20491 14 0
0 20491 15 0
0 20491 0 0
0 58241 1 0
0 58241 2 0
0 58241 3 0
0 58241 4 0
0 58241 5 0
0 58241 6 0
0 57548 7 0
0 57548 8 0
0 57548 9 0
0 57548 10 0
0 57548 11 0
0 57548 12 0
0 25147 13 0
0 25147 14 0
0 25147 15 0
0 25147 0 0
0 25147 1 0
0 25147 2 0
0 9769 3 0
0 9769 4 0
0 9769 5 0
0 9769 6 0
0 9769 7 0
0 9769 8 0
0 62717 9 0
0 62717 10 0
0 62717 11 0
0 62717 12 0
0 62717 13 0
0 62717 14 0
0 45094 15 0
0 45094 0 0
0 45094 1 0
0 45094 2 0
0 45094 3 0
0 45094 4 0
0 34274 5 0
0 34274 6 0
0 34274 7 0
0 34274 8 0
0 34274 9 0
0 34274 10 0
0 55309 11 0
0 55309 12 0
0 55309 13 0
0 55309 14 0
0 55309 15 0
0 55309 0 0
0 63313 1 0
0 63313 2 0
0 63313 3 0
0 63313 4 0
0 63313 5 0
0 63313 6 0
0 42996 7 0
0 42996 8 0
0 42996 9 0
0 42996 10 0
0 42996 11 0
0 42996 12 0
0 62499 13 0
0 62499 14 0
0 62499 15 0
0 62499 0 0
0 62499 1 0
0 62499 2 0
0 42898 3 0
0 42898 4 0
0 42898 5 0
0 42898 6 0
0 42898 7 0
0 42898 8 0
0 65329 9 0
0 65329 10 0
0 65329 11 0
0 65329 12 0
0 65329 13 0
0 65329 14 0
0 4171 15 0
0 4171 0 0
0 4171 1 0
0 4171 2 0
0 4171 3 0
0 4171 4 0
0 47277 5 0
0 47277 6 0
0 47277 7 0
0 47277 8 0
0 47277 9 0
0 47277 10 0
0 48217 11 0
0 48217 12 0
0 48217 13 0
0 48217 14 0
0 48217 15 0
0 48217 0 0
0 57554 1 0
0 57554 2 0
0 57554 3 0
0 57554 4 0
0 57554 5 0
0 57554 6 0
0 15882 7 0
0 15882 8 0
0 15882 9 0
0 15882 10 0
0 15882 11 0
0 15882 12 0
0 19840 13 0
0 19840 14 0
0 19840 15 0
0 19840 0 0
0 19840 1 0
0 19840 2 0
0 52074 3 0
0 52074 4 0
0 52074 5 0
0 52074 6 0
0 52074 7 0
0 52074 8 0
0 14331 9 0
0 14331 10 0
0 14331 11 0
0 14331 12 0
0 14331 13 0
0 14331 14 0
0 29769 15 0
0 29769 0 0
0 29769 1 0
0 29769 2 0
0 29769 3 0
0 29769 4 0
0 52227 5 0
0 52227 6 0
0 52227 7 0
0 52227 8 0
0 52227 9 0
0 52227 10 0
0 34283 11 0
0 34283 12 0
0 34283 13 0
0 34283 14 0
0 34283 15 0
0 34283 0 0
0 60773 1 0
0 60773 2 0
0 60773 3 0
0 60773 4 0
0 60773 5 0
0 60773 6 0
0 41161 7 0
0 41161 8 0
0 41161 9 0
0 41161 10 0
0 41161 11 0
0 41161 12 0
0 13351 13 0
0 13351 14 0
0 13351 15 0
0 13351 0 0
0 13351 1 0
0 13351 2 0
0 27891 3 0
0 27891 4 0
0 27891 5 0
0 27891 6 0
0 27891 7 0
0 27891 8 0
0 64131 9 0
0 64131 10 0
0 64131 11 0
0 64131 12 0
0 64131 13 0
0 64131 14 0
0 14172 15 0
0 14172 0 0
0 14172 1 0
0 14172 2 0
0 14172 3 0
0 14172 4 0
0 33978 5 0
0 33978 6 0
0 33978 7 0
0 33978 8 0
0 33978 9 0
0 33978 10 0
0 27383 11 0
0 27383 12 0
0 27383 13 0
0 27383 14 0
0 27383 15 0
0 27383 0 0
0 38013 1 0
0 38013 2 0
0 38013 3 0
0 38013 4 0
0 38013 5 0
0 38013 6 0
0 21802 7 0
0 21802 8 0
0 21802 9 0
0 21802 10 0
0 21802 11 0
0 21802 12 0
0 15286 13 0
0 15286 14 0
0 15286 15 0
0 15286 0 0
0 15286 1 0
0 15286 2 0
0 7680 3 0
0 7680 4 0
0 7680 5 0
0 7680 6 0
0 7680 7 0
0 7680 8 0
0 5349 9 0
0 5349 10 0
0 5349 11 0
0 5349 12 0
0 5349 13 0
0 5349 14 0
0 43902 15 0
0 43902 0 0
0 43902 1 0
0 43902 2 0
0 43902 3 0
0 43902 4 0
0 9892 5 0
0 9892 6 0
0 9892 7 0
0 9892 8 0
0 9892 9 0
0 9892 10 0
0 31727 11 0
0 31727 12 0
0 31727 13 0
0 31727 14 0
0 31727 15 0
0 31727 0 0
0 15875 1 0
0 15875 2 0
0 15875 3 0
0 15875 4 0
0 15875 5 0
0 15875 6 0
0 44173 7 0
0 44173 8 0
0 44173 9 0
0 44173 10 0
0 44173 11 0
0 44173 12 0
0 49933 13 0
0 49933 14 0
0 49933 15 0
0 49933 0 0
0 49933 1 0
0 49933 2 0
0 31224 3 0
0 31224 4 0
0 31224 5 0
0 31224 6 0
0 31224 7 0
0 31224 8 0
0 52507 9 0
0 52507 10 0
0 52507 11 0
0 52507 12 0
0 52507 13 0
0 52507 14 0
0 7048 15 0
0 7048 0 0
0 7048 1 0
0 7048 2 0
0 7048 3 0
0 7048 4 0
0 135 5 0
0 135 6 0
0 135 7 0
0 135 8 0
0 135 9 0
0 135 10 0
0 717 11 0
0 717 12 0
0 717 13 0
0 717 14 0
0 717 15 0
0 717 0 0
0 45996 1 0
0 45996 2 0
0 45996 3 0
0 45996 4 0
0 45996 5 0
0 45996 6 0
0 333 7 0
0 333 8 0
0 333 9 0
0 333 10 0
0 333 11 0
0 333 12 0
0 49970 13 0
0 49970 14 0
0 49970 15 0
0 49970 0 0
0 49970 1 0
0 49970 2 0
0 4100 3 0
0 4100 4 0
0 4100 5 0
0 4100 6 0
0 4100 7 0
0 4100 8 0
0 56748 9 0
0 56748 10 0
0 56748 11 0
0 56748 12 0
0 56748 13 0
0 56748 14 0
0 22243 15 0
0 22243 0 0
0 22243 1 0
0 22243 2 0
0 22243 3 0
0 22243 4 0
0 32049 5 0
0 32049 6 0
0 32049 7 0
0 32049 8 0
0 32049 9 0
0 32049 10 0
0 3708 11 0
0 3708 12 0
0 3708 13 0
0 3708 14 0
0 3708 15 0
0 3708 0 0
0 26934 1 0
0 26934 2 0
0 26934 3 0
0 26934 4 0
0 26934 5 0
0 26934 6 0
0 14840 7 0
0 14840 8 0
0 14840 9 0
0 14840 10 0
0 14840 11 0
0 14840 12 0
0 15384 13 0
0 15384 14 0
0 15384 15 0
0 15384 0 0
0 15384 1 0
0 15384 2 0
0 6111 3 0
0 6111 4 0
0 6111 5 0
0 6111 6 0
0 6111 7 0
0 6111 8 0
0 41837 9 0
0 41837 10 0
0 41837 11 0
0 41837 12 0
0 41837 13 0
0 41837 14 0
0 44747 15 0
0 44747 0 0
0 44747 1 0
0 44747 2 0
0 44747 3 0
0 44747 4 0
0 39989 5 0
0 39989 6 0
0 39989 7 0
0 39989 8 0
0 39989 9 0
0 39989 10 0
0 11767 11 0
0 11767 12 0
0 11767 13 0
0 11767 14 0
0 11767 15 0
0 11767 0 0
0 50994 1 0
0 50994 2 0
0 50994 3 0
0 50994 4 0
0 50994 5 0
0 50994 6 0
0 23237 7 0
0 23237 8 0
0 23237 9 0
0 23237 10 0
0 23237 11 0
0 23237 12 0
0 2845 13 0
0 2845 14 0
0 2845 15 0
0 2845 0 0
0 2845 1 0
0 2845 2 0
0 31988 3 0
0 31988 4 0
0 31988 5 0
0 31988 6 0
0 31988 7 0
0 31988 8 0
0 53399 9 0
0 53399 10 0
0 53399 11 0
0 53399 12 0
0 53399 13 0
0 53399 14 0
0 44105 15 0
0 44105 0 0
0 44105 1 0
0 44105 2 0
0 44105 3 0
0 44105 4 0
0 41309 5 0
0 41309 6 0
0 41309 7 0
0 41309 8 0
0 41309 9 0
0 41309 10 0
0 37284 11 0
0 37284 12 0
0 37284 13 0
0 37284 14 0
0 37284 15 0
0 37284 0 0
0 27186 1 0
0 27186 2 0
0 27186 3 0
0 27186 4 0
0 27186 5 0
0 27186 6 0
0 28021 7 0
0 28021 8 0
0 28021 9 0
0 28021 10 0
0 28021 11 0
0 28021 12 0
0 49401 13 0
0 49401 14 0
0 49401 15 0
0 49401 0 0
0 49401 1 0
0 49401 2 0
0 16133 3 0
0 16133 4 0
0 16133 5 0
0 16133 6 0
0 16133 7 0
0 16133 8 0
0 38924 9 0
0 38924 10 0
0 38924 11 0
0 38924 12 0
0 38924 13 0
0 38924 14 0
0 61852 15 0
0 61852 0 0
0 61852 1 0
0 61852 2 0
0 61852 3 0
0 61852 4 0
0 8508 5 0
0 8508 6 0
0 8508 7 0
0 8508 8 0
0 8508 9 0
0 8508 10 0
0 62844 11 0
0 62844 12 0
0 62844 13 0
0 62844 14 0
0 62844 15 0
0 62844 0 0
0 42291 1 0
0 42291 2 0
0 42291 3 0
0 42291 4 0
0 42291 5 0
0 42291 6 0
0 31947 7 0
0 31947 8 0
0 31947 9 0
0 31947 10 0
0 31947 11 0
0 31947 12 0
0 48295 13 0
0 48295 14 0
0 48295 15 0
0 48295 0 0
0 48295 1 0
0 48295 2 0
0 28784 3 0
0 28784 4 0
0 28784 5 0
0 28784 6 0
0 28784 7 0
0 28784 8 0
0 3507 9 0
0 3507 10 0
0 3507 11 0
0 3507 12 0
0 3507 13 0
0 3507 14 0
0 31501 15 0
0 31501 0 0
0 31501 1 0
0 31501 2 0
0 31501 3 0
0 31501 4 0
0 12072 5 0
0 12072 6 0
0 12072 7 0
0 12072 8 0
0 12072 9 0
0 12072 10 0
0 3454 11 0
0 3454 12 0
0 3454 13 0
0 3454 14 0
0 3454 15 0
0 3454 0 0
0 23222 1 0
0 23222 2 0
0 23222 3 0
0 23222 4 0
0 23222 5 0
0 23222 6 0
0 42388 7 0
0 42388 8 0
0 42388 9 0
0 42388 10 0
0 42388 11 0
0 42388 12 0
0 19119 13 0
0 19119 14 0
0 19119 15 0
0 19119 0 0
0 19119 1 0
0 19119 2 0
0 23263 3 0
0 23263 4 0
0 23263 5 0
0 23263 6 0
0 23263 7 0
0 23263 8 0
0 65493 9 0
0 65493 10 0
0 65493 11 0
0 65493 12 0
0 65493 13 0
0 65493 14 0
0 20968 15 0
0 20968 0 0
0 20968 1 0
0 20968 2 0
0 20968 3 0
0 20968 4 0
0 49025 5 0
0 49025 6 0
0 49025 7 0
0 49025 8 0
0 49025 9 0
0 49025 10 0
0 32591 11 0
0 32591 12 0
0 32591 13 0
0 32591 14 0
0 32591 15 0
0 32591 0 0
0 46419 1 0
0 46419 2 0
0 46419 3 0
0 46419 4 0
0 46419 5 0
0 46419 6 0
0 20344 7 0
0 20344 8 0
0 20344 9 0
0 20344 10 0
0 20344 11 0
0 20344 12 0
0 11361 13 0
0 11361 14 0
0 11361 15 0
0 11361 0 0
0 11361 1 0
0 11361 2 0
0 47632 3 0
0 47632 4 0
0 47632 5 0
0 47632 6 0
0 47632 7 0
0 47632 8 0
0 43486 9 0
0 43486 10 0
0 43486 11 0
0 43486 12 0
0 43486 13 0
0 43486 14 0
0 17949 15 0
0 17949 0 0
0 17949 1 0
0 17949 2 0
0 17949 3 0
0 17949 4 0
0 33242 5 0
0 33242 6 0
0 33242 7 0
0 33242 8 0
0 33242 9 0
0 33242 10 0
0 27572 11 0
0 27572 12 0
0 27572 13 0
0 27572 14 0
0 27572 15 0
0 27572 0 0
0 44264 1 0
0 44264 2 0
0 44264 3 0
0 44264 4 0
0 44264 5 0
0 44264 6 0
0 50758 7 0
0 50758 8 0
0 50758 9 0
0 50758 10 0
0 50758 11 0
0 50758 12 0
0 25149 13 0
0 25149 14 0
0 25149 15 0
0 25149 0 0
0 25149 1 0
0 25149 2 0
0 11676 3 0
0 11676 4 0
0 11676 5 0
0 11676 6 0
0 11676 7 0
0 11676 8 0
0 55290 9 0
0 55290 10 0
0 55290 11 0
0 55290 12 0
0 55290 13 0
0 55290 14 0
0 46501 15 0
0 46501 0 0
0 46501 1 0
0 46501 2 0
0 46501 3 0
0 46501 4 0
0 1042 5 0
0 1042 6 0
0 1042 7 0
0 1042 8 0
0 1042 9 0
0 1042 10 0
0 24459 11 0
0 24459 12 0
0 24459 13 0
0 24459 14 0
0 24459 15 0
0 24459 0 0
0 54463 1 0
0 54463 2 0
0 54463 3 0
0 54463 4 0
0 54463 5 0
0 54463 6 0
0 24557 7 0
0 24557 8 0
0 24557 9 0
0 24557 10 0
0 24557 11 0
0 24557 12 0
0 8038 13 0
0 8038 14 0
0 8038 15 0
0 8038 0 0
0 8038 1 0
0 8038 2 0
0 27397 3 0
0 27397 4 0
0 27397 5 0
0 27397 6 0
0 27397 7 0
0 27397 8 0
0 4413 9 0
0 4413 10 0
0 4413 11 0
0 4413 12 0
0 4413 13 0
0 4413 14 0
0 32159 15 0
0 32159 0 0
0 32159 1 0
0 32159 2 0
0 32159 3 0
0 32159 4 0
0 58221 5 0
0 58221 6 0
0 58221 7 0
0 58221 8 0
0 58221 9 0
0 58221 10 0
0 22635 11 0
0 22635 12 0
0 22635 13 0
0 22635 14 0
0 22635 15 0
0 22635 0 0
0 8002 1 0
0 8002 2 0
0 8002 3 0
0 8002 4 0
0 8002 5 0
0 8002 6 0
0 46503 7 0
0 46503 8 0
0 46503 9 0
0 46503 10 0
0 46503 11 0
0 46503 12 0
0 49106 13 0
0 49106 14 0
0 49106 15 0
0 49106 0 0
0 49106 1 0
0 49106 2 0
0 5751 3 0
0 5751 4 0
0 5751 5 0
0 5751 6 0
0 5751 7 0
0 5751 8 0
0 17335 9 0
0 17335 10 0
0 17335 11 0
0 17335 12 0
0 17335 13 0
0 17335 14 0
0 34979 15 0
0 34979 0 0
0 34979 1 0
0 34979 2 0
0 34979 3 0
0 34979 4 0
0 1364 5 0
0 1364 6 0
0 1364 7 0
0 1364 8 0
0 1364 9 0
0 1364 10 0
0 62818 11 0
0 62818 12 0
0 62818 13 0
0 62818 14 0
0 62818 15 0
0 62818 0 0
0 42114 1 0
0 42114 2 0
0 42114 3 0
0 42114 4 0
0 42114 5 0
0 42114 6 0
0 31611 7 0
0 31611 8 0
0 31611 9 0
0 31611 10 0
0 31611 11 0
0 31611 12 0
0 46569 13 0
0 46569 14 0
0 46569 15 0
0 46569 0 0
0 46569 1 0
0 46569 2 0
0 3778 3 0
0 3778 4 0
0 3778 5 0
0 3778 6 0
0 3778 7 0
0 3778 8 0
0 62479 9 0
0 62479 10 0
0 62479 11 0
0 62479 12 0
0 62479 13 0
0 62479 14 0
0 478 15 0
0 478 0 0
0 478 1 0
0 478 2 0
0 478 3 0
0 478 4 0
0 46845 5 0
0 46845 6 0
0 46845 7 0
0 46845 8 0
0 46845 9 0
0 46845 10 0
0 36900 11 0
0 36900 12 0
0 36900 13 0
0 36900 14 0
0 36900 15 0
0 36900 0 0
0 26947 1 0
0 26947 2 0
0 26947 3 0
0 26947 4 0
0 26947 5 0
0 26947 6 0
0 21035 7 0
0 21035 8 0
0 21035 9 0
0 21035 10 0
0 21035 11 0
0 21035 12 0
0 2686 13 0
0 2686 14 0
0 2686 15 0
0 2686 0 0
0 2686 1 0
0 2686 2 0
0 24316 3 0
0 24316 4 0
0 24316 5 0
0 24316 6 0
0 24316 7 0
0 24316 8 0
0 39934 9 0
0 39934 10 0
0 39934 11 0
0 39934 12 0
0 39934 13 0
0 39934 14 0
0 34783 15 0
0 34783 0 0
0 34783 1 0
0 34783 2 0
0 34783 3 0
0 34783 4 0
0 20987 5 0
0 20987 6 0
0 20987 7 0
0 20987 8 0
0 20987 9 0
0 20987 10 0
0 24309 11 0
0 24309 12 0
0 24309 13 0
0 24309 14 0
0 24309 15 0
0 24309 0 0
0 54664 1 0
0 54664 2 0
0 54664 3 0
0 54664 4 0
0 54664 5 0
0 54664 6 0
0 60743 7 0
0 60743 8 0
0 60743 9 0
0 60743 10 0
0 60743 11 0
0 60743 12 0
0 11473 13 0
0 11473 14 0
0 11473 15 0
0 11473 0 0
0 11473 1 0
0 11473 2 0
0 52368 3 0
0 52368 4 0
0 52368 5 0
0 52368 6 0
0 52368 7 0
0 52368 8 0
0 22721 9 0
0 22721 10 0
0 22721 11 0
0 22721 12 0
0 22721 13 0
0 22721 14 0
0 44463 15 0
0 44463 0 0
0 44463 1 0
0 44463 2 0
0 44463 3 0
0 44463 4 0
0 59121 5 0
0 59121 6 0
0 59121 7 0
0 59121 8 0
0 59121 9 0
0 59121 10 0
0 30698 11 0
0 30698 12 0
0 30698 13 0
0 30698 14 0
0 30698 15 0
0 30698 0 0
0 41563 1 0
0 41563 2 0
0 41563 3 0
0 41563 4 0
0 41563 5 0
0 41563 6 0
0 50564 7 0
0 50564 8 0
0 50564 9 0
0 50564 10 0
0 50564 11 0
0 50564 12 0
0 31853 13 0
0 31853 14 0
0 31853 15 0
0 31853 0 0
0 31853 1 0
0 31853 2 0
0 7926 3 0
0 7926 4 0
0 7926 5 0
0 7926 6 0
0 7926 7 0
0 7926 8 0
0 50463 9 0
0 50463 10 0
0 50463 11 0
0 50463 12 0
0 50463 13 0
0 50463 14 0
0 37413 15 0
0 37413 0 0
0 37413 1 0
0 37413 2 0
0 37413 3 0
0 37413 4 0
0 48874 5 0
0 48874 6 0
0 48874 7 0
0 48874 8 0
0 48874 9 0
0 48874 10 0
0 60900 11 0
0 60900 12 0
0 60900 13 0
0 60900 14 0
0 60900 15 0
0 60900 0 0
0 14915 1 0
0 14915 2 0
0 14915 3 0
0 14915 4 0
0 14915 5 0
0 14915 6 0
0 39633 7 0
0 39633 8 0
0 39633 9 0
0 39633 10 0
0 39633 11 0
0 39633 12 0
0 38674 13 0
0 38674 14 0
0 38674 15 0
0 38674 0 0
0 38674 1 0
0 38674 2 0
0 60720 3 0
0 60720 4 0
0 60720 5 0
0 60720 6 0
0 60720 7 0
0 60720 8 0
0 43629 9 0
0 43629 10 0
0 43629 11 0
0 43629 12 0
0 43629 13 0
0 43629 14 0
0 40848 15 0
0 40848 0 0
0 40848 1 0
0 40848 2 0
0 40848 3 0
0 40848 4 0
0 34320 5 0
0 34320 6 0
0 34320 7 0
0 34320 8 0
0 34320 9 0
0 34320 10 0
0 45132 11 0
0 45132 12 0
0 45132 13 0
0 45132 14 0
0 45132 15 0
0 45132 0 0
0 27920 1 0
0 27920 2 0
0 27920 3 0
0 27920 4 0
0 27920 5 0
0 27920 6 0
0 41338 7 0
0 41338 8 0
0 41338 9 0
0 41338 10 0
0 41338 11 0
0 41338 12 0
0 3258 13 0
0 3258 14 0
0 3258 15 0
0 3258 0 0
0 3258 1 0
0 3258 2 0
0 64246 3 0
0 64246 4 0
0 64246 5 0
0 64246 6 0
0 64246 7 0
0 64246 8 0
0 61249 9 0
0 61249 10 0
0 61249 11 0
0 61249 12 0
0 61249 13 0
0 61249 14 0
0 46001 15 0
0 46001 0 0
0 46001 1 0
0 46001 2 0
0 46001 3 0
0 46001 4 0
0 27238 5 0
0 27238 6 0
0 27238 7 0
0 27238 8 0
0 27238 9 0
0 27238 10 0
0 20586 11 0
0 20586 12 0
0 20586 13 0
0 20586 14 0
0 20586 15 0
0 20586 0 0
0 42594 1 0
0 42594 2 0
0 42594 3 0
0 42594 4 0
0 42594 5 0
0 42594 6 0
0 65249 7 0
0 65249 8 0
0 65249 9 0
0 65249 10 0
0 65249 11 0
0 65249 12 0
0 65287 13 0
0 65287 14 0
0 65287 15 0
0 65287 0 0
0 65287 1 0
0 65287 2 0
0 43423 3 0
0 43423 4 0
0 43423 5 0
0 43423 6 0
0 43423 7 0
0 43423 8 0
0 24877 9 0
0 24877 10 0
0 24877 11 0
0 24877 12 0
0 24877 13 0
0 24877 14 0
0 2862 15 0
0 2862 0 0
0 2862 1 0
0 2862 2 0
0 2862 3 0
0 2862 4 0
0 6293 5 0
0 6293 6 0
0 6293 7 0
0 6293 8 0
0 6293 9 0
0 6293 10 0
0 29306 11 0
0 29306 12 0
0 29306 13 0
0 29306 14 0
0 29306 15 0
0 29306 0 0
0 60929 1 0
0 60929 2 0
0 60929 3 0
0 60929 4 0
0 60929 5 0
0 60929 6 0
0 50702 7 0
0 50702 8 0
0 50702 9 0
0 50702 10 0
0 50702 11 0
0 50702 12 0
0 52516 13 0
0 52516 14 0
0 52516 15 0
0 52516 0 0
0 52516 1 0
0 52516 2 0
0 14862 3 0
0 14862 4 0
0 14862 5 0
0 14862 6 0
0 14862 7 0
0 14862 8 0
0 13324 9 0
0 13324 10 0
0 13324 11 0
0 13324 12 0
0 13324 13 0
0 13324 14 0
0 24070 15 0
0 24070 0 0
0 24070 1 0
0 24070 2 0
0 24070 3 0
0 24070 4 0
0 43010 5 0
0 43010 6 0
0 43010 7 0
0 43010 8 0
0 43010 9 0
0 43010 10 0
0 33227 11 0
0 33227 12 0
0 33227 13 0
0 33227 14 0
0 33227 15 0
0 33227 0 0
0 12644 1 0
0 12644 2 0
0 12644 3 0
0 12644 4 0
0 12644 5 0
0 12644 6 0
0 21718 7 0
0 21718 8 0
0 21718 9 0
0 21718 10 0
0 21718 11 0
0 21718 12 0
0 9522 13 0
0 9522 14 0
0 9522 15 0
0 9522 0 0
0 9522 1 0
0 9522 2 0
0 1340 3 0
0 1340 4 0
0 1340 5 0
0 1340 6 0
0 1340 7 0
0 1340 8 0
0 49549 9 0
0 49549 10 0
0 49549 11 0
0 49549 12 0
0 49549 13 0
0 49549 14 0
0 55804 15 0
0 55804 0 0
0 55804 1 0
0 55804 2 0
0 55804 3 0
0 55804 4 0
0 26231 5 0
0 26231 6 0
0 26231 7 0
0 26231 8 0
0 26231 9 0
0 26231 10 0
0 15697 11 0
0 15697 12 0
0 15697 13 0
0 15697 14 0
0 15697 15 0
0 15697 0 0
0 6008 1 0
0 6008 2 0
0 6008 3 0
0 6008 4 0
0 6008 5 0
0 6008 6 0
0 48083 7 0
0 48083 8 0
0 48083 9 0
0 48083 10 0
0 48083 11 0
0 48083 12 0
0 889 13 0
0 889 14 0
0 889 15 0
0 889 0 0
0 889 1 0
0 889 2 0
0 8512 3 0
0 8512 4 0
0 8512 5 0
0 8512 6 0
0 8512 7 0
0 8512 8 0
0 1835 9 0
0 1835 10 0
0 1835 11 0
0 1835 12 0
0 1835 13 0
0 1835 14 0
0 27074 15 0
0 27074 0 0
0 27074 1 0
0 27074 2 0
0 27074 3 0
0 27074 4 0
0 14946 5 0
0 14946 6 0
0 14946 7 0
0 14946 8 0
0 14946 9 0
0 14946 10 0
0 14235 11 0
0 14235 12 0
0 14235 13 0
0 14235 14 0
0 14235 15 0
0 14235 0 0
0 59504 1 0
0 59504 2 0
0 59504 3 0
0 59504 4 0
0 59504 5 0
0 59504 6 0
0 54507 7 0
0 54507 8 0
0 54507 9 0
0 54507 10 0
0 54507 11 0
0 54507 12 0
0 27282 13 0
0 27282 14 0
0 27282 15 0
0 27282 0 0
0 27282 1 0
0 27282 2 0
0 26648 3 0
0 26648 4 0
0 26648 5 0
0 26648 6 0
0 26648 7 0
0 26648 8 0
0 57710 9 0
0 57710 10 0
0 57710 11 0
0 57710 12 0
0 57710 13 0
0 57710 14 0
0 41973 15 0
0 41973 0 0
0 41973 1 0
0 41973 2 0
0 41973 3 0
0 41973 4 0
0 6541 5 0
0 6541 6 0
0 6541 7 0
0 6541 8 0
0 6541 9 0
0 6541 10 0
0 23251 11 0
0 23251 12 0
0 23251 13 0
0 23251 14 0
0 23251 15 0
0 23251 0 0
0 36185 1 0
0 36185 2 0
0 36185 3 0
0 36185 4 0
0 36185 5 0
0 36185 6 0
0 5135 7 0
0 5135 8 0
0 5135 9 0
0 5135 10 0
0 5135 11 0
0 5135 12 0
0 4507 13 0
0 4507 14 0
0 4507 15 0
0 4507 0 0
0 4507 1 0
0 4507 2 0
0 2320 3 0
0 2320 4 0
0 2320 5 0
0 2320 6 0
0 2320 7 0
0 2320 8 0
0 61415 9 0
0 61415 10 0
0 61415 11 0
0 61415 12 0
0 61415 13 0
0 61415 14 0
0 44734 15 0
0 44734 0 0
0 44734 1 0
0 44734 2 0
0 44734 3 0
0 44734 4 0
0 65058 5 0
0 65058 6 0
0 65058 7 0
0 65058 8 0
0 65058 9 0
0 65058 10 0
0 37955 11 0
0 37955 12 0
0 37955 13 0
0 37955 14 0
0 37955 15 0
0 37955 0 0
0 6420 1 0
0 6420 2 0
0 6420 3 0
0 6420 4 0
0 6420 5 0
0 6420 6 0
0 35432 7 0
0 35432 8 0
0 35432 9 0
0 35432 10 0
0 35432 11 0
0 35432 12 0
0 58554 13 0
0 58554 14 0
0 58554 15 0
0 58554 0 0
0 58554 1 0
0 58554 2 0
0 47447 3 0
0 47447 4 0
0 47447 5 0
0 47447 6 0
0 47447 7 0
0 47447 8 0
0 28263 9 0
0 28263 10 0
0 28263 11 0
0 28263 12 0
0 28263 13 0
0 28263 14 0
0 59489 15 0
0 59489 0 0
0 59489 1 0
0 59489 2 0
0 59489 3 0
0 59489 4 0
0 64017 5 0
0 64017 6 0
0 64017 7 0
0 64017 8 0
0 64017 9 0
0 64017 10 0
0 4794 11 0
0 4794 12 0
0 4794 13 0
0 4794 14 0
0 4794 15 0
0 4794 0 0
0 10983 1 0
0 10983 2 0
0 10983 3 0
0 10983 4 0
0 10983 5 0
0 10983 6 0
0 24053 7 0
0 24053 8 0
0 24053 9 0
0 24053 10 0
0 24053 11 0
0 24053 12 0
0 45 13 0
0 45 14 0
0 45 15 0
0 45 0 0
0 45 1 0
0 45 2 0
0 10610 3 0
0 10610 4 0
0 10610 5 0
0 10610 6 0
0 10610 7 0
0 10610 8 0
0 10154 9 0
0 10154 10 0
0 10154 11 0
0 10154 12 0
0 10154 13 0
0 10154 14 0
0 27975 15 0
0 27975 0 0
0 27975 1 0
0 27975 2 0
0 27975 3 0
0 27975 4 0
0 23094 5 0
0 23094 6 0
0 23094 7 0
0 23094 8 0
0 23094 9 0
0 23094 10 0
0 42424 11 0
0 42424 12 0
0 42424 13 0
0 42424 14 0
0 42424 15 0
0 42424 0 0
0 2351 1 0
0 2351 2 0
0 2351 3 0
0 2351 4 0
0 2351 5 0
0 2351 6 0
0 13465 7 0
0 13465 8 0
0 13465 9 0
0 13465 10 0
0 13465 11 0
0 13465 12 0
0 31202 13 0
0 31202 14 0
0 31202 15 0
0 31202 0 0
0 31202 1 0
0 31202 2 0
0 11134 3 0
0 11134 4 0
0 11134 5 0
0 11134 6 0
0 11134 7 0
0 11134 8 0
0 43088 9 0
0 43088 10 0
0 43088 11 0
0 43088 12 0
0 43088 13 0
0 43088 14 0
0 52389 15 0
0 52389 0 0
0 52389 1 0
0 52389 2 0
0 52389 3 0
0 52389 4 0
0 17053 5 0
0 17053 6 0
0 17053 7 0
0 17053 8 0
0 17053 9 0
0 17053 10 0
0 46117 11 0
0 46117 12 0
0 46117 13 0
0 46117 14 0
0 46117 15 0
0 46117 0 0
0 57016 1 0
0 57016 2 0
0 57016 3 0
0 57016 4 0
0 57016 5 0
0 57016 6 0
0 57377 7 0
0 57377 8 0
0 57377 9 0
0 57377 10 0
0 57377 11 0
0 57377 12 0
0 37332 13 0
0 37332 14 0
0 37332 15 0
0 37332 0 0
0 37332 1 0
0 37332 2 0
0 47446 3 0
0 47446 4 0
0 47446 5 0
0 47446 6 0
0 47446 7 0
0 47446 8 0
0 1598 9 0
0 1598 10 0
0 1598 11 0
0 1598 12 0
0 1598 13 0
0 1598 14 0
0 3122 15 0
0 3122 0 0
0 3122 1 0
0 3122 2 0
0 3122 3 0
0 3122 4 0
0 4422 5 0
0 4422 6 0
0 4422 7 0
0 4422 8 0
0 4422 9 0
0 4422 10 0
0 6110 11 0
0 6110 12 0
0 6110 13 0
0 6110 14 0
0 6110 15 0
0 6110 0 0
0 9572 1 0
0 9572 2 0
0 9572 3 0
0 9572 4 0
0 9572 5 0
0 9572 6 0
0 31321 7 0
0 31321 8 0
0 31321 9 0
0 31321 10 0
0 31321 11 0
0 31321 12 0
0 13586 13 0
0 13586 14 0
0 13586 15 0
0 13586 0 0
0 13586 1 0
0 13586 2 0
0 22468 3 0
0 22468 4 0
0 22468 5 0
0 22468 6 0
0 22468 7 0
0 22468 8 0
0 20925 9 0
0 20925 10 0
0 20925 11 0
0 20925 12 0
0 20925 13 0
0 20925 14 0
0 16415 15 0
0 16415 0 0
0 16415 1 0
0 16415 2 0
0 16415 3 0
0 16415 4 0
0 62303 5 0
0 62303 6 0
0 62303 7 0
0 62303 8 0
0 62303 9 0
0 62303 10 0
0 51019 11 0
0 51019 12 0
0 51019 13 0
0 51019 14 0
0 51019 15 0
0 51019 0 0
0 50778 1 0
0 50778 2 0
0 50778 3 0
0 50778 4 0
0 50778 5 0
0 50778 6 0
0 18959 7 0
0 18959 8 0
0 18959 9 0
0 18959 10 0
0 18959 11 0
0 18959 12 0
0 27110 13 0
0 27110 14 0
0 27110 15 0
0 27110 0 0
0 27110 1 0
0 27110 2 0
0 39102 3 0
0 39102 4 0
0 39102 5 0
0 39102 6 0
0 39102 7 0
0 39102 8 0
0 11159 9 0
0 11159 10 0
0 11159 11 0
0 11159 12 0
0 11159 13 0
0 11159 14 0
0 11040 15 0
0 11040 0 0
0 11040 1 0
0 11040 2 0
0 11040 3 0
0 11040 4 0
0 16080 5 0
0 16080 6 0
0 16080 7 0
0 16080 8 0
0 16080 9 0
0 16080 10 0
0 24031 11 0
0 24031 12 0
0 24031 13 0
0 24031 14 0
0 24031 15 0
0 24031 0 0
0 12980 1 0
0 12980 2 0
0 12980 3 0
0 12980 4 0
0 12980 5 0
0 12980 6 0
0 55308 7 0
0 55308 8 0
0 55308 9 0
0 55308 10 0
0 55308 11 0
0 55308 12 0
0 36649 13 0
0 36649 14 0
0 36649 15 0
