0 0 0 0
0 0 1 0
0 0 2 0
0 0 3 0
0 0 4 0
0 13890 5 0
0 13890 6 0
0 13890 7 0
0 13890 8 0
0 13890 9 0
0 13890 10 0
0 25695 11 0
0 25695 12 0
0 25695 13 0
0 25695 14 0
0 25695 15 0
0 25695 0 0
0 18472 1 0
0 18472 2 0
0 18472 3 0
0 18472 4 0
0 18472 5 0
0 18472 6 0
0 16158 7 0
0 16158 8 0
0 16158 9 0
0 16158 10 0
0 16158 11 0
0 16158 12 0
0 31568 13 0
0 31568 14 0
0 31568 15 0
0 31568 0 0
0 31568 1 0
0 31568 2 0
0 19433 3 0
0 19433 4 0
0 19433 5 0
0 19433 6 0
0 19433 7 0
0 19433 8 0
0 49214 9 0
0 49214 10 0
0 49214 11 0
0 49214 12 0
0 49214 13 0
0 49214 14 0
0 54785 15 0
0 54785 0 0
0 54785 1 0
0 54785 2 0
0 54785 3 0
0 54785 4 0
0 30866 5 0
0 30866 6 0
0 30866 7 0
0 30866 8 0
0 30866 9 0
0 30866 10 0
0 18006 11 0
0 18006 12 0
0 18006 13 0
0 18006 14 0
0 18006 15 0
0 18006 0 0
0 43661 1 0
0 43661 2 0
0 43661 3 0
0 43661 4 0
0 43661 5 0
0 43661 6 0
0 36952 7 0
0 36952 8 0
0 36952 9 0
0 36952 10 0
0 36952 11 0
0 36952 12 0
0 35326 13 0
0 35326 14 0
0 35326 15 0
0 35326 0 0
0 35326 1 0
0 35326 2 0
0 63891 3 0
0 63891 4 0
0 63891 5 0
0 63891 6 0
0 63891 7 0
0 63891 8 0
0 14033 9 0
0 14033 10 0
0 14033 11 0
0 14033 12 0
0 14033 13 0
0 14033 14 0
0 15827 15 0
0 15827 0 0
0 15827 1 0
0 15827 2 0
0 15827 3 0
0 15827 4 0
0 46103 5 0
0 46103 6 0
0 46103 7 0
0 46103 8 0
0 46103 9 0
0 46103 10 0
0 45917 11 0
0 45917 12 0
0 45917 13 0
0 45917 14 0
0 45917 15 0
0 45917 0 0
0 20732 1 0
0 20732 2 0
0 20732 3 0
0 20732 4 0
0 20732 5 0
0 20732 6 0
0 20975 7 0
0 20975 8 0
0 20975 9 0
0 20975 10 0
0 20975 11 0
0 20975 12 0
0 55795 13 0
0 55795 14 0
0 55795 15 0
0 55795 0 0
0 55795 1 0
0 55795 2 0
0 21966 3 0
0 21966 4 0
0 21966 5 0
0 21966 6 0
0 21966 7 0
0 21966 8 0
0 28651 9 0
0 28651 10 0
0 28651 11 0
0 28651 12 0
0 28651 13 0
0 28651 14 0
0 43452 15 0
0 43452 0 0
0 43452 1 0
0 43452 2 0
0 43452 3 0
0 43452 4 0
0 59179 5 0
0 59179 6 0
0 59179 7 0
0 59179 8 0
0 59179 9 0
0 59179 10 0
0 9540 11 0
0 9540 12 0
0 9540 13 0
0 9540 14 0
0 9540 15 0
0 9540 0 0
0 44861 1 0
0 44861 2 0
0 44861 3 0
0 44861 4 0
0 44861 5 0
0 44861 6 0
0 40979 7 0
0 40979 8 0
0 40979 9 0
0 40979 10 0
0 40979 11 0
0 40979 12 0
0 51870 13 0
0 51870 14 0
0 51870 15 0
0 51870 0 0
0 51870 1 0
0 51870 2 0
0 40367 3 0
0 40367 4 0
0 40367 5 0
0 40367 6 0
0 40367 7 0
0 40367 8 0
0 17806 9 0
0 17806 10 0
0 17806 11 0
0 17806 12 0
0 17806 13 0
0 17806 14 0
0 33636 15 0
0 33636 0 0
0 33636 1 0
0 33636 2 0
0 33636 3 0
0 33636 4 0
0 50063 5 0
0 50063 6 0
0 50063 7 0
0 50063 8 0
0 50063 9 0
0 50063 10 0
0 2907 11 0
0 2907 12 0
0 2907 13 0
0 2907 14 0
0 2907 15 0
0 2907 0 0
0 10894 1 0
0 10894 2 0
0 10894 3 0
0 10894 4 0
0 10894 5 0
0 10894 6 0
0 3291 7 0
0 3291 8 0
0 3291 9 0
0 3291 10 0
0 3291 11 0
0 3291 12 0
0 63773 13 0
0 63773 14 0
0 63773 15 0
0 63773 0 0
0 63773 1 0
0 63773 2 0
0 16149 3 0
0 16149 4 0
0 16149 5 0
0 16149 6 0
0 16149 7 0
0 16149 8 0
0 58486 9 0
0 58486 10 0
0 58486 11 0
0 58486 12 0
0 58486 13 0
0 58486 14 0
0 2081 15 0
0 2081 0 0
0 2081 1 0
0 2081 2 0
0 2081 3 0
0 2081 4 0
0 62706 5 0
0 62706 6 0
0 62706 7 0
0 62706 8 0
0 62706 9 0
0 62706 10 0
0 48579 11 0
0 48579 12 0
0 48579 13 0
0 48579 14 0
0 48579 15 0
0 48579 0 0
0 9089 1 0
0 9089 2 0
0 9089 3 0
0 9089 4 0
0 9089 5 0
0 9089 6 0
0 17821 7 0
0 17821 8 0
0 17821 9 0
0 17821 10 0
0 17821 11 0
0 17821 12 0
0 34065 13 0
0 34065 14 0
0 34065 15 0
0 34065 0 0
0 34065 1 0
0 34065 2 0
0 53002 3 0
0 53002 4 0
0 53002 5 0
0 53002 6 0
0 53002 7 0
0 53002 8 0
0 16767 9 0
0 16767 10 0
0 16767 11 0
0 16767 12 0
0 16767 13 0
0 16767 14 0
0 37661 15 0
0 37661 0 0
0 37661 1 0
0 37661 2 0
0 37661 3 0
0 37661 4 0
0 54070 5 0
0 54070 6 0
0 54070 7 0
0 54070 8 0
0 54070 9 0
0 54070 10 0
0 8503 11 0
0 8503 12 0
0 8503 13 0
0 8503 14 0
0 8503 15 0
0 8503 0 0
0 24330 1 0
0 24330 2 0
0 24330 3 0
0 24330 4 0
0 24330 5 0
0 24330 6 0
0 21352 7 0
0 21352 8 0
0 21352 9 0
0 21352 10 0
0 21352 11 0
0 21352 12 0
0 41672 13 0
0 41672 14 0
0 41672 15 0
0 41672 0 0
0 41672 1 0
0 41672 2 0
0 23327 3 0
0 23327 4 0
0 23327 5 0
0 23327 6 0
0 23327 7 0
0 23327 8 0
0 43324 9 0
0 43324 10 0
0 43324 11 0
0 43324 12 0
0 43324 13 0
0 43324 14 0
0 62923 15 0
0 62923 0 0
0 62923 1 0
0 62923 2 0
0 62923 3 0
0 62923 4 0
0 59661 5 0
0 59661 6 0
0 59661 7 0
0 59661 8 0
0 59661 9 0
0 59661 10 0
0 36608 11 0
0 36608 12 0
0 36608 13 0
0 36608 14 0
0 36608 15 0
0 36608 0 0
0 10891 1 0
0 10891 2 0
0 10891 3 0
0 10891 4 0
0 10891 5 0
0 10891 6 0
0 11718 7 0
0 11718 8 0
0 11718 9 0
0 11718 10 0
0 11718 11 0
0 11718 12 0
0 21319 13 0
0 21319 14 0
0 21319 15 0
0 21319 0 0
0 21319 1 0
0 21319 2 0
0 15494 3 0
0 15494 4 0
0 15494 5 0
0 15494 6 0
0 15494 7 0
0 15494 8 0
0 13873 9 0
0 13873 10 0
0 13873 11 0
0 13873 12 0
0 13873 13 0
0 13873 14 0
0 6121 15 0
0 6121 0 0
0 6121 1 0
0 6121 2 0
0 6121 3 0
0 6121 4 0
0 52917 5 0
0 52917 6 0
0 52917 7 0
0 52917 8 0
0 52917 9 0
0 52917 10 0
0 14308 11 0
0 14308 12 0
0 14308 13 0
0 14308 14 0
0 14308 15 0
0 14308 0 0
0 13644 1 0
0 13644 2 0
0 13644 3 0
0 13644 4 0
0 13644 5 0
0 13644 6 0
0 15890 7 0
0 15890 8 0
0 15890 9 0
0 15890 10 0
0 15890 11 0
0 15890 12 0
0 40580 13 0
0 40580 14 0
0 40580 15 0
0 40580 0 0
0 40580 1 0
0 40580 2 0
0 27401 3 0
0 27401 4 0
0 27401 5 0
0 27401 6 0
0 27401 7 0
0 27401 8 0
0 48234 9 0
0 48234 10 0
0 48234 11 0
0 48234 12 0
0 48234 13 0
0 48234 14 0
0 47636 15 0
0 47636 0 0
0 47636 1 0
0 47636 2 0
0 47636 3 0
0 47636 4 0
0 43689 5 0
0 43689 6 0
0 43689 7 0
0 43689 8 0
0 43689 9 0
0 43689 10 0
0 42324 11 0
0 42324 12 0
0 42324 13 0
0 42324 14 0
0 42324 15 0
0 42324 0 0
0 24929 1 0
0 24929 2 0
0 24929 3 0
0 24929 4 0
0 24929 5 0
0 24929 6 0
0 31110 7 0
0 31110 8 0
0 31110 9 0
0 31110 10 0
0 31110 11 0
0 31110 12 0
0 38934 13 0
0 38934 14 0
0 38934 15 0
0 38934 0 0
0 38934 1 0
0 38934 2 0
0 36364 3 0
0 36364 4 0
0 36364 5 0
0 36364 6 0
0 36364 7 0
0 36364 8 0
0 48455 9 0
0 48455 10 0
0 48455 11 0
0 48455 12 0
0 48455 13 0
0 48455 14 0
0 6625 15 0
0 6625 0 0
0 6625 1 0
0 6625 2 0
0 6625 3 0
0 6625 4 0
0 62643 5 0
0 62643 6 0
0 62643 7 0
0 62643 8 0
0 62643 9 0
0 62643 10 0
0 24350 11 0
0 24350 12 0
0 24350 13 0
0 24350 14 0
0 24350 15 0
0 24350 0 0
0 43293 1 0
0 43293 2 0
0 43293 3 0
0 43293 4 0
0 43293 5 0
0 43293 6 0
0 47164 7 0
0 47164 8 0
0 47164 9 0
0 47164 10 0
0 47164 11 0
0 47164 12 0
0 38532 13 0
0 38532 14 0
0 38532 15 0
0 38532 0 0
0 38532 1 0
0 38532 2 0
0 41596 3 0
0 41596 4 0
0 41596 5 0
0 41596 6 0
0 41596 7 0
0 41596 8 0
0 52963 9 0
0 52963 10 0
0 52963 11 0
0 52963 12 0
0 52963 13 0
0 52963 14 0
0 12839 15 0
0 12839 0 0
0 12839 1 0
0 12839 2 0
0 12839 3 0
0 12839 4 0
0 22 5 0
0 22 6 0
0 22 7 0
0 22 8 0
0 22 9 0
0 22 10 0
0 43799 11 0
0 43799 12 0
0 43799 13 0
0 43799 14 0
0 43799 15 0
0 43799 0 0
0 20756 1 0
0 20756 2 0
0 20756 3 0
0 20756 4 0
0 20756 5 0
0 20756 6 0
0 52037 7 0
0 52037 8 0
0 52037 9 0
0 52037 10 0
0 52037 11 0
0 52037 12 0
0 64170 13 0
0 64170 14 0
0 64170 15 0
0 64170 0 0
0 64170 1 0
0 64170 2 0
0 12414 3 0
0 12414 4 0
0 12414 5 0
0 12414 6 0
0 12414 7 0
0 12414 8 0
0 14993 9 0
0 14993 10 0
0 14993 11 0
0 14993 12 0
0 14993 13 0
0 14993 14 0
0 33617 15 0
0 33617 0 0
0 33617 1 0
0 33617 2 0
0 33617 3 0
0 33617 4 0
0 37586 5 0
0 37586 6 0
0 37586 7 0
0 37586 8 0
0 37586 9 0
0 37586 10 0
0 37368 11 0
0 37368 12 0
0 37368 13 0
0 37368 14 0
0 37368 15 0
0 37368 0 0
0 44513 1 0
0 44513 2 0
0 44513 3 0
0 44513 4 0
0 44513 5 0
0 44513 6 0
0 2253 7 0
0 2253 8 0
0 2253 9 0
0 2253 10 0
0 2253 11 0
0 2253 12 0
0 25002 13 0
0 25002 14 0
0 25002 15 0
0 25002 0 0
0 25002 1 0
0 25002 2 0
0 25246 3 0
0 25246 4 0
0 25246 5 0
0 25246 6 0
0 25246 7 0
0 25246 8 0
0 20787 9 0
0 20787 10 0
0 20787 11 0
0 20787 12 0
0 20787 13 0
0 20787 14 0
0 32753 15 0
0 32753 0 0
0 32753 1 0
0 32753 2 0
0 32753 3 0
0 32753 4 0
0 6582 5 0
0 6582 6 0
0 6582 7 0
0 6582 8 0
0 6582 9 0
0 6582 10 0
0 43406 11 0
0 43406 12 0
0 43406 13 0
0 43406 14 0
0 43406 15 0
0 43406 0 0
0 10805 1 0
0 10805 2 0
0 10805 3 0
0 10805 4 0
0 10805 5 0
0 10805 6 0
0 33827 7 0
0 33827 8 0
0 33827 9 0
0 33827 10 0
0 33827 11 0
0 33827 12 0
0 62017 13 0
0 62017 14 0
0 62017 15 0
0 62017 0 0
0 62017 1 0
0 62017 2 0
0 43986 3 0
0 43986 4 0
0 43986 5 0
0 43986 6 0
0 43986 7 0
0 43986 8 0
0 32398 9 0
0 32398 10 0
0 32398 11 0
0 32398 12 0
0 32398 13 0
0 32398 14 0
0 24219 15 0
0 24219 0 0
0 24219 1 0
0 24219 2 0
0 24219 3 0
0 24219 4 0
0 42867 5 0
0 42867 6 0
0 42867 7 0
0 42867 8 0
0 42867 9 0
0 42867 10 0
0 23065 11 0
0 23065 12 0
0 23065 13 0
0 23065 14 0
0 23065 15 0
0 23065 0 0
0 21615 1 0
0 21615 2 0
0 21615 3 0
0 21615 4 0
0 21615 5 0
0 21615 6 0
0 32673 7 0
0 32673 8 0
0 32673 9 0
0 32673 10 0
0 32673 11 0
0 32673 12 0
0 26739 13 0
0 26739 14 0
0 26739 15 0
0 26739 0 0
0 26739 1 0
0 26739 2 0
0 10878 3 0
0 10878 4 0
0 10878 5 0
0 10878 6 0
0 10878 7 0
0 10878 8 0
0 31506 9 0
0 31506 10 0
0 31506 11 0
0 31506 12 0
0 31506 13 0
0 31506 14 0
0 20373 15 0
0 20373 0 0
0 20373 1 0
0 20373 2 0
0 20373 3 0
0 20373 4 0
0 56871 5 0
0 56871 6 0
0 56871 7 0
0 56871 8 0
0 56871 9 0
0 56871 10 0
0 17772 11 0
0 17772 12 0
0 17772 13 0
0 17772 14 0
0 17772 15 0
0 17772 0 0
0 7670 1 0
0 7670 2 0
0 7670 3 0
0 7670 4 0
0 7670 5 0
0 7670 6 0
0 61358 7 0
0 61358 8 0
0 61358 9 0
0 61358 10 0
0 61358 11 0
0 61358 12 0
0 29661 13 0
0 29661 14 0
0 29661 15 0
0 29661 0 0
0 29661 1 0
0 29661 2 0
0 24521 3 0
0 24521 4 0
0 24521 5 0
0 24521 6 0
0 24521 7 0
0 24521 8 0
0 49401 9 0
0 49401 10 0
0 49401 11 0
0 49401 12 0
0 49401 13 0
0 49401 14 0
0 16561 15 0
0 16561 0 0
0 16561 1 0
0 16561 2 0
0 16561 3 0
0 16561 4 0
0 28373 5 0
0 28373 6 0
0 28373 7 0
0 28373 8 0
0 28373 9 0
0 28373 10 0
0 60508 11 0
0 60508 12 0
0 60508 13 0
0 60508 14 0
0 60508 15 0
0 60508 0 0
0 27750 1 0
0 27750 2 0
0 27750 3 0
0 27750 4 0
0 27750 5 0
0 27750 6 0
0 59739 7 0
0 59739 8 0
0 59739 9 0
0 59739 10 0
0 59739 11 0
0 59739 12 0
0 42435 13 0
0 42435 14 0
0 42435 15 0
0 42435 0 0
0 42435 1 0
0 42435 2 0
0 27581 3 0
0 27581 4 0
0 27581 5 0
0 27581 6 0
0 27581 7 0
0 27581 8 0
0 18102 9 0
0 18102 10 0
0 18102 11 0
0 18102 12 0
0 18102 13 0
0 18102 14 0
0 21596 15 0
0 21596 0 0
0 21596 1 0
0 21596 2 0
0 21596 3 0
0 21596 4 0
0 31943 5 0
0 31943 6 0
0 31943 7 0
0 31943 8 0
0 31943 9 0
0 31943 10 0
0 9338 11 0
0 9338 12 0
0 9338 13 0
0 9338 14 0
0 9338 15 0
0 9338 0 0
0 35757 1 0
0 35757 2 0
0 35757 3 0
0 35757 4 0
0 35757 5 0
0 35757 6 0
0 42024 7 0
0 42024 8 0
0 42024 9 0
0 42024 10 0
0 42024 11 0
0 42024 12 0
0 58800 13 0
0 58800 14 0
0 58800 15 0
0 58800 0 0
0 58800 1 0
0 58800 2 0
0 46095 3 0
0 46095 4 0
0 46095 5 0
0 46095 6 0
0 46095 7 0
0 46095 8 0
0 33400 9 0
0 33400 10 0
0 33400 11 0
0 33400 12 0
0 33400 13 0
0 33400 14 0
0 12713 15 0
0 12713 0 0
0 12713 1 0
0 12713 2 0
0 12713 3 0
0 12713 4 0
0 8118 5 0
0 8118 6 0
0 8118 7 0
0 8118 8 0
0 8118 9 0
0 8118 10 0
0 16056 11 0
0 16056 12 0
0 16056 13 0
0 16056 14 0
0 16056 15 0
0 16056 0 0
0 31147 1 0
0 31147 2 0
0 31147 3 0
0 31147 4 0
0 31147 5 0
0 31147 6 0
0 11813 7 0
0 11813 8 0
0 11813 9 0
0 11813 10 0
0 11813 11 0
0 11813 12 0
0 8614 13 0
0 8614 14 0
0 8614 15 0
0 8614 0 0
0 8614 1 0
0 8614 2 0
0 35936 3 0
0 35936 4 0
0 35936 5 0
0 35936 6 0
0 35936 7 0
0 35936 8 0
0 61759 9 0
0 61759 10 0
0 61759 11 0
0 61759 12 0
0 61759 13 0
0 61759 14 0
0 48492 15 0
0 48492 0 0
0 48492 1 0
0 48492 2 0
0 48492 3 0
0 48492 4 0
0 44308 5 0
0 44308 6 0
0 44308 7 0
0 44308 8 0
0 44308 9 0
0 44308 10 0
0 31788 11 0
0 31788 12 0
0 31788 13 0
0 31788 14 0
0 31788 15 0
0 31788 0 0
0 10337 1 0
0 10337 2 0
0 10337 3 0
0 10337 4 0
0 10337 5 0
0 10337 6 0
0 52409 7 0
0 52409 8 0
0 52409 9 0
0 52409 10 0
0 52409 11 0
0 52409 12 0
0 48436 13 0
0 48436 14 0
0 48436 15 0
0 48436 0 0
0 48436 1 0
0 48436 2 0
0 22588 3 0
0 22588 4 0
0 22588 5 0
0 22588 6 0
0 22588 7 0
0 22588 8 0
0 29294 9 0
0 29294 10 0
0 29294 11 0
0 29294 12 0
0 29294 13 0
0 29294 14 0
0 59690 15 0
0 59690 0 0
0 59690 1 0
0 59690 2 0
0 59690 3 0
0 59690 4 0
0 27217 5 0
0 27217 6 0
0 27217 7 0
0 27217 8 0
0 27217 9 0
0 27217 10 0
0 1088 11 0
0 1088 12 0
0 1088 13 0
0 1088 14 0
0 1088 15 0
0 1088 0 0
0 22185 1 0
0 22185 2 0
0 22185 3 0
0 22185 4 0
0 22185 5 0
0 22185 6 0
0 26473 7 0
0 26473 8 0
0 26473 9 0
0 26473 10 0
0 26473 11 0
0 26473 12 0
0 4059 13 0
0 4059 14 0
0 4059 15 0
0 4059 0 0
0 4059 1 0
0 4059 2 0
0 25203 3 0
0 25203 4 0
0 25203 5 0
0 25203 6 0
0 25203 7 0
0 25203 8 0
0 38974 9 0
0 38974 10 0
0 38974 11 0
0 38974 12 0
0 38974 13 0
0 38974 14 0
0 23157 15 0
0 23157 0 0
0 23157 1 0
0 23157 2 0
0 23157 3 0
0 23157 4 0
0 38889 5 0
0 38889 6 0
0 38889 7 0
0 38889 8 0
0 38889 9 0
0 38889 10 0
0 19349 11 0
0 19349 12 0
0 19349 13 0
0 19349 14 0
0 19349 15 0
0 19349 0 0
0 57895 1 0
0 57895 2 0
0 57895 3 0
0 57895 4 0
0 57895 5 0
0 57895 6 0
0 26555 7 0
0 26555 8 0
0 26555 9 0
0 26555 10 0
0 26555 11 0
0 26555 12 0
0 28891 13 0
0 28891 14 0
0 28891 15 0
0 28891 0 0
0 28891 1 0
0 28891 2 0
0 47884 3 0
0 47884 4 0
0 47884 5 0
0 47884 6 0
0 47884 7 0
0 47884 8 0
0 6125 9 0
0 6125 10 0
0 6125 11 0
0 6125 12 0
0 6125 13 0
0 6125 14 0
0 45527 15 0
0 45527 0 0
0 45527 1 0
0 45527 2 0
0 45527 3 0
0 45527 4 0
0 33988 5 0
0 33988 6 0
0 33988 7 0
0 33988 8 0
0 33988 9 0
0 33988 10 0
0 23356 11 0
0 23356 12 0
0 23356 13 0
0 23356 14 0
0 23356 15 0
0 23356 0 0
0 54447 1 0
0 54447 2 0
0 54447 3 0
0 54447 4 0
0 54447 5 0
0 54447 6 0
0 28177 7 0
0 28177 8 0
0 28177 9 0
0 28177 10 0
0 28177 11 0
0 28177 12 0
0 43968 13 0
0 43968 14 0
0 43968 15 0
0 43968 0 0
0 43968 1 0
0 43968 2 0
0 37100 3 0
0 37100 4 0
0 37100 5 0
0 37100 6 0
0 37100 7 0
0 37100 8 0
0 10641 9 0
0 10641 10 0
0 10641 11 0
0 10641 12 0
0 10641 13 0
0 10641 14 0
0 8302 15 0
0 8302 0 0
0 8302 1 0
0 8302 2 0
0 8302 3 0
0 8302 4 0
0 37673 5 0
0 37673 6 0
0 37673 7 0
0 37673 8 0
0 37673 9 0
0 37673 10 0
0 13514 11 0
0 13514 12 0
0 13514 13 0
0 13514 14 0
0 13514 15 0
0 13514 0 0
0 43187 1 0
0 43187 2 0
0 43187 3 0
0 43187 4 0
0 43187 5 0
0 43187 6 0
0 822 7 0
0 822 8 0
0 822 9 0
0 822 10 0
0 822 11 0
0 822 12 0
0 3843 13 0
0 3843 14 0
0 3843 15 0
0 3843 0 0
0 3843 1 0
0 3843 2 0
0 60778 3 0
0 60778 4 0
0 60778 5 0
0 60778 6 0
0 60778 7 0
0 60778 8 0
0 6805 9 0
0 6805 10 0
0 6805 11 0
0 6805 12 0
0 6805 13 0
0 6805 14 0
0 61597 15 0
0 61597 0 0
0 61597 1 0
0 61597 2 0
0 61597 3 0
0 61597 4 0
0 7155 5 0
0 7155 6 0
0 7155 7 0
0 7155 8 0
0 7155 9 0
0 7155 10 0
0 37610 11 0
0 37610 12 0
0 37610 13 0
0 37610 14 0
0 37610 15 0
0 37610 0 0
0 34655 1 0
0 34655 2 0
0 34655 3 0
0 34655 4 0
0 34655 5 0
0 34655 6 0
0 17275 7 0
0 17275 8 0
0 17275 9 0
0 17275 10 0
0 17275 11 0
0 17275 12 0
0 42359 13 0
0 42359 14 0
0 42359 15 0
0 42359 0 0
0 42359 1 0
0 42359 2 0
0 27338 3 0
0 27338 4 0
0 27338 5 0
0 27338 6 0
0 27338 7 0
0 27338 8 0
0 7328 9 0
0 7328 10 0
0 7328 11 0
0 7328 12 0
0 7328 13 0
0 7328 14 0
0 56410 15 0
0 56410 0 0
0 56410 1 0
0 56410 2 0
0 56410 3 0
0 56410 4 0
0 55069 5 0
0 55069 6 0
0 55069 7 0
0 55069 8 0
0 55069 9 0
0 55069 10 0
0 8745 11 0
0 8745 12 0
0 8745 13 0
0 8745 14 0
0 8745 15 0
0 8745 0 0
0 26850 1 0
0 26850 2 0
0 26850 3 0
0 26850 4 0
0 26850 5 0
0 26850 6 0
0 33539 7 0
0 33539 8 0
0 33539 9 0
0 33539 10 0
0 33539 11 0
0 33539 12 0
0 39160 13 0
0 39160 14 0
0 39160 15 0
0 39160 0 0
0 39160 1 0
0 39160 2 0
0 29950 3 0
0 29950 4 0
0 29950 5 0
0 29950 6 0
0 29950 7 0
0 29950 8 0
0 10851 9 0
0 10851 10 0
0 10851 11 0
0 10851 12 0
0 10851 13 0
0 10851 14 0
0 19547 15 0
0 19547 0 0
0 19547 1 0
0 19547 2 0
0 19547 3 0
0 19547 4 0
0 20768 5 0
0 20768 6 0
0 20768 7 0
0 20768 8 0
0 20768 9 0
0 20768 10 0
0 61435 11 0
0 61435 12 0
0 61435 13 0
0 61435 14 0
0 61435 15 0
0 61435 0 0
0 28967 1 0
0 28967 2 0
0 28967 3 0
0 28967 4 0
0 28967 5 0
0 28967 6 0
0 6602 7 0
0 6602 8 0
0 6602 9 0
0 6602 10 0
0 6602 11 0
0 6602 12 0
0 54761 13 0
0 54761 14 0
0 54761 15 0
0 54761 0 0
0 54761 1 0
0 54761 2 0
0 15681 3 0
0 15681 4 0
0 15681 5 0
0 15681 6 0
0 15681 7 0
0 15681 8 0
0 1400 9 0
0 1400 10 0
0 1400 11 0
0 1400 12 0
0 1400 13 0
0 1400 14 0
0 6482 15 0
0 6482 0 0
0 6482 1 0
0 6482 2 0
0 6482 3 0
0 6482 4 0
0 24975 5 0
0 24975 6 0
0 24975 7 0
0 24975 8 0
0 24975 9 0
0 24975 10 0
0 45692 11 0
0 45692 12 0
0 45692 13 0
0 45692 14 0
0 45692 15 0
0 45692 0 0
0 21020 1 0
0 21020 2 0
0 21020 3 0
0 21020 4 0
0 21020 5 0
0 21020 6 0
0 43246 7 0
0 43246 8 0
0 43246 9 0
0 43246 10 0
0 43246 11 0
0 43246 12 0
0 28330 13 0
0 28330 14 0
0 28330 15 0
0 28330 0 0
0 28330 1 0
0 28330 2 0
0 55916 3 0
0 55916 4 0
0 55916 5 0
0 55916 6 0
0 55916 7 0
0 55916 8 0
0 29241 9 0
0 29241 10 0
0 29241 11 0
0 29241 12 0
0 29241 13 0
0 29241 14 0
0 20870 15 0
0 20870 0 0
0 20870 1 0
0 20870 2 0
0 20870 3 0
0 20870 4 0
0 26352 5 0
0 26352 6 0
0 26352 7 0
0 26352 8 0
0 26352 9 0
0 26352 10 0
0 40837 11 0
0 40837 12 0
0 40837 13 0
0 40837 14 0
0 40837 15 0
0 40837 0 0
0 61650 1 0
0 61650 2 0
0 61650 3 0
0 61650 4 0
0 61650 5 0
0 61650 6 0
0 4700 7 0
0 4700 8 0
0 4700 9 0
0 4700 10 0
0 4700 11 0
0 4700 12 0
0 63024 13 0
0 63024 14 0
0 63024 15 0
0 63024 0 0
0 63024 1 0
0 63024 2 0
0 6194 3 0
0 6194 4 0
0 6194 5 0
0 6194 6 0
0 6194 7 0
0 6194 8 0
0 24824 9 0
0 24824 10 0
0 24824 11 0
0 24824 12 0
0 24824 13 0
0 24824 14 0
0 52268 15 0
0 52268 0 0
0 52268 1 0
0 52268 2 0
0 52268 3 0
0 52268 4 0
0 55100 5 0
0 55100 6 0
0 55100 7 0
0 55100 8 0
0 55100 9 0
0 55100 10 0
0 12063 11 0
0 12063 12 0
0 12063 13 0
0 12063 14 0
0 12063 15 0
0 12063 0 0
0 11867 1 0
0 11867 2 0
0 11867 3 0
0 11867 4 0
0 11867 5 0
0 11867 6 0
0 33728 7 0
0 33728 8 0
0 33728 9 0
0 33728 10 0
0 33728 11 0
0 33728 12 0
0 5319 13 0
0 5319 14 0
0 5319 15 0
0 5319 0 0
0 5319 1 0
0 5319 2 0
0 2336 3 0
0 2336 4 0
0 2336 5 0
0 2336 6 0
0 2336 7 0
0 2336 8 0
0 56169 9 0
0 56169 10 0
0 56169 11 0
0 56169 12 0
0 56169 13 0
0 56169 14 0
0 21921 15 0
0 21921 0 0
0 21921 1 0
0 21921 2 0
0 21921 3 0
0 21921 4 0
0 7210 5 0
0 7210 6 0
0 7210 7 0
0 7210 8 0
0 7210 9 0
0 7210 10 0
0 61996 11 0
0 61996 12 0
0 61996 13 0
0 61996 14 0
0 61996 15 0
0 61996 0 0
0 44839 1 0
0 44839 2 0
0 44839 3 0
0 44839 4 0
0 44839 5 0
0 44839 6 0
0 64833 7 0
0 64833 8 0
0 64833 9 0
0 64833 10 0
0 64833 11 0
0 64833 12 0
0 42068 13 0
0 42068 14 0
0 42068 15 0
0 42068 0 0
0 42068 1 0
0 42068 2 0
0 16626 3 0
0 16626 4 0
0 16626 5 0
0 16626 6 0
0 16626 7 0
0 16626 8 0
0 61889 9 0
0 61889 10 0
0 61889 11 0
0 61889 12 0
0 61889 13 0
0 61889 14 0
0 56339 15 0
0 56339 0 0
0 56339 1 0
0 56339 2 0
0 56339 3 0
0 56339 4 0
0 1798 5 0
0 1798 6 0
0 1798 7 0
0 1798 8 0
0 1798 9 0
0 1798 10 0
0 11906 11 0
0 11906 12 0
0 11906 13 0
0 11906 14 0
0 11906 15 0
0 11906 0 0
0 18103 1 0
0 18103 2 0
0 18103 3 0
0 18103 4 0
0 18103 5 0
0 18103 6 0
0 43868 7 0
0 43868 8 0
0 43868 9 0
0 43868 10 0
0 43868 11 0
0 43868 12 0
0 19833 13 0
0 19833 14 0
0 19833 15 0
0 19833 0 0
0 19833 1 0
0 19833 2 0
0 28071 3 0
0 28071 4 0
0 28071 5 0
0 28071 6 0
0 28071 7 0
0 28071 8 0
0 63352 9 0
0 63352 10 0
0 63352 11 0
0 63352 12 0
0 63352 13 0
0 63352 14 0
0 9435 15 0
0 9435 0 0
0 9435 1 0
0 9435 2 0
0 9435 3 0
0 9435 4 0
0 47622 5 0
0 47622 6 0
0 47622 7 0
0 47622 8 0
0 47622 9 0
0 47622 10 0
0 665 11 0
0 665 12 0
0 665 13 0
0 665 14 0
0 665 15 0
0 665 0 0
0 58204 1 0
0 58204 2 0
0 58204 3 0
0 58204 4 0
0 58204 5 0
0 58204 6 0
0 50657 7 0
0 50657 8 0
0 50657 9 0
0 50657 10 0
0 50657 11 0
0 50657 12 0
0 58213 13 0
0 58213 14 0
0 58213 15 0
0 58213 0 0
0 58213 1 0
0 58213 2 0
0 60769 3 0
0 60769 4 0
0 60769 5 0
0 60769 6 0
0 60769 7 0
0 60769 8 0
0 25694 9 0
0 25694 10 0
0 25694 11 0
0 25694 12 0
0 25694 13 0
0 25694 14 0
0 50843 15 0
0 50843 0 0
0 50843 1 0
0 50843 2 0
0 50843 3 0
0 50843 4 0
0 30547 5 0
0 30547 6 0
0 30547 7 0
0 30547 8 0
0 30547 9 0
0 30547 10 0
0 23183 11 0
0 23183 12 0
0 23183 13 0
0 23183 14 0
0 23183 15 0
0 23183 0 0
0 5178 1 0
0 5178 2 0
0 5178 3 0
0 5178 4 0
0 5178 5 0
0 5178 6 0
0 44634 7 0
0 44634 8 0
0 44634 9 0
0 44634 10 0
0 44634 11 0
0 44634 12 0
0 14370 13 0
0 14370 14 0
0 14370 15 0
0 14370 0 0
0 14370 1 0
0 14370 2 0
0 21087 3 0
0 21087 4 0
0 21087 5 0
0 21087 6 0
0 21087 7 0
0 21087 8 0
0 36031 9 0
0 36031 10 0
0 36031 11 0
0 36031 12 0
0 36031 13 0
0 36031 14 0
0 5881 15 0
0 5881 0 0
0 5881 1 0
0 5881 2 0
0 5881 3 0
0 5881 4 0
0 11440 5 0
0 11440 6 0
0 11440 7 0
0 11440 8 0
0 11440 9 0
0 11440 10 0
0 21098 11 0
0 21098 12 0
0 21098 13 0
0 21098 14 0
0 21098 15 0
0 21098 0 0
0 3809 1 0
0 3809 2 0
0 3809 3 0
0 3809 4 0
0 3809 5 0
0 3809 6 0
0 62976 7 0
0 62976 8 0
0 62976 9 0
0 62976 10 0
0 62976 11 0
0 62976 12 0
0 25997 13 0
0 25997 14 0
0 25997 15 0
0 25997 0 0
0 25997 1 0
0 25997 2 0
0 39384 3 0
0 39384 4 0
0 39384 5 0
0 39384 6 0
0 39384 7 0
0 39384 8 0
0 52477 9 0
0 52477 10 0
0 52477 11 0
0 52477 12 0
0 52477 13 0
0 52477 14 0
0 62982 15 0
0 62982 0 0
0 62982 1 0
0 62982 2 0
0 62982 3 0
0 62982 4 0
0 40828 5 0
0 40828 6 0
0 40828 7 0
0 40828 8 0
0 40828 9 0
0 40828 10 0
0 30642 11 0
0 30642 12 0
0 30642 13 0
0 30642 14 0
0 30642 15 0
0 30642 0 0
0 52447 1 0
0 52447 2 0
0 52447 3 0
0 52447 4 0
0 52447 5 0
0 52447 6 0
0 11823 7 0
0 11823 8 0
0 11823 9 0
0 11823 10 0
0 11823 11 0
0 11823 12 0
0 45004 13 0
0 45004 14 0
0 45004 15 0
0 45004 0 0
0 45004 1 0
0 45004 2 0
0 5216 3 0
0 5216 4 0
0 5216 5 0
0 5216 6 0
0 5216 7 0
0 5216 8 0
0 53624 9 0
0 53624 10 0
0 53624 11 0
0 53624 12 0
0 53624 13 0
0 53624 14 0
0 61685 15 0
0 61685 0 0
0 61685 1 0
0 61685 2 0
0 61685 3 0
0 61685 4 0
0 3924 5 0
0 3924 6 0
0 3924 7 0
0 3924 8 0
0 3924 9 0
0 3924 10 0
0 42858 11 0
0 42858 12 0
0 42858 13 0
0 42858 14 0
0 42858 15 0
0 42858 0 0
0 16104 1 0
0 16104 2 0
0 16104 3 0
0 16104 4 0
0 16104 5 0
0 16104 6 0
0 23412 7 0
0 23412 8 0
0 23412 9 0
0 23412 10 0
0 23412 11 0
0 23412 12 0
0 29769 13 0
0 29769 14 0
0 29769 15 0
0 29769 0 0
0 29769 1 0
0 29769 2 0
0 65380 3 0
0 65380 4 0
0 65380 5 0
0 65380 6 0
0 65380 7 0
0 65380 8 0
0 47463 9 0
0 47463 10 0
0 47463 11 0
0 47463 12 0
0 47463 13 0
0 47463 14 0
0 54137 15 0
0 54137 0 0
0 54137 1 0
0 54137 2 0
0 54137 3 0
0 54137 4 0
0 12534 5 0
0 12534 6 0
0 12534 7 0
0 12534 8 0
0 12534 9 0
0 12534 10 0
0 615 11 0
0 615 12 0
0 615 13 0
0 615 14 0
0 615 15 0
0 615 0 0
0 24308 1 0
0 24308 2 0
0 24308 3 0
0 24308 4 0
0 24308 5 0
0 24308 6 0
0 21161 7 0
0 21161 8 0
0 21161 9 0
0 21161 10 0
0 21161 11 0
0 21161 12 0
0 51364 13 0
0 51364 14 0
0 51364 15 0
0 51364 0 0
0 51364 1 0
0 51364 2 0
0 28557 3 0
0 28557 4 0
0 28557 5 0
0 28557 6 0
0 28557 7 0
0 28557 8 0
0 22296 9 0
0 22296 10 0
0 22296 11 0
0 22296 12 0
0 22296 13 0
0 22296 14 0
0 61186 15 0
0 61186 0 0
0 61186 1 0
0 61186 2 0
0 61186 3 0
0 61186 4 0
0 10287 5 0
0 10287 6 0
0 10287 7 0
0 10287 8 0
0 10287 9 0
0 10287 10 0
0 62950 11 0
0 62950 12 0
0 62950 13 0
0 62950 14 0
0 62950 15 0
0 62950 0 0
0 64146 1 0
0 64146 2 0
0 64146 3 0
0 64146 4 0
0 64146 5 0
0 64146 6 0
0 40682 7 0
0 40682 8 0
0 40682 9 0
0 40682 10 0
0 40682 11 0
0 40682 12 0
0 28780 13 0
0 28780 14 0
0 28780 15 0
0 28780 0 0
0 28780 1 0
0 28780 2 0
0 142 3 0
0 142 4 0
0 142 5 0
0 142 6 0
0 142 7 0
0 142 8 0
0 64534 9 0
0 64534 10 0
0 64534 11 0
0 64534 12 0
0 64534 13 0
0 64534 14 0
0 33190 15 0
0 33190 0 0
0 33190 1 0
0 33190 2 0
0 33190 3 0
0 33190 4 0
0 12886 5 0
0 12886 6 0
0 12886 7 0
0 12886 8 0
0 12886 9 0
0 12886 10 0
0 16867 11 0
0 16867 12 0
0 16867 13 0
0 16867 14 0
0 16867 15 0
0 16867 0 0
0 18068 1 0
0 18068 2 0
0 18068 3 0
0 18068 4 0
0 18068 5 0
0 18068 6 0
0 22904 7 0
0 22904 8 0
0 22904 9 0
0 22904 10 0
0 22904 11 0
0 22904 12 0
0 9929 13 0
0 9929 14 0
0 9929 15 0
0 9929 0 0
0 9929 1 0
0 9929 2 0
0 62620 3 0
0 62620 4 0
0 62620 5 0
0 62620 6 0
0 62620 7 0
0 62620 8 0
0 61395 9 0
0 61395 10 0
0 61395 11 0
0 61395 12 0
0 61395 13 0
0 61395 14 0
0 37769 15 0
0 37769 0 0
0 37769 1 0
0 37769 2 0
0 37769 3 0
0 37769 4 0
0 40797 5 0
0 40797 6 0
0 40797 7 0
0 40797 8 0
0 40797 9 0
0 40797 10 0
0 1117 11 0
0 1117 12 0
0 1117 13 0
0 1117 14 0
0 1117 15 0
0 1117 0 0
0 49781 1 0
0 49781 2 0
0 49781 3 0
0 49781 4 0
0 49781 5 0
0 49781 6 0
0 26573 7 0
0 26573 8 0
0 26573 9 0
0 26573 10 0
0 26573 11 0
0 26573 12 0
0 4869 13 0
0 4869 14 0
0 4869 15 0
0 4869 0 0
0 4869 1 0
0 4869 2 0
0 12958 3 0
0 12958 4 0
0 12958 5 0
0 12958 6 0
0 12958 7 0
0 12958 8 0
0 17827 9 0
0 17827 10 0
0 17827 11 0
0 17827 12 0
0 17827 13 0
0 17827 14 0
0 49397 15 0
0 49397 0 0
0 49397 1 0
0 49397 2 0
0 49397 3 0
0 49397 4 0
0 31116 5 0
0 31116 6 0
0 31116 7 0
0 31116 8 0
0 31116 9 0
0 31116 10 0
0 28911 11 0
0 28911 12 0
0 28911 13 0
0 28911 14 0
0 28911 15 0
0 28911 0 0
0 10111 1 0
0 10111 2 0
0 10111 3 0
0 10111 4 0
0 10111 5 0
0 10111 6 0
0 8624 7 0
0 8624 8 0
0 8624 9 0
0 8624 10 0
0 8624 11 0
0 8624 12 0
0 11182 13 0
0 11182 14 0
0 11182 15 0
