0 0 0 0
0 0 1 0
0 0 2 0
0 0 3 0
0 0 4 0
0 22397 5 0
0 22397 6 0
0 22397 7 0
0 22397 8 0
0 22397 9 0
0 22397 10 0
0 12770 11 0
0 12770 12 0
0 12770 13 0
0 12770 14 0
0 12770 15 0
0 12770 0 0
0 24146 1 0
0 24146 2 0
0 24146 3 0
0 24146 4 0
0 24146 5 0
0 24146 6 0
0 50853 7 0
0 50853 8 0
0 50853 9 0
0 50853 10 0
0 50853 11 0
0 50853 12 0
0 25793 13 0
0 25793 14 0
0 25793 15 0
0 25793 0 0
0 25793 1 0
0 25793 2 0
0 57647 3 0
0 57647 4 0
0 57647 5 0
0 57647 6 0
0 57647 7 0
0 57647 8 0
0 62609 9 0
0 62609 10 0
0 62609 11 0
0 62609 12 0
0 62609 13 0
0 62609 14 0
0 25772 15 0
0 25772 0 0
0 25772 1 0
0 25772 2 0
0 25772 3 0
0 25772 4 0
0 30515 5 0
0 30515 6 0
0 30515 7 0
0 30515 8 0
0 30515 9 0
0 30515 10 0
0 8645 11 0
0 8645 12 0
0 8645 13 0
0 8645 14 0
0 8645 15 0
0 8645 0 0
0 39742 1 0
0 39742 2 0
0 39742 3 0
0 39742 4 0
0 39742 5 0
0 39742 6 0
0 17575 7 0
0 17575 8 0
0 17575 9 0
0 17575 10 0
0 17575 11 0
0 17575 12 0
0 7345 13 0
0 7345 14 0
0 7345 15 0
0 7345 0 0
0 7345 1 0
0 7345 2 0
0 55663 3 0
0 55663 4 0
0 55663 5 0
0 55663 6 0
0 55663 7 0
0 55663 8 0
0 36080 9 0
0 36080 10 0
0 36080 11 0
0 36080 12 0
0 36080 13 0
0 36080 14 0
0 38228 15 0
0 38228 0 0
0 38228 1 0
0 38228 2 0
0 38228 3 0
0 38228 4 0
0 35419 5 0
0 35419 6 0
0 35419 7 0
0 35419 8 0
0 35419 9 0
0 35419 10 0
0 61799 11 0
0 61799 12 0
0 61799 13 0
0 61799 14 0
0 61799 15 0
0 61799 0 0
0 51979 1 0
0 51979 2 0
0 51979 3 0
0 51979 4 0
0 51979 5 0
0 51979 6 0
0 33334 7 0
0 33334 8 0
0 33334 9 0
0 33334 10 0
0 33334 11 0
0 33334 12 0
0 44100 13 0
0 44100 14 0
0 44100 15 0
0 44100 0 0
0 44100 1 0
0 44100 2 0
0 49489 3 0
0 49489 4 0
0 49489 5 0
0 49489 6 0
0 49489 7 0
0 49489 8 0
0 9972 9 0
0 9972 10 0
0 9972 11 0
0 9972 12 0
0 9972 13 0
0 9972 14 0
0 12689 15 0
0 12689 0 0
0 12689 1 0
0 12689 2 0
0 12689 3 0
0 12689 4 0
0 61981 5 0
0 61981 6 0
0 61981 7 0
0 61981 8 0
0 61981 9 0
0 61981 10 0
0 8858 11 0
0 8858 12 0
0 8858 13 0
0 8858 14 0
0 8858 15 0
0 8858 0 0
0 16847 1 0
0 16847 2 0
0 16847 3 0
0 16847 4 0
0 16847 5 0
0 16847 6 0
0 44030 7 0
0 44030 8 0
0 44030 9 0
0 44030 10 0
0 44030 11 0
0 44030 12 0
0 48100 13 0
0 48100 14 0
0 48100 15 0
0 48100 0 0
0 48100 1 0
0 48100 2 0
0 9031 3 0
0 9031 4 0
0 9031 5 0
0 9031 6 0
0 9031 7 0
0 9031 8 0
0 54179 9 0
0 54179 10 0
0 54179 11 0
0 54179 12 0
0 54179 13 0
0 54179 14 0
0 36303 15 0
0 36303 0 0
0 36303 1 0
0 36303 2 0
0 36303 3 0
0 36303 4 0
0 52302 5 0
0 52302 6 0
0 52302 7 0
0 52302 8 0
0 52302 9 0
0 52302 10 0
0 23572 11 0
0 23572 12 0
0 23572 13 0
0 23572 14 0
0 23572 15 0
0 23572 0 0
0 40436 1 0
0 40436 2 0
0 40436 3 0
0 40436 4 0
0 40436 5 0
0 40436 6 0
0 39887 7 0
0 39887 8 0
0 39887 9 0
0 39887 10 0
0 39887 11 0
0 39887 12 0
0 7510 13 0
0 7510 14 0
0 7510 15 0
0 7510 0 0
0 7510 1 0
0 7510 2 0
0 40122 3 0
0 40122 4 0
0 40122 5 0
0 40122 6 0
0 40122 7 0
0 40122 8 0
0 19811 9 0
0 19811 10 0
0 19811 11 0
0 19811 12 0
0 19811 13 0
0 19811 14 0
0 62429 15 0
0 62429 0 0
0 62429 1 0
0 62429 2 0
0 62429 3 0
0 62429 4 0
0 25151 5 0
0 25151 6 0
0 25151 7 0
0 25151 8 0
0 25151 9 0
0 25151 10 0
0 56936 11 0
0 56936 12 0
0 56936 13 0
0 56936 14 0
0 56936 15 0
0 56936 0 0
0 5423 1 0
0 5423 2 0
0 5423 3 0
0 5423 4 0
0 5423 5 0
0 5423 6 0
0 27378 7 0
0 27378 8 0
0 27378 9 0
0 27378 10 0
0 27378 11 0
0 27378 12 0
0 37950 13 0
0 37950 14 0
0 37950 15 0
0 37950 0 0
0 37950 1 0
0 37950 2 0
0 36198 3 0
0 36198 4 0
0 36198 5 0
0 36198 6 0
0 36198 7 0
0 36198 8 0
0 9441 9 0
0 9441 10 0
0 9441 11 0
0 9441 12 0
0 9441 13 0
0 9441 14 0
0 59382 15 0
0 59382 0 0
0 59382 1 0
0 59382 2 0
0 59382 3 0
0 59382 4 0
0 21222 5 0
0 21222 6 0
0 21222 7 0
0 21222 8 0
0 21222 9 0
0 21222 10 0
0 36119 11 0
0 36119 12 0
0 36119 13 0
0 36119 14 0
0 36119 15 0
0 36119 0 0
0 10990 1 0
0 10990 2 0
0 10990 3 0
0 10990 4 0
0 10990 5 0
0 10990 6 0
0 42239 7 0
0 42239 8 0
0 42239 9 0
0 42239 10 0
0 42239 11 0
0 42239 12 0
0 7558 13 0
0 7558 14 0
0 7558 15 0
0 7558 0 0
0 7558 1 0
0 7558 2 0
0 21719 3 0
0 21719 4 0
0 21719 5 0
0 21719 6 0
0 21719 7 0
0 21719 8 0
0 23116 9 0
0 23116 10 0
0 23116 11 0
0 23116 12 0
0 23116 13 0
0 23116 14 0
0 56061 15 0
0 56061 0 0
0 56061 1 0
0 56061 2 0
0 56061 3 0
0 56061 4 0
0 44932 5 0
0 44932 6 0
0 44932 7 0
0 44932 8 0
0 44932 9 0
0 44932 10 0
0 43820 11 0
0 43820 12 0
0 43820 13 0
0 43820 14 0
0 43820 15 0
0 43820 0 0
0 1374 1 0
0 1374 2 0
0 1374 3 0
0 1374 4 0
0 1374 5 0
0 1374 6 0
0 10140 7 0
0 10140 8 0
0 10140 9 0
0 10140 10 0
0 10140 11 0
0 10140 12 0
0 19334 13 0
0 19334 14 0
0 19334 15 0
0 19334 0 0
0 19334 1 0
0 19334 2 0
0 48105 3 0
0 48105 4 0
0 48105 5 0
0 48105 6 0
0 48105 7 0
0 48105 8 0
0 46221 9 0
0 46221 10 0
0 46221 11 0
0 46221 12 0
0 46221 13 0
0 46221 14 0
0 56006 15 0
0 56006 0 0
0 56006 1 0
0 56006 2 0
0 56006 3 0
0 56006 4 0
0 3320 5 0
0 3320 6 0
0 3320 7 0
0 3320 8 0
0 3320 9 0
0 3320 10 0
0 47599 11 0
0 47599 12 0
0 47599 13 0
0 47599 14 0
0 47599 15 0
0 47599 0 0
0 8248 1 0
0 8248 2 0
0 8248 3 0
0 8248 4 0
0 8248 5 0
0 8248 6 0
0 45903 7 0
0 45903 8 0
0 45903 9 0
0 45903 10 0
0 45903 11 0
0 45903 12 0
0 44834 13 0
0 44834 14 0
0 44834 15 0
0 44834 0 0
0 44834 1 0
0 44834 2 0
0 19150 3 0
0 19150 4 0
0 19150 5 0
0 19150 6 0
0 19150 7 0
0 19150 8 0
0 60408 9 0
0 60408 10 0
0 60408 11 0
0 60408 12 0
0 60408 13 0
0 60408 14 0
0 14113 15 0
0 14113 0 0
0 14113 1 0
0 14113 2 0
0 14113 3 0
0 14113 4 0
0 58670 5 0
0 58670 6 0
0 58670 7 0
0 58670 8 0
0 58670 9 0
0 58670 10 0
0 17351 11 0
0 17351 12 0
0 17351 13 0
0 17351 14 0
0 17351 15 0
0 17351 0 0
0 58500 1 0
0 58500 2 0
0 58500 3 0
0 58500 4 0
0 58500 5 0
0 58500 6 0
0 49616 7 0
0 49616 8 0
0 49616 9 0
0 49616 10 0
0 49616 11 0
0 49616 12 0
0 63181 13 0
0 63181 14 0
0 63181 15 0
0 63181 0 0
0 63181 1 0
0 63181 2 0
0 40462 3 0
0 40462 4 0
0 40462 5 0
0 40462 6 0
0 40462 7 0
0 40462 8 0
0 63686 9 0
0 63686 10 0
0 63686 11 0
0 63686 12 0
0 63686 13 0
0 63686 14 0
0 27841 15 0
0 27841 0 0
0 27841 1 0
0 27841 2 0
0 27841 3 0
0 27841 4 0
0 55412 5 0
0 55412 6 0
0 55412 7 0
0 55412 8 0
0 55412 9 0
0 55412 10 0
0 41396 11 0
0 41396 12 0
0 41396 13 0
0 41396 14 0
0 41396 15 0
0 41396 0 0
0 3183 1 0
0 3183 2 0
0 3183 3 0
0 3183 4 0
0 3183 5 0
0 3183 6 0
0 63835 7 0
0 63835 8 0
0 63835 9 0
0 63835 10 0
0 63835 11 0
0 63835 12 0
0 53529 13 0
0 53529 14 0
0 53529 15 0
0 53529 0 0
0 53529 1 0
0 53529 2 0
0 19404 3 0
0 19404 4 0
0 19404 5 0
0 19404 6 0
0 19404 7 0
0 19404 8 0
0 38532 9 0
0 38532 10 0
0 38532 11 0
0 38532 12 0
0 38532 13 0
0 38532 14 0
0 41179 15 0
0 41179 0 0
0 41179 1 0
0 41179 2 0
0 41179 3 0
0 41179 4 0
0 27958 5 0
0 27958 6 0
0 27958 7 0
0 27958 8 0
0 27958 9 0
0 27958 10 0
0 14489 11 0
0 14489 12 0
0 14489 13 0
0 14489 14 0
0 14489 15 0
0 14489 0 0
0 25756 1 0
0 25756 2 0
0 25756 3 0
0 25756 4 0
0 25756 5 0
0 25756 6 0
0 16641 7 0
0 16641 8 0
0 16641 9 0
0 16641 10 0
0 16641 11 0
0 16641 12 0
0 54152 13 0
0 54152 14 0
0 54152 15 0
0 54152 0 0
0 54152 1 0
0 54152 2 0
0 5190 3 0
0 5190 4 0
0 5190 5 0
0 5190 6 0
0 5190 7 0
0 5190 8 0
0 64471 9 0
0 64471 10 0
0 64471 11 0
0 64471 12 0
0 64471 13 0
0 64471 14 0
0 44397 15 0
0 44397 0 0
0 44397 1 0
0 44397 2 0
0 44397 3 0
0 44397 4 0
0 35280 5 0
0 35280 6 0
0 35280 7 0
0 35280 8 0
0 35280 9 0
0 35280 10 0
0 43334 11 0
0 43334 12 0
0 43334 13 0
0 43334 14 0
0 43334 15 0
0 43334 0 0
0 63423 1 0
0 63423 2 0
0 63423 3 0
0 63423 4 0
0 63423 5 0
0 63423 6 0
0 13899 7 0
0 13899 8 0
0 13899 9 0
0 13899 10 0
0 13899 11 0
0 13899 12 0
0 257 13 0
0 257 14 0
0 257 15 0
0 257 0 0
0 257 1 0
0 257 2 0
0 3948 3 0
0 3948 4 0
0 3948 5 0
0 3948 6 0
0 3948 7 0
0 3948 8 0
0 48734 9 0
0 48734 10 0
0 48734 11 0
0 48734 12 0
0 48734 13 0
0 48734 14 0
0 36455 15 0
0 36455 0 0
0 36455 1 0
0 36455 2 0
0 36455 3 0
0 36455 4 0
0 55192 5 0
0 55192 6 0
0 55192 7 0
0 55192 8 0
0 55192 9 0
0 55192 10 0
0 30416 11 0
0 30416 12 0
0 30416 13 0
0 30416 14 0
0 30416 15 0
0 30416 0 0
0 50818 1 0
0 50818 2 0
0 50818 3 0
0 50818 4 0
0 50818 5 0
0 50818 6 0
0 28898 7 0
0 28898 8 0
0 28898 9 0
0 28898 10 0
0 28898 11 0
0 28898 12 0
0 8879 13 0
0 8879 14 0
0 8879 15 0
0 8879 0 0
0 8879 1 0
0 8879 2 0
0 12863 3 0
0 12863 4 0
0 12863 5 0
0 12863 6 0
0 12863 7 0
0 12863 8 0
0 35622 9 0
0 35622 10 0
0 35622 11 0
0 35622 12 0
0 35622 13 0
0 35622 14 0
0 2211 15 0
0 2211 0 0
0 2211 1 0
0 2211 2 0
0 2211 3 0
0 2211 4 0
0 51923 5 0
0 51923 6 0
0 51923 7 0
0 51923 8 0
0 51923 9 0
0 51923 10 0
0 38379 11 0
0 38379 12 0
0 38379 13 0
0 38379 14 0
0 38379 15 0
0 38379 0 0
0 49119 1 0
0 49119 2 0
0 49119 3 0
0 49119 4 0
0 49119 5 0
0 49119 6 0
0 53167 7 0
0 53167 8 0
0 53167 9 0
0 53167 10 0
0 53167 11 0
0 53167 12 0
0 24085 13 0
0 24085 14 0
0 24085 15 0
0 24085 0 0
0 24085 1 0
0 24085 2 0
0 47326 3 0
0 47326 4 0
0 47326 5 0
0 47326 6 0
0 47326 7 0
0 47326 8 0
0 49384 9 0
0 49384 10 0
0 49384 11 0
0 49384 12 0
0 49384 13 0
0 49384 14 0
0 16222 15 0
0 16222 0 0
0 16222 1 0
0 16222 2 0
0 16222 3 0
0 16222 4 0
0 55751 5 0
0 55751 6 0
0 55751 7 0
0 55751 8 0
0 55751 9 0
0 55751 10 0
0 43604 11 0
0 43604 12 0
0 43604 13 0
0 43604 14 0
0 43604 15 0
0 43604 0 0
0 33884 1 0
0 33884 2 0
0 33884 3 0
0 33884 4 0
0 33884 5 0
0 33884 6 0
0 43841 7 0
0 43841 8 0
0 43841 9 0
0 43841 10 0
0 43841 11 0
0 43841 12 0
0 12340 13 0
0 12340 14 0
0 12340 15 0
0 12340 0 0
0 12340 1 0
0 12340 2 0
0 23365 3 0
0 23365 4 0
0 23365 5 0
0 23365 6 0
0 23365 7 0
0 23365 8 0
0 58180 9 0
0 58180 10 0
0 58180 11 0
0 58180 12 0
0 58180 13 0
0 58180 14 0
0 31266 15 0
0 31266 0 0
0 31266 1 0
0 31266 2 0
0 31266 3 0
0 31266 4 0
0 24920 5 0
0 24920 6 0
0 24920 7 0
0 24920 8 0
0 24920 9 0
0 24920 10 0
0 12905 11 0
0 12905 12 0
0 12905 13 0
0 12905 14 0
0 12905 15 0
0 12905 0 0
0 58715 1 0
0 58715 2 0
0 58715 3 0
0 58715 4 0
0 58715 5 0
0 58715 6 0
0 21552 7 0
0 21552 8 0
0 21552 9 0
0 21552 10 0
0 21552 11 0
0 21552 12 0
0 511 13 0
0 511 14 0
0 511 15 0
0 511 0 0
0 511 1 0
0 511 2 0
0 24309 3 0
0 24309 4 0
0 24309 5 0
0 24309 6 0
0 24309 7 0
0 24309 8 0
0 46690 9 0
0 46690 10 0
0 46690 11 0
0 46690 12 0
0 46690 13 0
0 46690 14 0
0 7211 15 0
0 7211 0 0
0 7211 1 0
0 7211 2 0
0 7211 3 0
0 7211 4 0
0 40002 5 0
0 40002 6 0
0 40002 7 0
0 40002 8 0
0 40002 9 0
0 40002 10 0
0 30963 11 0
0 30963 12 0
0 30963 13 0
0 30963 14 0
0 30963 15 0
0 30963 0 0
0 21183 1 0
0 21183 2 0
0 21183 3 0
0 21183 4 0
0 21183 5 0
0 21183 6 0
0 10898 7 0
0 10898 8 0
0 10898 9 0
0 10898 10 0
0 10898 11 0
0 10898 12 0
0 42822 13 0
0 42822 14 0
0 42822 15 0
0 42822 0 0
0 42822 1 0
0 42822 2 0
0 62962 3 0
0 62962 4 0
0 62962 5 0
0 62962 6 0
0 62962 7 0
0 62962 8 0
0 10687 9 0
0 10687 10 0
0 10687 11 0
0 10687 12 0
0 10687 13 0
0 10687 14 0
0 42747 15 0
0 42747 0 0
0 42747 1 0
0 42747 2 0
0 42747 3 0
0 42747 4 0
0 3873 5 0
0 3873 6 0
0 3873 7 0
0 3873 8 0
0 3873 9 0
0 3873 10 0
0 5133 11 0
0 5133 12 0
0 5133 13 0
0 5133 14 0
0 5133 15 0
0 5133 0 0
0 42346 1 0
0 42346 2 0
0 42346 3 0
0 42346 4 0
0 42346 5 0
0 42346 6 0
0 14994 7 0
0 14994 8 0
0 14994 9 0
0 14994 10 0
0 14994 11 0
0 14994 12 0
0 13320 13 0
0 13320 14 0
0 13320 15 0
0 13320 0 0
0 13320 1 0
0 13320 2 0
0 54411 3 0
0 54411 4 0
0 54411 5 0
0 54411 6 0
0 54411 7 0
0 54411 8 0
0 62954 9 0
0 62954 10 0
0 62954 11 0
0 62954 12 0
0 62954 13 0
0 62954 14 0
0 49680 15 0
0 49680 0 0
0 49680 1 0
0 49680 2 0
0 49680 3 0
0 49680 4 0
0 45691 5 0
0 45691 6 0
0 45691 7 0
0 45691 8 0
0 45691 9 0
0 45691 10 0
0 36216 11 0
0 36216 12 0
0 36216 13 0
0 36216 14 0
0 36216 15 0
0 36216 0 0
0 4623 1 0
0 4623 2 0
0 4623 3 0
0 4623 4 0
0 4623 5 0
0 4623 6 0
0 31721 7 0
0 31721 8 0
0 31721 9 0
0 31721 10 0
0 31721 11 0
0 31721 12 0
0 35523 13 0
0 35523 14 0
0 35523 15 0
0 35523 0 0
0 35523 1 0
0 35523 2 0
0 25617 3 0
0 25617 4 0
0 25617 5 0
0 25617 6 0
0 25617 7 0
0 25617 8 0
0 167 9 0
0 167 10 0
0 167 11 0
0 167 12 0
0 167 13 0
0 167 14 0
0 64870 15 0
0 64870 0 0
0 64870 1 0
0 64870 2 0
0 64870 3 0
0 64870 4 0
0 676 5 0
0 676 6 0
0 676 7 0
0 676 8 0
0 676 9 0
0 676 10 0
0 3619 11 0
0 3619 12 0
0 3619 13 0
0 3619 14 0
0 3619 15 0
0 3619 0 0
0 512 1 0
0 512 2 0
0 512 3 0
0 512 4 0
0 512 5 0
0 512 6 0
0 9793 7 0
0 9793 8 0
0 9793 9 0
0 9793 10 0
0 9793 11 0
0 9793 12 0
0 23062 13 0
0 23062 14 0
0 23062 15 0
0 23062 0 0
0 23062 1 0
0 23062 2 0
0 47370 3 0
0 47370 4 0
0 47370 5 0
0 47370 6 0
0 47370 7 0
0 47370 8 0
0 60396 9 0
0 60396 10 0
0 60396 11 0
0 60396 12 0
0 60396 13 0
0 60396 14 0
0 64861 15 0
0 64861 0 0
0 64861 1 0
0 64861 2 0
0 64861 3 0
0 64861 4 0
0 12343 5 0
0 12343 6 0
0 12343 7 0
0 12343 8 0
0 12343 9 0
0 12343 10 0
0 52942 11 0
0 52942 12 0
0 52942 13 0
0 52942 14 0
0 52942 15 0
0 52942 0 0
0 20950 1 0
0 20950 2 0
0 20950 3 0
0 20950 4 0
0 20950 5 0
0 20950 6 0
0 60602 7 0
0 60602 8 0
0 60602 9 0
0 60602 10 0
0 60602 11 0
0 60602 12 0
0 24321 13 0
0 24321 14 0
0 24321 15 0
0 24321 0 0
0 24321 1 0
0 24321 2 0
0 48368 3 0
0 48368 4 0
0 48368 5 0
0 48368 6 0
0 48368 7 0
0 48368 8 0
0 61049 9 0
0 61049 10 0
0 61049 11 0
0 61049 12 0
0 61049 13 0
0 61049 14 0
0 21375 15 0
0 21375 0 0
0 21375 1 0
0 21375 2 0
0 21375 3 0
0 21375 4 0
0 8656 5 0
0 8656 6 0
0 8656 7 0
0 8656 8 0
0 8656 9 0
0 8656 10 0
0 60542 11 0
0 60542 12 0
0 60542 13 0
0 60542 14 0
0 60542 15 0
0 60542 0 0
0 3609 1 0
0 3609 2 0
0 3609 3 0
0 3609 4 0
0 3609 5 0
0 3609 6 0
0 61182 7 0
0 61182 8 0
0 61182 9 0
0 61182 10 0
0 61182 11 0
0 61182 12 0
0 50423 13 0
0 50423 14 0
0 50423 15 0
0 50423 0 0
0 50423 1 0
0 50423 2 0
0 10253 3 0
0 10253 4 0
0 10253 5 0
0 10253 6 0
0 10253 7 0
0 10253 8 0
0 6736 9 0
0 6736 10 0
0 6736 11 0
0 6736 12 0
0 6736 13 0
0 6736 14 0
0 60644 15 0
0 60644 0 0
0 60644 1 0
0 60644 2 0
0 60644 3 0
0 60644 4 0
0 10816 5 0
0 10816 6 0
0 10816 7 0
0 10816 8 0
0 10816 9 0
0 10816 10 0
0 14768 11 0
0 14768 12 0
0 14768 13 0
0 14768 14 0
0 14768 15 0
0 14768 0 0
0 20060 1 0
0 20060 2 0
0 20060 3 0
0 20060 4 0
0 20060 5 0
0 20060 6 0
0 57603 7 0
0 57603 8 0
0 57603 9 0
0 57603 10 0
0 57603 11 0
0 57603 12 0
0 20529 13 0
0 20529 14 0
0 20529 15 0
0 20529 0 0
0 20529 1 0
0 20529 2 0
0 4534 3 0
0 4534 4 0
0 4534 5 0
0 4534 6 0
0 4534 7 0
0 4534 8 0
0 16365 9 0
0 16365 10 0
0 16365 11 0
0 16365 12 0
0 16365 13 0
0 16365 14 0
0 5739 15 0
0 5739 0 0
0 5739 1 0
0 5739 2 0
0 5739 3 0
0 5739 4 0
0 56638 5 0
0 56638 6 0
0 56638 7 0
0 56638 8 0
0 56638 9 0
0 56638 10 0
0 48941 11 0
0 48941 12 0
0 48941 13 0
0 48941 14 0
0 48941 15 0
0 48941 0 0
0 44920 1 0
0 44920 2 0
0 44920 3 0
0 44920 4 0
0 44920 5 0
0 44920 6 0
0 16016 7 0
0 16016 8 0
0 16016 9 0
0 16016 10 0
0 16016 11 0
0 16016 12 0
0 48697 13 0
0 48697 14 0
0 48697 15 0
0 48697 0 0
0 48697 1 0
0 48697 2 0
0 54414 3 0
0 54414 4 0
0 54414 5 0
0 54414 6 0
0 54414 7 0
0 54414 8 0
0 65155 9 0
0 65155 10 0
0 65155 11 0
0 65155 12 0
0 65155 13 0
0 65155 14 0
0 13417 15 0
0 13417 0 0
0 13417 1 0
0 13417 2 0
0 13417 3 0
0 13417 4 0
0 7859 5 0
0 7859 6 0
0 7859 7 0
0 7859 8 0
0 7859 9 0
0 7859 10 0
0 25282 11 0
0 25282 12 0
0 25282 13 0
0 25282 14 0
0 25282 15 0
0 25282 0 0
0 16371 1 0
0 16371 2 0
0 16371 3 0
0 16371 4 0
0 16371 5 0
0 16371 6 0
0 23221 7 0
0 23221 8 0
0 23221 9 0
0 23221 10 0
0 23221 11 0
0 23221 12 0
0 60026 13 0
0 60026 14 0
0 60026 15 0
0 60026 0 0
0 60026 1 0
0 60026 2 0
0 1400 3 0
0 1400 4 0
0 1400 5 0
0 1400 6 0
0 1400 7 0
0 1400 8 0
0 64748 9 0
0 64748 10 0
0 64748 11 0
0 64748 12 0
0 64748 13 0
0 64748 14 0
0 54687 15 0
0 54687 0 0
0 54687 1 0
0 54687 2 0
0 54687 3 0
0 54687 4 0
0 17887 5 0
0 17887 6 0
0 17887 7 0
0 17887 8 0
0 17887 9 0
0 17887 10 0
0 2134 11 0
0 2134 12 0
0 2134 13 0
0 2134 14 0
0 2134 15 0
0 2134 0 0
0 18351 1 0
0 18351 2 0
0 18351 3 0
0 18351 4 0
0 18351 5 0
0 18351 6 0
0 52830 7 0
0 52830 8 0
0 52830 9 0
0 52830 10 0
0 52830 11 0
0 52830 12 0
0 14358 13 0
0 14358 14 0
0 14358 15 0
0 14358 0 0
0 14358 1 0
0 14358 2 0
0 16289 3 0
0 16289 4 0
0 16289 5 0
0 16289 6 0
0 16289 7 0
0 16289 8 0
0 30158 9 0
0 30158 10 0
0 30158 11 0
0 30158 12 0
0 30158 13 0
0 30158 14 0
0 32497 15 0
0 32497 0 0
0 32497 1 0
0 32497 2 0
0 32497 3 0
0 32497 4 0
0 3268 5 0
0 3268 6 0
0 3268 7 0
0 3268 8 0
0 3268 9 0
0 3268 10 0
0 15058 11 0
0 15058 12 0
0 15058 13 0
0 15058 14 0
0 15058 15 0
0 15058 0 0
0 10824 1 0
0 10824 2 0
0 10824 3 0
0 10824 4 0
0 10824 5 0
0 10824 6 0
0 5133 7 0
0 5133 8 0
0 5133 9 0
0 5133 10 0
0 5133 11 0
0 5133 12 0
0 42869 13 0
0 42869 14 0
0 42869 15 0
0 42869 0 0
0 42869 1 0
0 42869 2 0
0 25058 3 0
0 25058 4 0
0 25058 5 0
0 25058 6 0
0 25058 7 0
0 25058 8 0
0 47822 9 0
0 47822 10 0
0 47822 11 0
0 47822 12 0
0 47822 13 0
0 47822 14 0
0 14969 15 0
0 14969 0 0
0 14969 1 0
0 14969 2 0
0 14969 3 0
0 14969 4 0
0 41358 5 0
0 41358 6 0
0 41358 7 0
0 41358 8 0
0 41358 9 0
0 41358 10 0
0 16809 11 0
0 16809 12 0
0 16809 13 0
0 16809 14 0
0 16809 15 0
0 16809 0 0
0 41701 1 0
0 41701 2 0
0 41701 3 0
0 41701 4 0
0 41701 5 0
0 41701 6 0
0 29371 7 0
0 29371 8 0
0 29371 9 0
0 29371 10 0
0 29371 11 0
0 29371 12 0
0 6518 13 0
0 6518 14 0
0 6518 15 0
0 6518 0 0
0 6518 1 0
0 6518 2 0
0 64228 3 0
0 64228 4 0
0 64228 5 0
0 64228 6 0
0 64228 7 0
0 64228 8 0
0 13250 9 0
0 13250 10 0
0 13250 11 0
0 13250 12 0
0 13250 13 0
0 13250 14 0
0 17154 15 0
0 17154 0 0
0 17154 1 0
0 17154 2 0
0 17154 3 0
0 17154 4 0
0 42977 5 0
0 42977 6 0
0 42977 7 0
0 42977 8 0
0 42977 9 0
0 42977 10 0
0 62640 11 0
0 62640 12 0
0 62640 13 0
0 62640 14 0
0 62640 15 0
0 62640 0 0
0 20078 1 0
0 20078 2 0
0 20078 3 0
0 20078 4 0
0 20078 5 0
0 20078 6 0
0 23452 7 0
0 23452 8 0
0 23452 9 0
0 23452 10 0
0 23452 11 0
0 23452 12 0
0 63939 13 0
0 63939 14 0
0 63939 15 0
0 63939 0 0
0 63939 1 0
0 63939 2 0
0 45542 3 0
0 45542 4 0
0 45542 5 0
0 45542 6 0
0 45542 7 0
0 45542 8 0
0 17712 9 0
0 17712 10 0
0 17712 11 0
0 17712 12 0
0 17712 13 0
0 17712 14 0
0 5796 15 0
0 5796 0 0
0 5796 1 0
0 5796 2 0
0 5796 3 0
0 5796 4 0
0 22454 5 0
0 22454 6 0
0 22454 7 0
0 22454 8 0
0 22454 9 0
0 22454 10 0
0 36527 11 0
0 36527 12 0
0 36527 13 0
0 36527 14 0
0 36527 15 0
0 36527 0 0
0 45522 1 0
0 45522 2 0
0 45522 3 0
0 45522 4 0
0 45522 5 0
0 45522 6 0
0 44493 7 0
0 44493 8 0
0 44493 9 0
0 44493 10 0
0 44493 11 0
0 44493 12 0
0 32068 13 0
0 32068 14 0
0 32068 15 0
0 32068 0 0
0 32068 1 0
0 32068 2 0
0 34966 3 0
0 34966 4 0
0 34966 5 0
0 34966 6 0
0 34966 7 0
0 34966 8 0
0 54168 9 0
0 54168 10 0
0 54168 11 0
0 54168 12 0
0 54168 13 0
0 54168 14 0
0 37702 15 0
0 37702 0 0
0 37702 1 0
0 37702 2 0
0 37702 3 0
0 37702 4 0
0 41706 5 0
0 41706 6 0
0 41706 7 0
0 41706 8 0
0 41706 9 0
0 41706 10 0
0 2229 11 0
0 2229 12 0
0 2229 13 0
0 2229 14 0
0 2229 15 0
0 2229 0 0
0 62463 1 0
0 62463 2 0
0 62463 3 0
0 62463 4 0
0 62463 5 0
0 62463 6 0
0 38485 7 0
0 38485 8 0
0 38485 9 0
0 38485 10 0
0 38485 11 0
0 38485 12 0
0 19848 13 0
0 19848 14 0
0 19848 15 0
0 19848 0 0
0 19848 1 0
0 19848 2 0
0 33999 3 0
0 33999 4 0
0 33999 5 0
0 33999 6 0
0 33999 7 0
0 33999 8 0
0 25589 9 0
0 25589 10 0
0 25589 11 0
0 25589 12 0
0 25589 13 0
0 25589 14 0
0 2128 15 0
0 2128 0 0
0 2128 1 0
0 2128 2 0
0 2128 3 0
0 2128 4 0
0 64180 5 0
0 64180 6 0
0 64180 7 0
0 64180 8 0
0 64180 9 0
0 64180 10 0
0 40364 11 0
0 40364 12 0
0 40364 13 0
0 40364 14 0
0 40364 15 0
0 40364 0 0
0 62273 1 0
0 62273 2 0
0 62273 3 0
0 62273 4 0
0 62273 5 0
0 62273 6 0
0 1064 7 0
0 1064 8 0
0 1064 9 0
0 1064 10 0
0 1064 11 0
0 1064 12 0
0 13153 13 0
0 13153 14 0
0 13153 15 0
0 13153 0 0
0 13153 1 0
0 13153 2 0
0 48501 3 0
0 48501 4 0
0 48501 5 0
0 48501 6 0
0 48501 7 0
0 48501 8 0
0 32365 9 0
0 32365 10 0
0 32365 11 0
0 32365 12 0
0 32365 13 0
0 32365 14 0
0 31442 15 0
0 31442 0 0
0 31442 1 0
0 31442 2 0
0 31442 3 0
0 31442 4 0
0 51000 5 0
0 51000 6 0
0 51000 7 0
0 51000 8 0
0 51000 9 0
0 51000 10 0
0 25376 11 0
0 25376 12 0
0 25376 13 0
0 25376 14 0
0 25376 15 0
0 25376 0 0
0 50517 1 0
0 50517 2 0
0 50517 3 0
0 50517 4 0
0 50517 5 0
0 50517 6 0
0 12597 7 0
0 12597 8 0
0 12597 9 0
0 12597 10 0
0 12597 11 0
0 12597 12 0
0 23135 13 0
0 23135 14 0
0 23135 15 0
0 23135 0 0
0 23135 1 0
0 23135 2 0
0 33443 3 0
0 33443 4 0
0 33443 5 0
0 33443 6 0
0 33443 7 0
0 33443 8 0
0 13057 9 0
0 13057 10 0
0 13057 11 0
0 13057 12 0
0 13057 13 0
0 13057 14 0
0 37086 15 0
0 37086 0 0
0 37086 1 0
0 37086 2 0
0 37086 3 0
0 37086 4 0
0 22084 5 0
0 22084 6 0
0 22084 7 0
0 22084 8 0
0 22084 9 0
0 22084 10 0
0 17631 11 0
0 17631 12 0
0 17631 13 0
0 17631 14 0
0 17631 15 0
0 17631 0 0
0 59678 1 0
0 59678 2 0
0 59678 3 0
0 59678 4 0
0 59678 5 0
0 59678 6 0
0 54111 7 0
0 54111 8 0
0 54111 9 0
0 54111 10 0
0 54111 11 0
0 54111 12 0
0 50215 13 0
0 50215 14 0
0 50215 15 0
0 50215 0 0
0 50215 1 0
0 50215 2 0
0 54288 3 0
0 54288 4 0
0 54288 5 0
0 54288 6 0
0 54288 7 0
0 54288 8 0
0 30351 9 0
0 30351 10 0
0 30351 11 0
0 30351 12 0
0 30351 13 0
0 30351 14 0
0 10539 15 0
0 10539 0 0
0 10539 1 0
0 10539 2 0
0 10539 3 0
0 10539 4 0
0 12214 5 0
0 12214 6 0
0 12214 7 0
0 12214 8 0
0 12214 9 0
0 12214 10 0
0 56133 11 0
0 56133 12 0
0 56133 13 0
0 56133 14 0
0 56133 15 0
0 56133 0 0
0 41860 1 0
0 41860 2 0
0 41860 3 0
0 41860 4 0
0 41860 5 0
0 41860 6 0
0 40285 7 0
0 40285 8 0
0 40285 9 0
0 40285 10 0
0 40285 11 0
0 40285 12 0
0 65308 13 0
0 65308 14 0
0 65308 15 0
0 65308 0 0
0 65308 1 0
0 65308 2 0
0 54448 3 0
0 54448 4 0
0 54448 5 0
0 54448 6 0
0 54448 7 0
0 54448 8 0
0 53958 9 0
0 53958 10 0
0 53958 11 0
0 53958 12 0
0 53958 13 0
0 53958 14 0
0 45540 15 0
0 45540 0 0
0 45540 1 0
0 45540 2 0
0 45540 3 0
0 45540 4 0
0 52801 5 0
0 52801 6 0
0 52801 7 0
0 52801 8 0
0 52801 9 0
0 52801 10 0
0 61755 11 0
0 61755 12 0
0 61755 13 0
0 61755 14 0
0 61755 15 0
0 61755 0 0
0 52165 1 0
0 52165 2 0
0 52165 3 0
0 52165 4 0
0 52165 5 0
0 52165 6 0
0 32611 7 0
0 32611 8 0
0 32611 9 0
0 32611 10 0
0 32611 11 0
0 32611 12 0
0 4243 13 0
0 4243 14 0
0 4243 15 0
0 4243 0 0
0 4243 1 0
0 4243 2 0
0 15357 3 0
0 15357 4 0
0 15357 5 0
0 15357 6 0
0 15357 7 0
0 15357 8 0
0 36936 9 0
0 36936 10 0
0 36936 11 0
0 36936 12 0
0 36936 13 0
0 36936 14 0
0 42003 15 0
0 42003 0 0
0 42003 1 0
0 42003 2 0
0 42003 3 0
0 42003 4 0
0 7029 5 0
0 7029 6 0
0 7029 7 0
0 7029 8 0
0 7029 9 0
0 7029 10 0
0 40976 11 0
0 40976 12 0
0 40976 13 0
0 40976 14 0
0 40976 15 0
0 40976 0 0
0 39685 1 0
0 39685 2 0
0 39685 3 0
0 39685 4 0
0 39685 5 0
0 39685 6 0
0 42858 7 0
0 42858 8 0
0 42858 9 0
0 42858 10 0
0 42858 11 0
0 42858 12 0
0 64250 13 0
0 64250 14 0
0 64250 15 0
0 64250 0 0
0 64250 1 0
0 64250 2 0
0 10145 3 0
0 10145 4 0
0 10145 5 0
0 10145 6 0
0 10145 7 0
0 10145 8 0
0 16626 9 0
0 16626 10 0
0 16626 11 0
0 16626 12 0
0 16626 13 0
0 16626 14 0
0 4384 15 0
0 4384 0 0
0 4384 1 0
0 4384 2 0
0 4384 3 0
0 4384 4 0
0 13699 5 0
0 13699 6 0
0 13699 7 0
0 13699 8 0
0 13699 9 0
0 13699 10 0
0 51658 11 0
0 51658 12 0
0 51658 13 0
0 51658 14 0
0 51658 15 0
0 51658 0 0
0 32698 1 0
0 32698 2 0
0 32698 3 0
0 32698 4 0
0 32698 5 0
0 32698 6 0
0 306 7 0
0 306 8 0
0 306 9 0
0 306 10 0
0 306 11 0
0 306 12 0
0 38842 13 0
0 38842 14 0
0 38842 15 0
0 38842 0 0
0 38842 1 0
0 38842 2 0
0 30248 3 0
0 30248 4 0
0 30248 5 0
0 30248 6 0
0 30248 7 0
0 30248 8 0
0 40914 9 0
0 40914 10 0
0 40914 11 0
0 40914 12 0
0 40914 13 0
0 40914 14 0
0 13177 15 0
0 13177 0 0
0 13177 1 0
0 13177 2 0
0 13177 3 0
0 13177 4 0
0 50651 5 0
0 50651 6 0
0 50651 7 0
0 50651 8 0
0 50651 9 0
0 50651 10 0
0 54975 11 0
0 54975 12 0
0 54975 13 0
0 54975 14 0
0 54975 15 0
0 54975 0 0
0 36163 1 0
0 36163 2 0
0 36163 3 0
0 36163 4 0
0 36163 5 0
0 36163 6 0
0 8353 7 0
0 8353 8 0
0 8353 9 0
0 8353 10 0
0 8353 11 0
0 8353 12 0
0 1976 13 0
0 1976 14 0
0 1976 15 0
0 1976 0 0
0 1976 1 0
0 1976 2 0
0 29683 3 0
0 29683 4 0
0 29683 5 0
0 29683 6 0
0 29683 7 0
0 29683 8 0
0 37760 9 0
0 37760 10 0
0 37760 11 0
0 37760 12 0
0 37760 13 0
0 37760 14 0
0 3049 15 0
0 3049 0 0
0 3049 1 0
0 3049 2 0
0 3049 3 0
0 3049 4 0
0 9284 5 0
0 9284 6 0
0 9284 7 0
0 9284 8 0
0 9284 9 0
0 9284 10 0
0 34871 11 0
0 34871 12 0
0 34871 13 0
0 34871 14 0
0 34871 15 0
0 34871 0 0
0 20113 1 0
0 20113 2 0
0 20113 3 0
0 20113 4 0
0 20113 5 0
0 20113 6 0
0 29534 7 0
0 29534 8 0
0 29534 9 0
0 29534 10 0
0 29534 11 0
0 29534 12 0
0 26689 13 0
0 26689 14 0
0 26689 15 0
0 26689 0 0
0 26689 1 0
0 26689 2 0
0 31176 3 0
0 31176 4 0
0 31176 5 0
0 31176 6 0
0 31176 7 0
0 31176 8 0
0 37510 9 0
0 37510 10 0
0 37510 11 0
0 37510 12 0
0 37510 13 0
0 37510 14 0
0 8365 15 0
0 8365 0 0
0 8365 1 0
0 8365 2 0
0 8365 3 0
0 8365 4 0
0 11002 5 0
0 11002 6 0
0 11002 7 0
0 11002 8 0
0 11002 9 0
0 11002 10 0
0 29089 11 0
0 29089 12 0
0 29089 13 0
0 29089 14 0
0 29089 15 0
0 29089 0 0
0 60797 1 0
0 60797 2 0
0 60797 3 0
0 60797 4 0
0 60797 5 0
0 60797 6 0
0 8757 7 0
0 8757 8 0
0 8757 9 0
0 8757 10 0
0 8757 11 0
0 8757 12 0
0 3029 13 0
0 3029 14 0
0 3029 15 0
