0 0 0 0
0 0 1 0
0 0 2 0
0 0 3 0
0 0 4 0
0 22749 5 0
0 22749 6 0
0 22749 7 0
0 22749 8 0
0 22749 9 0
0 22749 10 0
0 52968 11 0
0 52968 12 0
0 52968 13 0
0 52968 14 0
0 52968 15 0
0 52968 0 0
0 40134 1 0
0 40134 2 0
0 40134 3 0
0 40134 4 0
0 40134 5 0
0 40134 6 0
0 45845 7 0
0 45845 8 0
0 45845 9 0
0 45845 10 0
0 45845 11 0
0 45845 12 0
0 4130 13 0
0 4130 14 0
0 4130 15 0
0 4130 0 0
0 4130 1 0
0 4130 2 0
0 18910 3 0
0 18910 4 0
0 18910 5 0
0 18910 6 0
0 18910 7 0
0 18910 8 0
0 1594 9 0
0 1594 10 0
0 1594 11 0
0 1594 12 0
0 1594 13 0
0 1594 14 0
0 60225 15 0
0 60225 0 0
0 60225 1 0
0 60225 2 0
0 60225 3 0
0 60225 4 0
0 22219 5 0
0 22219 6 0
0 22219 7 0
0 22219 8 0
0 22219 9 0
0 22219 10 0
0 17265 11 0
0 17265 12 0
0 17265 13 0
0 17265 14 0
0 17265 15 0
0 17265 0 0
0 16631 1 0
0 16631 2 0
0 16631 3 0
0 16631 4 0
0 16631 5 0
0 16631 6 0
0 52153 7 0
0 52153 8 0
0 52153 9 0
0 52153 10 0
0 52153 11 0
0 52153 12 0
0 54355 13 0
0 54355 14 0
0 54355 15 0
0 54355 0 0
0 54355 1 0
0 54355 2 0
0 55076 3 0
0 55076 4 0
0 55076 5 0
0 55076 6 0
0 55076 7 0
0 55076 8 0
0 22841 9 0
0 22841 10 0
0 22841 11 0
0 22841 12 0
0 22841 13 0
0 22841 14 0
0 16966 15 0
0 16966 0 0
0 16966 1 0
0 16966 2 0
0 16966 3 0
0 16966 4 0
0 42003 5 0
0 42003 6 0
0 42003 7 0
0 42003 8 0
0 42003 9 0
0 42003 10 0
0 55067 11 0
0 55067 12 0
0 55067 13 0
0 55067 14 0
0 55067 15 0
0 55067 0 0
0 8637 1 0
0 8637 2 0
0 8637 3 0
0 8637 4 0
0 8637 5 0
0 8637 6 0
0 27260 7 0
0 27260 8 0
0 27260 9 0
0 27260 10 0
0 27260 11 0
0 27260 12 0
0 20740 13 0
0 20740 14 0
0 20740 15 0
0 20740 0 0
0 20740 1 0
0 20740 2 0
0 15661 3 0
0 15661 4 0
0 15661 5 0
0 15661 6 0
0 15661 7 0
0 15661 8 0
0 7212 9 0
0 7212 10 0
0 7212 11 0
0 7212 12 0
0 7212 13 0
0 7212 14 0
0 21648 15 0
0 21648 0 0
0 21648 1 0
0 21648 2 0
0 21648 3 0
0 21648 4 0
0 55081 5 0
0 55081 6 0
0 55081 7 0
0 55081 8 0
0 55081 9 0
0 55081 10 0
0 54904 11 0
0 54904 12 0
0 54904 13 0
0 54904 14 0
0 54904 15 0
0 54904 0 0
0 41534 1 0
0 41534 2 0
0 41534 3 0
0 41534 4 0
0 41534 5 0
0 41534 6 0
0 53169 7 0
0 53169 8 0
0 53169 9 0
0 53169 10 0
0 53169 11 0
0 53169 12 0
0 63699 13 0
0 63699 14 0
0 63699 15 0
0 63699 0 0
0 63699 1 0
0 63699 2 0
0 63076 3 0
0 63076 4 0
0 63076 5 0
0 63076 6 0
0 63076 7 0
0 63076 8 0
0 29273 9 0
0 29273 10 0
0 29273 11 0
0 29273 12 0
0 29273 13 0
0 29273 14 0
0 13615 15 0
0 13615 0 0
0 13615 1 0
0 13615 2 0
0 13615 3 0
0 13615 4 0
0 1184 5 0
0 1184 6 0
0 1184 7 0
0 1184 8 0
0 1184 9 0
0 1184 10 0
0 42678 11 0
0 42678 12 0
0 42678 13 0
0 42678 14 0
0 42678 15 0
0 42678 0 0
0 58314 1 0
0 58314 2 0
0 58314 3 0
0 58314 4 0
0 58314 5 0
0 58314 6 0
0 21270 7 0
0 21270 8 0
0 21270 9 0
0 21270 10 0
0 21270 11 0
0 21270 12 0
0 51948 13 0
0 51948 14 0
0 51948 15 0
0 51948 0 0
0 51948 1 0
0 51948 2 0
0 50478 3 0
0 50478 4 0
0 50478 5 0
0 50478 6 0
0 50478 7 0
0 50478 8 0
0 25173 9 0
0 25173 10 0
0 25173 11 0
0 25173 12 0
0 25173 13 0
0 25173 14 0
0 61098 15 0
0 61098 0 0
0 61098 1 0
0 61098 2 0
0 61098 3 0
0 61098 4 0
0 43315 5 0
0 43315 6 0
0 43315 7 0
0 43315 8 0
0 43315 9 0
0 43315 10 0
0 49938 11 0
0 49938 12 0
0 49938 13 0
0 49938 14 0
0 49938 15 0
0 49938 0 0
0 27997 1 0
0 27997 2 0
0 27997 3 0
0 27997 4 0
0 27997 5 0
0 27997 6 0
0 7051 7 0
0 7051 8 0
0 7051 9 0
0 7051 10 0
0 7051 11 0
0 7051 12 0
0 50217 13 0
0 50217 14 0
0 50217 15 0
0 50217 0 0
0 50217 1 0
0 50217 2 0
0 50593 3 0
0 50593 4 0
0 50593 5 0
0 50593 6 0
0 50593 7 0
0 50593 8 0
0 55554 9 0
0 55554 10 0
0 55554 11 0
0 55554 12 0
0 55554 13 0
0 55554 14 0
0 42853 15 0
0 42853 0 0
0 42853 1 0
0 42853 2 0
0 42853 3 0
0 42853 4 0
0 14141 5 0
0 14141 6 0
0 14141 7 0
0 14141 8 0
0 14141 9 0
0 14141 10 0
0 49827 11 0
0 49827 12 0
0 49827 13 0
0 49827 14 0
0 49827 15 0
0 49827 0 0
0 1275 1 0
0 1275 2 0
0 1275 3 0
0 1275 4 0
0 1275 5 0
0 1275 6 0
0 436 7 0
0 436 8 0
0 436 9 0
0 436 10 0
0 436 11 0
0 436 12 0
0 51535 13 0
0 51535 14 0
0 51535 15 0
0 51535 0 0
0 51535 1 0
0 51535 2 0
0 19038 3 0
0 19038 4 0
0 19038 5 0
0 19038 6 0
0 19038 7 0
0 19038 8 0
0 11920 9 0
0 11920 10 0
0 11920 11 0
0 11920 12 0
0 11920 13 0
0 11920 14 0
0 9923 15 0
0 9923 0 0
0 9923 1 0
0 9923 2 0
0 9923 3 0
0 9923 4 0
0 56800 5 0
0 56800 6 0
0 56800 7 0
0 56800 8 0
0 56800 9 0
0 56800 10 0
0 4714 11 0
0 4714 12 0
0 4714 13 0
0 4714 14 0
0 4714 15 0
0 4714 0 0
0 28408 1 0
0 28408 2 0
0 28408 3 0
0 28408 4 0
0 28408 5 0
0 28408 6 0
0 16692 7 0
0 16692 8 0
0 16692 9 0
0 16692 10 0
0 16692 11 0
0 16692 12 0
0 25818 13 0
0 25818 14 0
0 25818 15 0
0 25818 0 0
0 25818 1 0
0 25818 2 0
0 46284 3 0
0 46284 4 0
0 46284 5 0
0 46284 6 0
0 46284 7 0
0 46284 8 0
0 59412 9 0
0 59412 10 0
0 59412 11 0
0 59412 12 0
0 59412 13 0
0 59412 14 0
0 59525 15 0
0 59525 0 0
0 59525 1 0
0 59525 2 0
0 59525 3 0
0 59525 4 0
0 51072 5 0
0 51072 6 0
0 51072 7 0
0 51072 8 0
0 51072 9 0
0 51072 10 0
0 63503 11 0
0 63503 12 0
0 63503 13 0
0 63503 14 0
0 63503 15 0
0 63503 0 0
0 43901 1 0
0 43901 2 0
0 43901 3 0
0 43901 4 0
0 43901 5 0
0 43901 6 0
0 35385 7 0
0 35385 8 0
0 35385 9 0
0 35385 10 0
0 35385 11 0
0 35385 12 0
0 43788 13 0
0 43788 14 0
0 43788 15 0
0 43788 0 0
0 43788 1 0
0 43788 2 0
0 7555 3 0
0 7555 4 0
0 7555 5 0
0 7555 6 0
0 7555 7 0
0 7555 8 0
0 32540 9 0
0 32540 10 0
0 32540 11 0
0 32540 12 0
0 32540 13 0
0 32540 14 0
0 11713 15 0
0 11713 0 0
0 11713 1 0
0 11713 2 0
0 11713 3 0
0 11713 4 0
0 22571 5 0
0 22571 6 0
0 22571 7 0
0 22571 8 0
0 22571 9 0
0 22571 10 0
0 49874 11 0
0 49874 12 0
0 49874 13 0
0 49874 14 0
0 49874 15 0
0 49874 0 0
0 50298 1 0
0 50298 2 0
0 50298 3 0
0 50298 4 0
0 50298 5 0
0 50298 6 0
0 61581 7 0
0 61581 8 0
0 61581 9 0
0 61581 10 0
0 61581 11 0
0 61581 12 0
0 23986 13 0
0 23986 14 0
0 23986 15 0
0 23986 0 0
0 23986 1 0
0 23986 2 0
0 4505 3 0
0 4505 4 0
0 4505 5 0
0 4505 6 0
0 4505 7 0
0 4505 8 0
0 13701 9 0
0 13701 10 0
0 13701 11 0
0 13701 12 0
0 13701 13 0
0 13701 14 0
0 21017 15 0
0 21017 0 0
0 21017 1 0
0 21017 2 0
0 21017 3 0
0 21017 4 0
0 34863 5 0
0 34863 6 0
0 34863 7 0
0 34863 8 0
0 34863 9 0
0 34863 10 0
0 48150 11 0
0 48150 12 0
0 48150 13 0
0 48150 14 0
0 48150 15 0
0 48150 0 0
0 3912 1 0
0 3912 2 0
0 3912 3 0
0 3912 4 0
0 3912 5 0
0 3912 6 0
0 17547 7 0
0 17547 8 0
0 17547 9 0
0 17547 10 0
0 17547 11 0
0 17547 12 0
0 28373 13 0
0 28373 14 0
0 28373 15 0
0 28373 0 0
0 28373 1 0
0 28373 2 0
0 37123 3 0
0 37123 4 0
0 37123 5 0
0 37123 6 0
0 37123 7 0
0 37123 8 0
0 7873 9 0
0 7873 10 0
0 7873 11 0
0 7873 12 0
0 7873 13 0
0 7873 14 0
0 34683 15 0
0 34683 0 0
0 34683 1 0
0 34683 2 0
0 34683 3 0
0 34683 4 0
0 46271 5 0
0 46271 6 0
0 46271 7 0
0 46271 8 0
0 46271 9 0
0 46271 10 0
0 45411 11 0
0 45411 12 0
0 45411 13 0
0 45411 14 0
0 45411 15 0
0 45411 0 0
0 37299 1 0
0 37299 2 0
0 37299 3 0
0 37299 4 0
0 37299 5 0
0 37299 6 0
0 21002 7 0
0 21002 8 0
0 21002 9 0
0 21002 10 0
0 21002 11 0
0 21002 12 0
0 12869 13 0
0 12869 14 0
0 12869 15 0
0 12869 0 0
0 12869 1 0
0 12869 2 0
0 58538 3 0
0 58538 4 0
0 58538 5 0
0 58538 6 0
0 58538 7 0
0 58538 8 0
0 14401 9 0
0 14401 10 0
0 14401 11 0
0 14401 12 0
0 14401 13 0
0 14401 14 0
0 28159 15 0
0 28159 0 0
0 28159 1 0
0 28159 2 0
0 28159 3 0
0 28159 4 0
0 24091 5 0
0 24091 6 0
0 24091 7 0
0 24091 8 0
0 24091 9 0
0 24091 10 0
0 36176 11 0
0 36176 12 0
0 36176 13 0
0 36176 14 0
0 36176 15 0
0 36176 0 0
0 12447 1 0
0 12447 2 0
0 12447 3 0
0 12447 4 0
0 12447 5 0
0 12447 6 0
0 61565 7 0
0 61565 8 0
0 61565 9 0
0 61565 10 0
0 61565 11 0
0 61565 12 0
0 48377 13 0
0 48377 14 0
0 48377 15 0
0 48377 0 0
0 48377 1 0
0 48377 2 0
0 49981 3 0
0 49981 4 0
0 49981 5 0
0 49981 6 0
0 49981 7 0
0 49981 8 0
0 5394 9 0
0 5394 10 0
0 5394 11 0
0 5394 12 0
0 5394 13 0
0 5394 14 0
0 32885 15 0
0 32885 0 0
0 32885 1 0
0 32885 2 0
0 32885 3 0
0 32885 4 0
0 18266 5 0
0 18266 6 0
0 18266 7 0
0 18266 8 0
0 18266 9 0
0 18266 10 0
0 13838 11 0
0 13838 12 0
0 13838 13 0
0 13838 14 0
0 13838 15 0
0 13838 0 0
0 13792 1 0
0 13792 2 0
0 13792 3 0
0 13792 4 0
0 13792 5 0
0 13792 6 0
0 45133 7 0
0 45133 8 0
0 45133 9 0
0 45133 10 0
0 45133 11 0
0 45133 12 0
0 37855 13 0
0 37855 14 0
0 37855 15 0
0 37855 0 0
0 37855 1 0
0 37855 2 0
0 62432 3 0
0 62432 4 0
0 62432 5 0
0 62432 6 0
0 62432 7 0
0 62432 8 0
0 50408 9 0
0 50408 10 0
0 50408 11 0
0 50408 12 0
0 50408 13 0
0 50408 14 0
0 33465 15 0
0 33465 0 0
0 33465 1 0
0 33465 2 0
0 33465 3 0
0 33465 4 0
0 51037 5 0
0 51037 6 0
0 51037 7 0
0 51037 8 0
0 51037 9 0
0 51037 10 0
0 29441 11 0
0 29441 12 0
0 29441 13 0
0 29441 14 0
0 29441 15 0
0 29441 0 0
0 49546 1 0
0 49546 2 0
0 49546 3 0
0 49546 4 0
0 49546 5 0
0 49546 6 0
0 26374 7 0
0 26374 8 0
0 26374 9 0
0 26374 10 0
0 26374 11 0
0 26374 12 0
0 3175 13 0
0 3175 14 0
0 3175 15 0
0 3175 0 0
0 3175 1 0
0 3175 2 0
0 31313 3 0
0 31313 4 0
0 31313 5 0
0 31313 6 0
0 31313 7 0
0 31313 8 0
0 12569 9 0
0 12569 10 0
0 12569 11 0
0 12569 12 0
0 12569 13 0
0 12569 14 0
0 13831 15 0
0 13831 0 0
0 13831 1 0
0 13831 2 0
0 13831 3 0
0 13831 4 0
0 48190 5 0
0 48190 6 0
0 48190 7 0
0 48190 8 0
0 48190 9 0
0 48190 10 0
0 29654 11 0
0 29654 12 0
0 29654 13 0
0 29654 14 0
0 29654 15 0
0 29654 0 0
0 26534 1 0
0 26534 2 0
0 26534 3 0
0 26534 4 0
0 26534 5 0
0 26534 6 0
0 26352 7 0
0 26352 8 0
0 26352 9 0
0 26352 10 0
0 26352 11 0
0 26352 12 0
0 44692 13 0
0 44692 14 0
0 44692 15 0
0 44692 0 0
0 44692 1 0
0 44692 2 0
0 18511 3 0
0 18511 4 0
0 18511 5 0
0 18511 6 0
0 18511 7 0
0 18511 8 0
0 33487 9 0
0 33487 10 0
0 33487 11 0
0 33487 12 0
0 33487 13 0
0 33487 14 0
0 10105 15 0
0 10105 0 0
0 10105 1 0
0 10105 2 0
0 10105 3 0
0 10105 4 0
0 28202 5 0
0 28202 6 0
0 28202 7 0
0 28202 8 0
0 28202 9 0
0 28202 10 0
0 5361 11 0
0 5361 12 0
0 5361 13 0
0 5361 14 0
0 5361 15 0
0 5361 0 0
0 53368 1 0
0 53368 2 0
0 53368 3 0
0 53368 4 0
0 53368 5 0
0 53368 6 0
0 54771 7 0
0 54771 8 0
0 54771 9 0
0 54771 10 0
0 54771 11 0
0 54771 12 0
0 4781 13 0
0 4781 14 0
0 4781 15 0
0 4781 0 0
0 4781 1 0
0 4781 2 0
0 4316 3 0
0 4316 4 0
0 4316 5 0
0 4316 6 0
0 4316 7 0
0 4316 8 0
0 52878 9 0
0 52878 10 0
0 52878 11 0
0 52878 12 0
0 52878 13 0
0 52878 14 0
0 24122 15 0
0 24122 0 0
0 24122 1 0
0 24122 2 0
0 24122 3 0
0 24122 4 0
0 14263 5 0
0 14263 6 0
0 14263 7 0
0 14263 8 0
0 14263 9 0
0 14263 10 0
0 52610 11 0
0 52610 12 0
0 52610 13 0
0 52610 14 0
0 52610 15 0
0 52610 0 0
0 32294 1 0
0 32294 2 0
0 32294 3 0
0 32294 4 0
0 32294 5 0
0 32294 6 0
0 42476 7 0
0 42476 8 0
0 42476 9 0
0 42476 10 0
0 42476 11 0
0 42476 12 0
0 52113 13 0
0 52113 14 0
0 52113 15 0
0 52113 0 0
0 52113 1 0
0 52113 2 0
0 65446 3 0
0 65446 4 0
0 65446 5 0
0 65446 6 0
0 65446 7 0
0 65446 8 0
0 37133 9 0
0 37133 10 0
0 37133 11 0
0 37133 12 0
0 37133 13 0
0 37133 14 0
0 61611 15 0
0 61611 0 0
0 61611 1 0
0 61611 2 0
0 61611 3 0
0 61611 4 0
0 25329 5 0
0 25329 6 0
0 25329 7 0
0 25329 8 0
0 25329 9 0
0 25329 10 0
0 56145 11 0
0 56145 12 0
0 56145 13 0
0 56145 14 0
0 56145 15 0
0 56145 0 0
0 38304 1 0
0 38304 2 0
0 38304 3 0
0 38304 4 0
0 38304 5 0
0 38304 6 0
0 29842 7 0
0 29842 8 0
0 29842 9 0
0 29842 10 0
0 29842 11 0
0 29842 12 0
0 3176 13 0
0 3176 14 0
0 3176 15 0
0 3176 0 0
0 3176 1 0
0 3176 2 0
0 35855 3 0
0 35855 4 0
0 35855 5 0
0 35855 6 0
0 35855 7 0
0 35855 8 0
0 7730 9 0
0 7730 10 0
0 7730 11 0
0 7730 12 0
0 7730 13 0
0 7730 14 0
0 30883 15 0
0 30883 0 0
0 30883 1 0
0 30883 2 0
0 30883 3 0
0 30883 4 0
0 4378 5 0
0 4378 6 0
0 4378 7 0
0 4378 8 0
0 4378 9 0
0 4378 10 0
0 605 11 0
0 605 12 0
0 605 13 0
0 605 14 0
0 605 15 0
0 605 0 0
0 45975 1 0
0 45975 2 0
0 45975 3 0
0 45975 4 0
0 45975 5 0
0 45975 6 0
0 675 7 0
0 675 8 0
0 675 9 0
0 675 10 0
0 675 11 0
0 675 12 0
0 2846 13 0
0 2846 14 0
0 2846 15 0
0 2846 0 0
0 2846 1 0
0 2846 2 0
0 12706 3 0
0 12706 4 0
0 12706 5 0
0 12706 6 0
0 12706 7 0
0 12706 8 0
0 59389 9 0
0 59389 10 0
0 59389 11 0
0 59389 12 0
0 59389 13 0
0 59389 14 0
0 20157 15 0
0 20157 0 0
0 20157 1 0
0 20157 2 0
0 20157 3 0
0 20157 4 0
0 35741 5 0
0 35741 6 0
0 35741 7 0
0 35741 8 0
0 35741 9 0
0 35741 10 0
0 22571 11 0
0 22571 12 0
0 22571 13 0
0 22571 14 0
0 22571 15 0
0 22571 0 0
0 27316 1 0
0 27316 2 0
0 27316 3 0
0 27316 4 0
0 27316 5 0
0 27316 6 0
0 56896 7 0
0 56896 8 0
0 56896 9 0
0 56896 10 0
0 56896 11 0
0 56896 12 0
0 8386 13 0
0 8386 14 0
0 8386 15 0
0 8386 0 0
0 8386 1 0
0 8386 2 0
0 37670 3 0
0 37670 4 0
0 37670 5 0
0 37670 6 0
0 37670 7 0
0 37670 8 0
0 35822 9 0
0 35822 10 0
0 35822 11 0
0 35822 12 0
0 35822 13 0
0 35822 14 0
0 36605 15 0
0 36605 0 0
0 36605 1 0
0 36605 2 0
0 36605 3 0
0 36605 4 0
0 25209 5 0
0 25209 6 0
0 25209 7 0
0 25209 8 0
0 25209 9 0
0 25209 10 0
0 1013 11 0
0 1013 12 0
0 1013 13 0
0 1013 14 0
0 1013 15 0
0 1013 0 0
0 9313 1 0
0 9313 2 0
0 9313 3 0
0 9313 4 0
0 9313 5 0
0 9313 6 0
0 51711 7 0
0 51711 8 0
0 51711 9 0
0 51711 10 0
0 51711 11 0
0 51711 12 0
0 51852 13 0
0 51852 14 0
0 51852 15 0
0 51852 0 0
0 51852 1 0
0 51852 2 0
0 63496 3 0
0 63496 4 0
0 63496 5 0
0 63496 6 0
0 63496 7 0
0 63496 8 0
0 17446 9 0
0 17446 10 0
0 17446 11 0
0 17446 12 0
0 17446 13 0
0 17446 14 0
0 7592 15 0
0 7592 0 0
0 7592 1 0
0 7592 2 0
0 7592 3 0
0 7592 4 0
0 3300 5 0
0 3300 6 0
0 3300 7 0
0 3300 8 0
0 3300 9 0
0 3300 10 0
0 7003 11 0
0 7003 12 0
0 7003 13 0
0 7003 14 0
0 7003 15 0
0 7003 0 0
0 55343 1 0
0 55343 2 0
0 55343 3 0
0 55343 4 0
0 55343 5 0
0 55343 6 0
0 23898 7 0
0 23898 8 0
0 23898 9 0
0 23898 10 0
0 23898 11 0
0 23898 12 0
0 52414 13 0
0 52414 14 0
0 52414 15 0
0 52414 0 0
0 52414 1 0
0 52414 2 0
0 57995 3 0
0 57995 4 0
0 57995 5 0
0 57995 6 0
0 57995 7 0
0 57995 8 0
0 36558 9 0
0 36558 10 0
0 36558 11 0
0 36558 12 0
0 36558 13 0
0 36558 14 0
0 688 15 0
0 688 0 0
0 688 1 0
0 688 2 0
0 688 3 0
0 688 4 0
0 50889 5 0
0 50889 6 0
0 50889 7 0
0 50889 8 0
0 50889 9 0
0 50889 10 0
0 23552 11 0
0 23552 12 0
0 23552 13 0
0 23552 14 0
0 23552 15 0
0 23552 0 0
0 1754 1 0
0 1754 2 0
0 1754 3 0
0 1754 4 0
0 1754 5 0
0 1754 6 0
0 17829 7 0
0 17829 8 0
0 17829 9 0
0 17829 10 0
0 17829 11 0
0 17829 12 0
0 58975 13 0
0 58975 14 0
0 58975 15 0
0 58975 0 0
0 58975 1 0
0 58975 2 0
0 38013 3 0
0 38013 4 0
0 38013 5 0
0 38013 6 0
0 38013 7 0
0 38013 8 0
0 36778 9 0
0 36778 10 0
0 36778 11 0
0 36778 12 0
0 36778 13 0
0 36778 14 0
0 41721 15 0
0 41721 0 0
0 41721 1 0
0 41721 2 0
0 41721 3 0
0 41721 4 0
0 16054 5 0
0 16054 6 0
0 16054 7 0
0 16054 8 0
0 16054 9 0
0 16054 10 0
0 62809 11 0
0 62809 12 0
0 62809 13 0
0 62809 14 0
0 62809 15 0
0 62809 0 0
0 59894 1 0
0 59894 2 0
0 59894 3 0
0 59894 4 0
0 59894 5 0
0 59894 6 0
0 62752 7 0
0 62752 8 0
0 62752 9 0
0 62752 10 0
0 62752 11 0
0 62752 12 0
0 35035 13 0
0 35035 14 0
0 35035 15 0
0 35035 0 0
0 35035 1 0
0 35035 2 0
0 34663 3 0
0 34663 4 0
0 34663 5 0
0 34663 6 0
0 34663 7 0
0 34663 8 0
0 45715 9 0
0 45715 10 0
0 45715 11 0
0 45715 12 0
0 45715 13 0
0 45715 14 0
0 33961 15 0
0 33961 0 0
0 33961 1 0
0 33961 2 0
0 33961 3 0
0 33961 4 0
0 7917 5 0
0 7917 6 0
0 7917 7 0
0 7917 8 0
0 7917 9 0
0 7917 10 0
0 46757 11 0
0 46757 12 0
0 46757 13 0
0 46757 14 0
0 46757 15 0
0 46757 0 0
0 46687 1 0
0 46687 2 0
0 46687 3 0
0 46687 4 0
0 46687 5 0
0 46687 6 0
0 64598 7 0
0 64598 8 0
0 64598 9 0
0 64598 10 0
0 64598 11 0
0 64598 12 0
0 40881 13 0
0 40881 14 0
0 40881 15 0
0 40881 0 0
0 40881 1 0
0 40881 2 0
0 36389 3 0
0 36389 4 0
0 36389 5 0
0 36389 6 0
0 36389 7 0
0 36389 8 0
0 31027 9 0
0 31027 10 0
0 31027 11 0
0 31027 12 0
0 31027 13 0
0 31027 14 0
0 62863 15 0
0 62863 0 0
0 62863 1 0
0 62863 2 0
0 62863 3 0
0 62863 4 0
0 19396 5 0
0 19396 6 0
0 19396 7 0
0 19396 8 0
0 19396 9 0
0 19396 10 0
0 9244 11 0
0 9244 12 0
0 9244 13 0
0 9244 14 0
0 9244 15 0
0 9244 0 0
0 33247 1 0
0 33247 2 0
0 33247 3 0
0 33247 4 0
0 33247 5 0
0 33247 6 0
0 16067 7 0
0 16067 8 0
0 16067 9 0
0 16067 10 0
0 16067 11 0
0 16067 12 0
0 24016 13 0
0 24016 14 0
0 24016 15 0
0 24016 0 0
0 24016 1 0
0 24016 2 0
0 62610 3 0
0 62610 4 0
0 62610 5 0
0 62610 6 0
0 62610 7 0
0 62610 8 0
0 4230 9 0
0 4230 10 0
0 4230 11 0
0 4230 12 0
0 4230 13 0
0 4230 14 0
0 28204 15 0
0 28204 0 0
0 28204 1 0
0 28204 2 0
0 28204 3 0
0 28204 4 0
0 56663 5 0
0 56663 6 0
0 56663 7 0
0 56663 8 0
0 56663 9 0
0 56663 10 0
0 35914 11 0
0 35914 12 0
0 35914 13 0
0 35914 14 0
0 35914 15 0
0 35914 0 0
0 36063 1 0
0 36063 2 0
0 36063 3 0
0 36063 4 0
0 36063 5 0
0 36063 6 0
0 44753 7 0
0 44753 8 0
0 44753 9 0
0 44753 10 0
0 44753 11 0
0 44753 12 0
0 50728 13 0
0 50728 14 0
0 50728 15 0
0 50728 0 0
0 50728 1 0
0 50728 2 0
0 11385 3 0
0 11385 4 0
0 11385 5 0
0 11385 6 0
0 11385 7 0
0 11385 8 0
0 9854 9 0
0 9854 10 0
0 9854 11 0
0 9854 12 0
0 9854 13 0
0 9854 14 0
0 45586 15 0
0 45586 0 0
0 45586 1 0
0 45586 2 0
0 45586 3 0
0 45586 4 0
0 64567 5 0
0 64567 6 0
0 64567 7 0
0 64567 8 0
0 64567 9 0
0 64567 10 0
0 62296 11 0
0 62296 12 0
0 62296 13 0
0 62296 14 0
0 62296 15 0
0 62296 0 0
0 39373 1 0
0 39373 2 0
0 39373 3 0
0 39373 4 0
0 39373 5 0
0 39373 6 0
0 59421 7 0
0 59421 8 0
0 59421 9 0
0 59421 10 0
0 59421 11 0
0 59421 12 0
0 35897 13 0
0 35897 14 0
0 35897 15 0
0 35897 0 0
0 35897 1 0
0 35897 2 0
0 25912 3 0
0 25912 4 0
0 25912 5 0
0 25912 6 0
0 25912 7 0
0 25912 8 0
0 23955 9 0
0 23955 10 0
0 23955 11 0
0 23955 12 0
0 23955 13 0
0 23955 14 0
0 27654 15 0
0 27654 0 0
0 27654 1 0
0 27654 2 0
0 27654 3 0
0 27654 4 0
0 43135 5 0
0 43135 6 0
0 43135 7 0
0 43135 8 0
0 43135 9 0
0 43135 10 0
0 7677 11 0
0 7677 12 0
0 7677 13 0
0 7677 14 0
0 7677 15 0
0 7677 0 0
0 28603 1 0
0 28603 2 0
0 28603 3 0
0 28603 4 0
0 28603 5 0
0 28603 6 0
0 7762 7 0
0 7762 8 0
0 7762 9 0
0 7762 10 0
0 7762 11 0
0 7762 12 0
0 12997 13 0
0 12997 14 0
0 12997 15 0
0 12997 0 0
0 12997 1 0
0 12997 2 0
0 2791 3 0
0 2791 4 0
0 2791 5 0
0 2791 6 0
0 2791 7 0
0 2791 8 0
0 61073 9 0
0 61073 10 0
0 61073 11 0
0 61073 12 0
0 61073 13 0
0 61073 14 0
0 34716 15 0
0 34716 0 0
0 34716 1 0
0 34716 2 0
0 34716 3 0
0 34716 4 0
0 63178 5 0
0 63178 6 0
0 63178 7 0
0 63178 8 0
0 63178 9 0
0 63178 10 0
0 57791 11 0
0 57791 12 0
0 57791 13 0
0 57791 14 0
0 57791 15 0
0 57791 0 0
0 56822 1 0
0 56822 2 0
0 56822 3 0
0 56822 4 0
0 56822 5 0
0 56822 6 0
0 24187 7 0
0 24187 8 0
0 24187 9 0
0 24187 10 0
0 24187 11 0
0 24187 12 0
0 32534 13 0
0 32534 14 0
0 32534 15 0
0 32534 0 0
0 32534 1 0
0 32534 2 0
0 31477 3 0
0 31477 4 0
0 31477 5 0
0 31477 6 0
0 31477 7 0
0 31477 8 0
0 37043 9 0
0 37043 10 0
0 37043 11 0
0 37043 12 0
0 37043 13 0
0 37043 14 0
0 36090 15 0
0 36090 0 0
0 36090 1 0
0 36090 2 0
0 36090 3 0
0 36090 4 0
0 16166 5 0
0 16166 6 0
0 16166 7 0
0 16166 8 0
0 16166 9 0
0 16166 10 0
0 59408 11 0
0 59408 12 0
0 59408 13 0
0 59408 14 0
0 59408 15 0
0 59408 0 0
0 18200 1 0
0 18200 2 0
0 18200 3 0
0 18200 4 0
0 18200 5 0
0 18200 6 0
0 38260 7 0
0 38260 8 0
0 38260 9 0
0 38260 10 0
0 38260 11 0
0 38260 12 0
0 39757 13 0
0 39757 14 0
0 39757 15 0
0 39757 0 0
0 39757 1 0
0 39757 2 0
0 51255 3 0
0 51255 4 0
0 51255 5 0
0 51255 6 0
0 51255 7 0
0 51255 8 0
0 11433 9 0
0 11433 10 0
0 11433 11 0
0 11433 12 0
0 11433 13 0
0 11433 14 0
0 18725 15 0
0 18725 0 0
0 18725 1 0
0 18725 2 0
0 18725 3 0
0 18725 4 0
0 51525 5 0
0 51525 6 0
0 51525 7 0
0 51525 8 0
0 51525 9 0
0 51525 10 0
0 58488 11 0
0 58488 12 0
0 58488 13 0
0 58488 14 0
0 58488 15 0
0 58488 0 0
0 11533 1 0
0 11533 2 0
0 11533 3 0
0 11533 4 0
0 11533 5 0
0 11533 6 0
0 60070 7 0
0 60070 8 0
0 60070 9 0
0 60070 10 0
0 60070 11 0
0 60070 12 0
0 22636 13 0
0 22636 14 0
0 22636 15 0
0 22636 0 0
0 22636 1 0
0 22636 2 0
0 64700 3 0
0 64700 4 0
0 64700 5 0
0 64700 6 0
0 64700 7 0
0 64700 8 0
0 10557 9 0
0 10557 10 0
0 10557 11 0
0 10557 12 0
0 10557 13 0
0 10557 14 0
0 6807 15 0
0 6807 0 0
0 6807 1 0
0 6807 2 0
0 6807 3 0
0 6807 4 0
0 46891 5 0
0 46891 6 0
0 46891 7 0
0 46891 8 0
0 46891 9 0
0 46891 10 0
0 41276 11 0
0 41276 12 0
0 41276 13 0
0 41276 14 0
0 41276 15 0
0 41276 0 0
0 63892 1 0
0 63892 2 0
0 63892 3 0
0 63892 4 0
0 63892 5 0
0 63892 6 0
0 47256 7 0
0 47256 8 0
0 47256 9 0
0 47256 10 0
0 47256 11 0
0 47256 12 0
0 33859 13 0
0 33859 14 0
0 33859 15 0
0 33859 0 0
0 33859 1 0
0 33859 2 0
0 16786 3 0
0 16786 4 0
0 16786 5 0
0 16786 6 0
0 16786 7 0
0 16786 8 0
0 41068 9 0
0 41068 10 0
0 41068 11 0
0 41068 12 0
0 41068 13 0
0 41068 14 0
0 61796 15 0
0 61796 0 0
0 61796 1 0
0 61796 2 0
0 61796 3 0
0 61796 4 0
0 30601 5 0
0 30601 6 0
0 30601 7 0
0 30601 8 0
0 30601 9 0
0 30601 10 0
0 33727 11 0
0 33727 12 0
0 33727 13 0
0 33727 14 0
0 33727 15 0
0 33727 0 0
0 22137 1 0
0 22137 2 0
0 22137 3 0
0 22137 4 0
0 22137 5 0
0 22137 6 0
0 29601 7 0
0 29601 8 0
0 29601 9 0
0 29601 10 0
0 29601 11 0
0 29601 12 0
0 34559 13 0
0 34559 14 0
0 34559 15 0
0 34559 0 0
0 34559 1 0
0 34559 2 0
0 60139 3 0
0 60139 4 0
0 60139 5 0
0 60139 6 0
0 60139 7 0
0 60139 8 0
0 62656 9 0
0 62656 10 0
0 62656 11 0
0 62656 12 0
0 62656 13 0
0 62656 14 0
0 62732 15 0
0 62732 0 0
0 62732 1 0
0 62732 2 0
0 62732 3 0
0 62732 4 0
0 10866 5 0
0 10866 6 0
0 10866 7 0
0 10866 8 0
0 10866 9 0
0 10866 10 0
0 42750 11 0
0 42750 12 0
0 42750 13 0
0 42750 14 0
0 42750 15 0
0 42750 0 0
0 27475 1 0
0 27475 2 0
0 27475 3 0
0 27475 4 0
0 27475 5 0
0 27475 6 0
0 179 7 0
0 179 8 0
0 179 9 0
0 179 10 0
0 179 11 0
0 179 12 0
0 25686 13 0
0 25686 14 0
0 25686 15 0
0 25686 0 0
0 25686 1 0
0 25686 2 0
0 14773 3 0
0 14773 4 0
0 14773 5 0
0 14773 6 0
0 14773 7 0
0 14773 8 0
0 2136 9 0
0 2136 10 0
0 2136 11 0
0 2136 12 0
0 2136 13 0
0 2136 14 0
0 36812 15 0
0 36812 0 0
0 36812 1 0
0 36812 2 0
0 36812 3 0
0 36812 4 0
0 61550 5 0
0 61550 6 0
0 61550 7 0
0 61550 8 0
0 61550 9 0
0 61550 10 0
0 8773 11 0
0 8773 12 0
0 8773 13 0
0 8773 14 0
0 8773 15 0
0 8773 0 0
0 6688 1 0
0 6688 2 0
0 6688 3 0
0 6688 4 0
0 6688 5 0
0 6688 6 0
0 19497 7 0
0 19497 8 0
0 19497 9 0
0 19497 10 0
0 19497 11 0
0 19497 12 0
0 62071 13 0
0 62071 14 0
0 62071 15 0
0 62071 0 0
0 62071 1 0
0 62071 2 0
0 23049 3 0
0 23049 4 0
0 23049 5 0
0 23049 6 0
0 23049 7 0
0 23049 8 0
0 53406 9 0
0 53406 10 0
0 53406 11 0
0 53406 12 0
0 53406 13 0
0 53406 14 0
0 43726 15 0
0 43726 0 0
0 43726 1 0
0 43726 2 0
0 43726 3 0
0 43726 4 0
0 14662 5 0
0 14662 6 0
0 14662 7 0
0 14662 8 0
0 14662 9 0
0 14662 10 0
0 44635 11 0
0 44635 12 0
0 44635 13 0
0 44635 14 0
0 44635 15 0
0 44635 0 0
0 35432 1 0
0 35432 2 0
0 35432 3 0
0 35432 4 0
0 35432 5 0
0 35432 6 0
0 48249 7 0
0 48249 8 0
0 48249 9 0
0 48249 10 0
0 48249 11 0
0 48249 12 0
0 867 13 0
0 867 14 0
0 867 15 0
0 867 0 0
0 867 1 0
0 867 2 0
0 39351 3 0
0 39351 4 0
0 39351 5 0
0 39351 6 0
0 39351 7 0
0 39351 8 0
0 63457 9 0
0 63457 10 0
0 63457 11 0
0 63457 12 0
0 63457 13 0
0 63457 14 0
0 52391 15 0
0 52391 0 0
0 52391 1 0
0 52391 2 0
0 52391 3 0
0 52391 4 0
0 32808 5 0
0 32808 6 0
0 32808 7 0
0 32808 8 0
0 32808 9 0
0 32808 10 0
0 57302 11 0
0 57302 12 0
0 57302 13 0
0 57302 14 0
0 57302 15 0
0 57302 0 0
0 11132 1 0
0 11132 2 0
0 11132 3 0
0 11132 4 0
0 11132 5 0
0 11132 6 0
0 34268 7 0
0 34268 8 0
0 34268 9 0
0 34268 10 0
0 34268 11 0
0 34268 12 0
0 48749 13 0
0 48749 14 0
0 48749 15 0
0 48749 0 0
0 48749 1 0
0 48749 2 0
0 6708 3 0
0 6708 4 0
0 6708 5 0
0 6708 6 0
0 6708 7 0
0 6708 8 0
0 38703 9 0
0 38703 10 0
0 38703 11 0
0 38703 12 0
0 38703 13 0
0 38703 14 0
0 10366 15 0
0 10366 0 0
0 10366 1 0
0 10366 2 0
0 10366 3 0
0 10366 4 0
0 25409 5 0
0 25409 6 0
0 25409 7 0
0 25409 8 0
0 25409 9 0
0 25409 10 0
0 1196 11 0
0 1196 12 0
0 1196 13 0
0 1196 14 0
0 1196 15 0
0 1196 0 0
0 29297 1 0
0 29297 2 0
0 29297 3 0
0 29297 4 0
0 29297 5 0
0 29297 6 0
0 29996 7 0
0 29996 8 0
0 29996 9 0
0 29996 10 0
0 29996 11 0
0 29996 12 0
0 29989 13 0
0 29989 14 0
0 29989 15 0
0 29989 0 0
0 29989 1 0
0 29989 2 0
0 46176 3 0
0 46176 4 0
0 46176 5 0
0 46176 6 0
0 46176 7 0
0 46176 8 0
0 39981 9 0
0 39981 10 0
0 39981 11 0
0 39981 12 0
0 39981 13 0
0 39981 14 0
0 54157 15 0
0 54157 0 0
0 54157 1 0
0 54157 2 0
0 54157 3 0
0 54157 4 0
0 6100 5 0
0 6100 6 0
0 6100 7 0
0 6100 8 0
0 6100 9 0
0 6100 10 0
0 52447 11 0
0 52447 12 0
0 52447 13 0
0 52447 14 0
0 52447 15 0
0 52447 0 0
0 7768 1 0
0 7768 2 0
0 7768 3 0
0 7768 4 0
0 7768 5 0
0 7768 6 0
0 41256 7 0
0 41256 8 0
0 41256 9 0
0 41256 10 0
0 41256 11 0
0 41256 12 0
0 53901 13 0
0 53901 14 0
0 53901 15 0
0 53901 0 0
0 53901 1 0
0 53901 2 0
0 18295 3 0
0 18295 4 0
0 18295 5 0
0 18295 6 0
0 18295 7 0
0 18295 8 0
0 6296 9 0
0 6296 10 0
0 6296 11 0
0 6296 12 0
0 6296 13 0
0 6296 14 0
0 17850 15 0
0 17850 0 0
0 17850 1 0
0 17850 2 0
0 17850 3 0
0 17850 4 0
0 44298 5 0
0 44298 6 0
0 44298 7 0
0 44298 8 0
0 44298 9 0
0 44298 10 0
0 46184 11 0
0 46184 12 0
0 46184 13 0
0 46184 14 0
0 46184 15 0
0 46184 0 0
0 2567 1 0
0 2567 2 0
0 2567 3 0
0 2567 4 0
0 2567 5 0
0 2567 6 0
0 12808 7 0
0 12808 8 0
0 12808 9 0
0 12808 10 0
0 12808 11 0
0 12808 12 0
0 12583 13 0
0 12583 14 0
0 12583 15 0
