0 0 0 0
0 0 1 0
0 0 2 0
0 0 3 0
0 0 4 0
0 13104 5 0
0 13104 6 0
0 13104 7 0
0 13104 8 0
0 13104 9 0
0 13104 10 0
0 47485 11 0
0 47485 12 0
0 47485 13 0
0 47485 14 0
0 47485 15 0
0 47485 0 0
0 14552 1 0
0 14552 2 0
0 14552 3 0
0 14552 4 0
0 14552 5 0
0 14552 6 0
0 42470 7 0
0 42470 8 0
0 42470 9 0
0 42470 10 0
0 42470 11 0
0 42470 12 0
0 47625 13 0
0 47625 14 0
0 47625 15 0
0 47625 0 0
0 47625 1 0
0 47625 2 0
0 60821 3 0
0 60821 4 0
0 60821 5 0
0 60821 6 0
0 60821 7 0
0 60821 8 0
0 56635 9 0
0 56635 10 0
0 56635 11 0
0 56635 12 0
0 56635 13 0
0 56635 14 0
0 37797 15 0
0 37797 0 0
0 37797 1 0
0 37797 2 0
0 37797 3 0
0 37797 4 0
0 22720 5 0
0 22720 6 0
0 22720 7 0
0 22720 8 0
0 22720 9 0
0 22720 10 0
0 33148 11 0
0 33148 12 0
0 33148 13 0
0 33148 14 0
0 33148 15 0
0 33148 0 0
0 5549 1 0
0 5549 2 0
0 5549 3 0
0 5549 4 0
0 5549 5 0
0 5549 6 0
0 60586 7 0
0 60586 8 0
0 60586 9 0
0 60586 10 0
0 60586 11 0
0 60586 12 0
0 5531 13 0
0 5531 14 0
0 5531 15 0
0 5531 0 0
0 5531 1 0
0 5531 2 0
0 28814 3 0
0 28814 4 0
0 28814 5 0
0 28814 6 0
0 28814 7 0
0 28814 8 0
0 12079 9 0
0 12079 10 0
0 12079 11 0
0 12079 12 0
0 12079 13 0
0 12079 14 0
0 12302 15 0
0 12302 0 0
0 12302 1 0
0 12302 2 0
0 12302 3 0
0 12302 4 0
0 64037 5 0
0 64037 6 0
0 64037 7 0
0 64037 8 0
0 64037 9 0
0 64037 10 0
0 44963 11 0
0 44963 12 0
0 44963 13 0
0 44963 14 0
0 44963 15 0
0 44963 0 0
0 63473 1 0
0 63473 2 0
0 63473 3 0
0 63473 4 0
0 63473 5 0
0 63473 6 0
0 62808 7 0
0 62808 8 0
0 62808 9 0
0 62808 10 0
0 62808 11 0
0 62808 12 0
0 52143 13 0
0 52143 14 0
0 52143 15 0
0 52143 0 0
0 52143 1 0
0 52143 2 0
0 16811 3 0
0 16811 4 0
0 16811 5 0
0 16811 6 0
0 16811 7 0
0 16811 8 0
0 29864 9 0
0 29864 10 0
0 29864 11 0
0 29864 12 0
0 29864 13 0
0 29864 14 0
0 60130 15 0
0 60130 0 0
0 60130 1 0
0 60130 2 0
0 60130 3 0
0 60130 4 0
0 49267 5 0
0 49267 6 0
0 49267 7 0
0 49267 8 0
0 49267 9 0
0 49267 10 0
0 37124 11 0
0 37124 12 0
0 37124 13 0
0 37124 14 0
0 37124 15 0
0 37124 0 0
0 48832 1 0
0 48832 2 0
0 48832 3 0
0 48832 4 0
0 48832 5 0
0 48832 6 0
0 21434 7 0
0 21434 8 0
0 21434 9 0
0 21434 10 0
0 21434 11 0
0 21434 12 0
0 19588 13 0
0 19588 14 0
0 19588 15 0
0 19588 0 0
0 19588 1 0
0 19588 2 0
0 49887 3 0
0 49887 4 0
0 49887 5 0
0 49887 6 0
0 49887 7 0
0 49887 8 0
0 29866 9 0
0 29866 10 0
0 29866 11 0
0 29866 12 0
0 29866 13 0
0 29866 14 0
0 7061 15 0
0 7061 0 0
0 7061 1 0
0 7061 2 0
0 7061 3 0
0 7061 4 0
0 23358 5 0
0 23358 6 0
0 23358 7 0
0 23358 8 0
0 23358 9 0
0 23358 10 0
0 36025 11 0
0 36025 12 0
0 36025 13 0
0 36025 14 0
0 36025 15 0
0 36025 0 0
0 29883 1 0
0 29883 2 0
0 29883 3 0
0 29883 4 0
0 29883 5 0
0 29883 6 0
0 55334 7 0
0 55334 8 0
0 55334 9 0
0 55334 10 0
0 55334 11 0
0 55334 12 0
0 49956 13 0
0 49956 14 0
0 49956 15 0
0 49956 0 0
0 49956 1 0
0 49956 2 0
0 19144 3 0
0 19144 4 0
0 19144 5 0
0 19144 6 0
0 19144 7 0
0 19144 8 0
0 4664 9 0
0 4664 10 0
0 4664 11 0
0 4664 12 0
0 4664 13 0
0 4664 14 0
0 43682 15 0
0 43682 0 0
0 43682 1 0
0 43682 2 0
0 43682 3 0
0 43682 4 0
0 22441 5 0
0 22441 6 0
0 22441 7 0
0 22441 8 0
0 22441 9 0
0 22441 10 0
0 54958 11 0
0 54958 12 0
0 54958 13 0
0 54958 14 0
0 54958 15 0
0 54958 0 0
0 25049 1 0
0 25049 2 0
0 25049 3 0
0 25049 4 0
0 25049 5 0
0 25049 6 0
0 45434 7 0
0 45434 8 0
0 45434 9 0
0 45434 10 0
0 45434 11 0
0 45434 12 0
0 47267 13 0
0 47267 14 0
0 47267 15 0
0 47267 0 0
0 47267 1 0
0 47267 2 0
0 33235 3 0
0 33235 4 0
0 33235 5 0
0 33235 6 0
0 33235 7 0
0 33235 8 0
0 23887 9 0
0 23887 10 0
0 23887 11 0
0 23887 12 0
0 23887 13 0
0 23887 14 0
0 33118 15 0
0 33118 0 0
0 33118 1 0
0 33118 2 0
0 33118 3 0
0 33118 4 0
0 14123 5 0
0 14123 6 0
0 14123 7 0
0 14123 8 0
0 14123 9 0
0 14123 10 0
0 7786 11 0
0 7786 12 0
0 7786 13 0
0 7786 14 0
0 7786 15 0
0 7786 0 0
0 23420 1 0
0 23420 2 0
0 23420 3 0
0 23420 4 0
0 23420 5 0
0 23420 6 0
0 15812 7 0
0 15812 8 0
0 15812 9 0
0 15812 10 0
0 15812 11 0
0 15812 12 0
0 23262 13 0
0 23262 14 0
0 23262 15 0
0 23262 0 0
0 23262 1 0
0 23262 2 0
0 48364 3 0
0 48364 4 0
0 48364 5 0
0 48364 6 0
0 48364 7 0
0 48364 8 0
0 42540 9 0
0 42540 10 0
0 42540 11 0
0 42540 12 0
0 42540 13 0
0 42540 14 0
0 45773 15 0
0 45773 0 0
0 45773 1 0
0 45773 2 0
0 45773 3 0
0 45773 4 0
0 10175 5 0
0 10175 6 0
0 10175 7 0
0 10175 8 0
0 10175 9 0
0 10175 10 0
0 58218 11 0
0 58218 12 0
0 58218 13 0
0 58218 14 0
0 58218 15 0
0 58218 0 0
0 407 1 0
0 407 2 0
0 407 3 0
0 407 4 0
0 407 5 0
0 407 6 0
0 19654 7 0
0 19654 8 0
0 19654 9 0
0 19654 10 0
0 19654 11 0
0 19654 12 0
0 61538 13 0
0 61538 14 0
0 61538 15 0
0 61538 0 0
0 61538 1 0
0 61538 2 0
0 44499 3 0
0 44499 4 0
0 44499 5 0
0 44499 6 0
0 44499 7 0
0 44499 8 0
0 31593 9 0
0 31593 10 0
0 31593 11 0
0 31593 12 0
0 31593 13 0
0 31593 14 0
0 57233 15 0
0 57233 0 0
0 57233 1 0
0 57233 2 0
0 57233 3 0
0 57233 4 0
0 20503 5 0
0 20503 6 0
0 20503 7 0
0 20503 8 0
0 20503 9 0
0 20503 10 0
0 63896 11 0
0 63896 12 0
0 63896 13 0
0 63896 14 0
0 63896 15 0
0 63896 0 0
0 55174 1 0
0 55174 2 0
0 55174 3 0
0 55174 4 0
0 55174 5 0
0 55174 6 0
0 46972 7 0
0 46972 8 0
0 46972 9 0
0 46972 10 0
0 46972 11 0
0 46972 12 0
0 52339 13 0
0 52339 14 0
0 52339 15 0
0 52339 0 0
0 52339 1 0
0 52339 2 0
0 43171 3 0
0 43171 4 0
0 43171 5 0
0 43171 6 0
0 43171 7 0
0 43171 8 0
0 23744 9 0
0 23744 10 0
0 23744 11 0
0 23744 12 0
0 23744 13 0
0 23744 14 0
0 15731 15 0
0 15731 0 0
0 15731 1 0
0 15731 2 0
0 15731 3 0
0 15731 4 0
0 39669 5 0
0 39669 6 0
0 39669 7 0
0 39669 8 0
0 39669 9 0
0 39669 10 0
0 47089 11 0
0 47089 12 0
0 47089 13 0
0 47089 14 0
0 47089 15 0
0 47089 0 0
0 24755 1 0
0 24755 2 0
0 24755 3 0
0 24755 4 0
0 24755 5 0
0 24755 6 0
0 16098 7 0
0 16098 8 0
0 16098 9 0
0 16098 10 0
0 16098 11 0
0 16098 12 0
0 25512 13 0
0 25512 14 0
0 25512 15 0
0 25512 0 0
0 25512 1 0
0 25512 2 0
0 16212 3 0
0 16212 4 0
0 16212 5 0
0 16212 6 0
0 16212 7 0
0 16212 8 0
0 27347 9 0
0 27347 10 0
0 27347 11 0
0 27347 12 0
0 27347 13 0
0 27347 14 0
0 2109 15 0
0 2109 0 0
0 2109 1 0
0 2109 2 0
0 2109 3 0
0 2109 4 0
0 2828 5 0
0 2828 6 0
0 2828 7 0
0 2828 8 0
0 2828 9 0
0 2828 10 0
0 33350 11 0
0 33350 12 0
0 33350 13 0
0 33350 14 0
0 33350 15 0
0 33350 0 0
0 56375 1 0
0 56375 2 0
0 56375 3 0
0 56375 4 0
0 56375 5 0
0 56375 6 0
0 15897 7 0
0 15897 8 0
0 15897 9 0
0 15897 10 0
0 15897 11 0
0 15897 12 0
0 64005 13 0
0 64005 14 0
0 64005 15 0
0 64005 0 0
0 64005 1 0
0 64005 2 0
0 9273 3 0
0 9273 4 0
0 9273 5 0
0 9273 6 0
0 9273 7 0
0 9273 8 0
0 13309 9 0
0 13309 10 0
0 13309 11 0
0 13309 12 0
0 13309 13 0
0 13309 14 0
0 54092 15 0
0 54092 0 0
0 54092 1 0
0 54092 2 0
0 54092 3 0
0 54092 4 0
0 404 5 0
0 404 6 0
0 404 7 0
0 404 8 0
0 404 9 0
0 404 10 0
0 49035 11 0
0 49035 12 0
0 49035 13 0
0 49035 14 0
0 49035 15 0
0 49035 0 0
0 61439 1 0
0 61439 2 0
0 61439 3 0
0 61439 4 0
0 61439 5 0
0 61439 6 0
0 60211 7 0
0 60211 8 0
0 60211 9 0
0 60211 10 0
0 60211 11 0
0 60211 12 0
0 21200 13 0
0 21200 14 0
0 21200 15 0
0 21200 0 0
0 21200 1 0
0 21200 2 0
0 16132 3 0
0 16132 4 0
0 16132 5 0
0 16132 6 0
0 16132 7 0
0 16132 8 0
0 37292 9 0
0 37292 10 0
0 37292 11 0
0 37292 12 0
0 37292 13 0
0 37292 14 0
0 24902 15 0
0 24902 0 0
0 24902 1 0
0 24902 2 0
0 24902 3 0
0 24902 4 0
0 55908 5 0
0 55908 6 0
0 55908 7 0
0 55908 8 0
0 55908 9 0
0 55908 10 0
0 58093 11 0
0 58093 12 0
0 58093 13 0
0 58093 14 0
0 58093 15 0
0 58093 0 0
0 9788 1 0
0 9788 2 0
0 9788 3 0
0 9788 4 0
0 9788 5 0
0 9788 6 0
0 4139 7 0
0 4139 8 0
0 4139 9 0
0 4139 10 0
0 4139 11 0
0 4139 12 0
0 57322 13 0
0 57322 14 0
0 57322 15 0
0 57322 0 0
0 57322 1 0
0 57322 2 0
0 58566 3 0
0 58566 4 0
0 58566 5 0
0 58566 6 0
0 58566 7 0
0 58566 8 0
0 39930 9 0
0 39930 10 0
0 39930 11 0
0 39930 12 0
0 39930 13 0
0 39930 14 0
0 30466 15 0
0 30466 0 0
0 30466 1 0
0 30466 2 0
0 30466 3 0
0 30466 4 0
0 37328 5 0
0 37328 6 0
0 37328 7 0
0 37328 8 0
0 37328 9 0
0 37328 10 0
0 8807 11 0
0 8807 12 0
0 8807 13 0
0 8807 14 0
0 8807 15 0
0 8807 0 0
0 50646 1 0
0 50646 2 0
0 50646 3 0
0 50646 4 0
0 50646 5 0
0 50646 6 0
0 20028 7 0
0 20028 8 0
0 20028 9 0
0 20028 10 0
0 20028 11 0
0 20028 12 0
0 40158 13 0
0 40158 14 0
0 40158 15 0
0 40158 0 0
0 40158 1 0
0 40158 2 0
0 2870 3 0
0 2870 4 0
0 2870 5 0
0 2870 6 0
0 2870 7 0
0 2870 8 0
0 12878 9 0
0 12878 10 0
0 12878 11 0
0 12878 12 0
0 12878 13 0
0 12878 14 0
0 65462 15 0
0 65462 0 0
0 65462 1 0
0 65462 2 0
0 65462 3 0
0 65462 4 0
0 10058 5 0
0 10058 6 0
0 10058 7 0
0 10058 8 0
0 10058 9 0
0 10058 10 0
0 34209 11 0
0 34209 12 0
0 34209 13 0
0 34209 14 0
0 34209 15 0
0 34209 0 0
0 34219 1 0
0 34219 2 0
0 34219 3 0
0 34219 4 0
0 34219 5 0
0 34219 6 0
0 3300 7 0
0 3300 8 0
0 3300 9 0
0 3300 10 0
0 3300 11 0
0 3300 12 0
0 39303 13 0
0 39303 14 0
0 39303 15 0
0 39303 0 0
0 39303 1 0
0 39303 2 0
0 20592 3 0
0 20592 4 0
0 20592 5 0
0 20592 6 0
0 20592 7 0
0 20592 8 0
0 36832 9 0
0 36832 10 0
0 36832 11 0
0 36832 12 0
0 36832 13 0
0 36832 14 0
0 44471 15 0
0 44471 0 0
0 44471 1 0
0 44471 2 0
0 44471 3 0
0 44471 4 0
0 23914 5 0
0 23914 6 0
0 23914 7 0
0 23914 8 0
0 23914 9 0
0 23914 10 0
0 1732 11 0
0 1732 12 0
0 1732 13 0
0 1732 14 0
0 1732 15 0
0 1732 0 0
0 6186 1 0
0 6186 2 0
0 6186 3 0
0 6186 4 0
0 6186 5 0
0 6186 6 0
0 21167 7 0
0 21167 8 0
0 21167 9 0
0 21167 10 0
0 21167 11 0
0 21167 12 0
0 46143 13 0
0 46143 14 0
0 46143 15 0
0 46143 0 0
0 46143 1 0
0 46143 2 0
0 25725 3 0
0 25725 4 0
0 25725 5 0
0 25725 6 0
0 25725 7 0
0 25725 8 0
0 2553 9 0
0 2553 10 0
0 2553 11 0
0 2553 12 0
0 2553 13 0
0 2553 14 0
0 50275 15 0
0 50275 0 0
0 50275 1 0
0 50275 2 0
0 50275 3 0
0 50275 4 0
0 42042 5 0
0 42042 6 0
0 42042 7 0
0 42042 8 0
0 42042 9 0
0 42042 10 0
0 33845 11 0
0 33845 12 0
0 33845 13 0
0 33845 14 0
0 33845 15 0
0 33845 0 0
0 54296 1 0
0 54296 2 0
0 54296 3 0
0 54296 4 0
0 54296 5 0
0 54296 6 0
0 33052 7 0
0 33052 8 0
0 33052 9 0
0 33052 10 0
0 33052 11 0
0 33052 12 0
0 2020 13 0
0 2020 14 0
0 2020 15 0
0 2020 0 0
0 2020 1 0
0 2020 2 0
0 2619 3 0
0 2619 4 0
0 2619 5 0
0 2619 6 0
0 2619 7 0
0 2619 8 0
0 38725 9 0
0 38725 10 0
0 38725 11 0
0 38725 12 0
0 38725 13 0
0 38725 14 0
0 21905 15 0
0 21905 0 0
0 21905 1 0
0 21905 2 0
0 21905 3 0
0 21905 4 0
0 63620 5 0
0 63620 6 0
0 63620 7 0
0 63620 8 0
0 63620 9 0
0 63620 10 0
0 38506 11 0
0 38506 12 0
0 38506 13 0
0 38506 14 0
0 38506 15 0
0 38506 0 0
0 21049 1 0
0 21049 2 0
0 21049 3 0
0 21049 4 0
0 21049 5 0
0 21049 6 0
0 45803 7 0
0 45803 8 0
0 45803 9 0
0 45803 10 0
0 45803 11 0
0 45803 12 0
0 39497 13 0
0 39497 14 0
0 39497 15 0
0 39497 0 0
0 39497 1 0
0 39497 2 0
0 62477 3 0
0 62477 4 0
0 62477 5 0
0 62477 6 0
0 62477 7 0
0 62477 8 0
0 1602 9 0
0 1602 10 0
0 1602 11 0
0 1602 12 0
0 1602 13 0
0 1602 14 0
0 11329 15 0
0 11329 0 0
0 11329 1 0
0 11329 2 0
0 11329 3 0
0 11329 4 0
0 39597 5 0
0 39597 6 0
0 39597 7 0
0 39597 8 0
0 39597 9 0
0 39597 10 0
0 15284 11 0
0 15284 12 0
0 15284 13 0
0 15284 14 0
0 15284 15 0
0 15284 0 0
0 35778 1 0
0 35778 2 0
0 35778 3 0
0 35778 4 0
0 35778 5 0
0 35778 6 0
0 43585 7 0
0 43585 8 0
0 43585 9 0
0 43585 10 0
0 43585 11 0
0 43585 12 0
0 26612 13 0
0 26612 14 0
0 26612 15 0
0 26612 0 0
0 26612 1 0
0 26612 2 0
0 6257 3 0
0 6257 4 0
0 6257 5 0
0 6257 6 0
0 6257 7 0
0 6257 8 0
0 14877 9 0
0 14877 10 0
0 14877 11 0
0 14877 12 0
0 14877 13 0
0 14877 14 0
0 61129 15 0
0 61129 0 0
0 61129 1 0
0 61129 2 0
0 61129 3 0
0 61129 4 0
0 48324 5 0
0 48324 6 0
0 48324 7 0
0 48324 8 0
0 48324 9 0
0 48324 10 0
0 51799 11 0
0 51799 12 0
0 51799 13 0
0 51799 14 0
0 51799 15 0
0 51799 0 0
0 36839 1 0
0 36839 2 0
0 36839 3 0
0 36839 4 0
0 36839 5 0
0 36839 6 0
0 18042 7 0
0 18042 8 0
0 18042 9 0
0 18042 10 0
0 18042 11 0
0 18042 12 0
0 63174 13 0
0 63174 14 0
0 63174 15 0
0 63174 0 0
0 63174 1 0
0 63174 2 0
0 19120 3 0
0 19120 4 0
0 19120 5 0
0 19120 6 0
0 19120 7 0
0 19120 8 0
0 13247 9 0
0 13247 10 0
0 13247 11 0
0 13247 12 0
0 13247 13 0
0 13247 14 0
0 23349 15 0
0 23349 0 0
0 23349 1 0
0 23349 2 0
0 23349 3 0
0 23349 4 0
0 22194 5 0
0 22194 6 0
0 22194 7 0
0 22194 8 0
0 22194 9 0
0 22194 10 0
0 2340 11 0
0 2340 12 0
0 2340 13 0
0 2340 14 0
0 2340 15 0
0 2340 0 0
0 45579 1 0
0 45579 2 0
0 45579 3 0
0 45579 4 0
0 45579 5 0
0 45579 6 0
0 29208 7 0
0 29208 8 0
0 29208 9 0
0 29208 10 0
0 29208 11 0
0 29208 12 0
0 34608 13 0
0 34608 14 0
0 34608 15 0
0 34608 0 0
0 34608 1 0
0 34608 2 0
0 56157 3 0
0 56157 4 0
0 56157 5 0
0 56157 6 0
0 56157 7 0
0 56157 8 0
0 48125 9 0
0 48125 10 0
0 48125 11 0
0 48125 12 0
0 48125 13 0
0 48125 14 0
0 22400 15 0
0 22400 0 0
0 22400 1 0
0 22400 2 0
0 22400 3 0
0 22400 4 0
0 26619 5 0
0 26619 6 0
0 26619 7 0
0 26619 8 0
0 26619 9 0
0 26619 10 0
0 21248 11 0
0 21248 12 0
0 21248 13 0
0 21248 14 0
0 21248 15 0
0 21248 0 0
0 33388 1 0
0 33388 2 0
0 33388 3 0
0 33388 4 0
0 33388 5 0
0 33388 6 0
0 30640 7 0
0 30640 8 0
0 30640 9 0
0 30640 10 0
0 30640 11 0
0 30640 12 0
0 12761 13 0
0 12761 14 0
0 12761 15 0
0 12761 0 0
0 12761 1 0
0 12761 2 0
0 26121 3 0
0 26121 4 0
0 26121 5 0
0 26121 6 0
0 26121 7 0
0 26121 8 0
0 48089 9 0
0 48089 10 0
0 48089 11 0
0 48089 12 0
0 48089 13 0
0 48089 14 0
0 61852 15 0
0 61852 0 0
0 61852 1 0
0 61852 2 0
0 61852 3 0
0 61852 4 0
0 13215 5 0
0 13215 6 0
0 13215 7 0
0 13215 8 0
0 13215 9 0
0 13215 10 0
0 28092 11 0
0 28092 12 0
0 28092 13 0
0 28092 14 0
0 28092 15 0
0 28092 0 0
0 21862 1 0
0 21862 2 0
0 21862 3 0
0 21862 4 0
0 21862 5 0
0 21862 6 0
0 33504 7 0
0 33504 8 0
0 33504 9 0
0 33504 10 0
0 33504 11 0
0 33504 12 0
0 43709 13 0
0 43709 14 0
0 43709 15 0
0 43709 0 0
0 43709 1 0
0 43709 2 0
0 32982 3 0
0 32982 4 0
0 32982 5 0
0 32982 6 0
0 32982 7 0
0 32982 8 0
0 54399 9 0
0 54399 10 0
0 54399 11 0
0 54399 12 0
0 54399 13 0
0 54399 14 0
0 19916 15 0
0 19916 0 0
0 19916 1 0
0 19916 2 0
0 19916 3 0
0 19916 4 0
0 47346 5 0
0 47346 6 0
0 47346 7 0
0 47346 8 0
0 47346 9 0
0 47346 10 0
0 43981 11 0
0 43981 12 0
0 43981 13 0
0 43981 14 0
0 43981 15 0
0 43981 0 0
0 48421 1 0
0 48421 2 0
0 48421 3 0
0 48421 4 0
0 48421 5 0
0 48421 6 0
0 10964 7 0
0 10964 8 0
0 10964 9 0
0 10964 10 0
0 10964 11 0
0 10964 12 0
0 56008 13 0
0 56008 14 0
0 56008 15 0
0 56008 0 0
0 56008 1 0
0 56008 2 0
0 4170 3 0
0 4170 4 0
0 4170 5 0
0 4170 6 0
0 4170 7 0
0 4170 8 0
0 15019 9 0
0 15019 10 0
0 15019 11 0
0 15019 12 0
0 15019 13 0
0 15019 14 0
0 51301 15 0
0 51301 0 0
0 51301 1 0
0 51301 2 0
0 51301 3 0
0 51301 4 0
0 61647 5 0
0 61647 6 0
0 61647 7 0
0 61647 8 0
0 61647 9 0
0 61647 10 0
0 5171 11 0
0 5171 12 0
0 5171 13 0
0 5171 14 0
0 5171 15 0
0 5171 0 0
0 7852 1 0
0 7852 2 0
0 7852 3 0
0 7852 4 0
0 7852 5 0
0 7852 6 0
0 52119 7 0
0 52119 8 0
0 52119 9 0
0 52119 10 0
0 52119 11 0
0 52119 12 0
0 36513 13 0
0 36513 14 0
0 36513 15 0
0 36513 0 0
0 36513 1 0
0 36513 2 0
0 30224 3 0
0 30224 4 0
0 30224 5 0
0 30224 6 0
0 30224 7 0
0 30224 8 0
0 27667 9 0
0 27667 10 0
0 27667 11 0
0 27667 12 0
0 27667 13 0
0 27667 14 0
0 51297 15 0
0 51297 0 0
0 51297 1 0
0 51297 2 0
0 51297 3 0
0 51297 4 0
0 29836 5 0
0 29836 6 0
0 29836 7 0
0 29836 8 0
0 29836 9 0
0 29836 10 0
0 1403 11 0
0 1403 12 0
0 1403 13 0
0 1403 14 0
0 1403 15 0
0 1403 0 0
0 46044 1 0
0 46044 2 0
0 46044 3 0
0 46044 4 0
0 46044 5 0
0 46044 6 0
0 20897 7 0
0 20897 8 0
0 20897 9 0
0 20897 10 0
0 20897 11 0
0 20897 12 0
0 48590 13 0
0 48590 14 0
0 48590 15 0
0 48590 0 0
0 48590 1 0
0 48590 2 0
0 25587 3 0
0 25587 4 0
0 25587 5 0
0 25587 6 0
0 25587 7 0
0 25587 8 0
0 1773 9 0
0 1773 10 0
0 1773 11 0
0 1773 12 0
0 1773 13 0
0 1773 14 0
0 26890 15 0
0 26890 0 0
0 26890 1 0
0 26890 2 0
0 26890 3 0
0 26890 4 0
0 1493 5 0
0 1493 6 0
0 1493 7 0
0 1493 8 0
0 1493 9 0
0 1493 10 0
0 10993 11 0
0 10993 12 0
0 10993 13 0
0 10993 14 0
0 10993 15 0
0 10993 0 0
0 8493 1 0
0 8493 2 0
0 8493 3 0
0 8493 4 0
0 8493 5 0
0 8493 6 0
0 54986 7 0
0 54986 8 0
0 54986 9 0
0 54986 10 0
0 54986 11 0
0 54986 12 0
0 12251 13 0
0 12251 14 0
0 12251 15 0
0 12251 0 0
0 12251 1 0
0 12251 2 0
0 58473 3 0
0 58473 4 0
0 58473 5 0
0 58473 6 0
0 58473 7 0
0 58473 8 0
0 14509 9 0
0 14509 10 0
0 14509 11 0
0 14509 12 0
0 14509 13 0
0 14509 14 0
0 44583 15 0
0 44583 0 0
0 44583 1 0
0 44583 2 0
0 44583 3 0
0 44583 4 0
0 63498 5 0
0 63498 6 0
0 63498 7 0
0 63498 8 0
0 63498 9 0
0 63498 10 0
0 54482 11 0
0 54482 12 0
0 54482 13 0
0 54482 14 0
0 54482 15 0
0 54482 0 0
0 59775 1 0
0 59775 2 0
0 59775 3 0
0 59775 4 0
0 59775 5 0
0 59775 6 0
0 42925 7 0
0 42925 8 0
0 42925 9 0
0 42925 10 0
0 42925 11 0
0 42925 12 0
0 59561 13 0
0 59561 14 0
0 59561 15 0
0 59561 0 0
0 59561 1 0
0 59561 2 0
0 51298 3 0
0 51298 4 0
0 51298 5 0
0 51298 6 0
0 51298 7 0
0 51298 8 0
0 23116 9 0
0 23116 10 0
0 23116 11 0
0 23116 12 0
0 23116 13 0
0 23116 14 0
0 25871 15 0
0 25871 0 0
0 25871 1 0
0 25871 2 0
0 25871 3 0
0 25871 4 0
0 32185 5 0
0 32185 6 0
0 32185 7 0
0 32185 8 0
0 32185 9 0
0 32185 10 0
0 21713 11 0
0 21713 12 0
0 21713 13 0
0 21713 14 0
0 21713 15 0
0 21713 0 0
0 13420 1 0
0 13420 2 0
0 13420 3 0
0 13420 4 0
0 13420 5 0
0 13420 6 0
0 13241 7 0
0 13241 8 0
0 13241 9 0
0 13241 10 0
0 13241 11 0
0 13241 12 0
0 3454 13 0
0 3454 14 0
0 3454 15 0
0 3454 0 0
0 3454 1 0
0 3454 2 0
0 63206 3 0
0 63206 4 0
0 63206 5 0
0 63206 6 0
0 63206 7 0
0 63206 8 0
0 1931 9 0
0 1931 10 0
0 1931 11 0
0 1931 12 0
0 1931 13 0
0 1931 14 0
0 54786 15 0
0 54786 0 0
0 54786 1 0
0 54786 2 0
0 54786 3 0
0 54786 4 0
0 35886 5 0
0 35886 6 0
0 35886 7 0
0 35886 8 0
0 35886 9 0
0 35886 10 0
0 58697 11 0
0 58697 12 0
0 58697 13 0
0 58697 14 0
0 58697 15 0
0 58697 0 0
0 29297 1 0
0 29297 2 0
0 29297 3 0
0 29297 4 0
0 29297 5 0
0 29297 6 0
0 39792 7 0
0 39792 8 0
0 39792 9 0
0 39792 10 0
0 39792 11 0
0 39792 12 0
0 64344 13 0
0 64344 14 0
0 64344 15 0
0 64344 0 0
0 64344 1 0
0 64344 2 0
0 24756 3 0
0 24756 4 0
0 24756 5 0
0 24756 6 0
0 24756 7 0
0 24756 8 0
0 18875 9 0
0 18875 10 0
0 18875 11 0
0 18875 12 0
0 18875 13 0
0 18875 14 0
0 54007 15 0
0 54007 0 0
0 54007 1 0
0 54007 2 0
0 54007 3 0
0 54007 4 0
0 44802 5 0
0 44802 6 0
0 44802 7 0
0 44802 8 0
0 44802 9 0
0 44802 10 0
0 46187 11 0
0 46187 12 0
0 46187 13 0
0 46187 14 0
0 46187 15 0
0 46187 0 0
0 6121 1 0
0 6121 2 0
0 6121 3 0
0 6121 4 0
0 6121 5 0
0 6121 6 0
0 50311 7 0
0 50311 8 0
0 50311 9 0
0 50311 10 0
0 50311 11 0
0 50311 12 0
0 29724 13 0
0 29724 14 0
0 29724 15 0
0 29724 0 0
0 29724 1 0
0 29724 2 0
0 36314 3 0
0 36314 4 0
0 36314 5 0
0 36314 6 0
0 36314 7 0
0 36314 8 0
0 58794 9 0
0 58794 10 0
0 58794 11 0
0 58794 12 0
0 58794 13 0
0 58794 14 0
0 21610 15 0
0 21610 0 0
0 21610 1 0
0 21610 2 0
0 21610 3 0
0 21610 4 0
0 55944 5 0
0 55944 6 0
0 55944 7 0
0 55944 8 0
0 55944 9 0
0 55944 10 0
0 38610 11 0
0 38610 12 0
0 38610 13 0
0 38610 14 0
0 38610 15 0
0 38610 0 0
0 22229 1 0
0 22229 2 0
0 22229 3 0
0 22229 4 0
0 22229 5 0
0 22229 6 0
0 32147 7 0
0 32147 8 0
0 32147 9 0
0 32147 10 0
0 32147 11 0
0 32147 12 0
0 38713 13 0
0 38713 14 0
0 38713 15 0
0 38713 0 0
0 38713 1 0
0 38713 2 0
0 25298 3 0
0 25298 4 0
0 25298 5 0
0 25298 6 0
0 25298 7 0
0 25298 8 0
0 59447 9 0
0 59447 10 0
0 59447 11 0
0 59447 12 0
0 59447 13 0
0 59447 14 0
0 60424 15 0
0 60424 0 0
0 60424 1 0
0 60424 2 0
0 60424 3 0
0 60424 4 0
0 3462 5 0
0 3462 6 0
0 3462 7 0
0 3462 8 0
0 3462 9 0
0 3462 10 0
0 11090 11 0
0 11090 12 0
0 11090 13 0
0 11090 14 0
0 11090 15 0
0 11090 0 0
0 748 1 0
0 748 2 0
0 748 3 0
0 748 4 0
0 748 5 0
0 748 6 0
0 11962 7 0
0 11962 8 0
0 11962 9 0
0 11962 10 0
0 11962 11 0
0 11962 12 0
0 22961 13 0
0 22961 14 0
0 22961 15 0
0 22961 0 0
0 22961 1 0
0 22961 2 0
0 63538 3 0
0 63538 4 0
0 63538 5 0
0 63538 6 0
0 63538 7 0
0 63538 8 0
0 41448 9 0
0 41448 10 0
0 41448 11 0
0 41448 12 0
0 41448 13 0
0 41448 14 0
0 1746 15 0
0 1746 0 0
0 1746 1 0
0 1746 2 0
0 1746 3 0
0 1746 4 0
0 27344 5 0
0 27344 6 0
0 27344 7 0
0 27344 8 0
0 27344 9 0
0 27344 10 0
0 46833 11 0
0 46833 12 0
0 46833 13 0
0 46833 14 0
0 46833 15 0
0 46833 0 0
0 15945 1 0
0 15945 2 0
0 15945 3 0
0 15945 4 0
0 15945 5 0
0 15945 6 0
0 5479 7 0
0 5479 8 0
0 5479 9 0
0 5479 10 0
0 5479 11 0
0 5479 12 0
0 60175 13 0
0 60175 14 0
0 60175 15 0
0 60175 0 0
0 60175 1 0
0 60175 2 0
0 25747 3 0
0 25747 4 0
0 25747 5 0
0 25747 6 0
0 25747 7 0
0 25747 8 0
0 6679 9 0
0 6679 10 0
0 6679 11 0
0 6679 12 0
0 6679 13 0
0 6679 14 0
0 18593 15 0
0 18593 0 0
0 18593 1 0
0 18593 2 0
0 18593 3 0
0 18593 4 0
0 15636 5 0
0 15636 6 0
0 15636 7 0
0 15636 8 0
0 15636 9 0
0 15636 10 0
0 21424 11 0
0 21424 12 0
0 21424 13 0
0 21424 14 0
0 21424 15 0
0 21424 0 0
0 11320 1 0
0 11320 2 0
0 11320 3 0
0 11320 4 0
0 11320 5 0
0 11320 6 0
0 17003 7 0
0 17003 8 0
0 17003 9 0
0 17003 10 0
0 17003 11 0
0 17003 12 0
0 15185 13 0
0 15185 14 0
0 15185 15 0
0 15185 0 0
0 15185 1 0
0 15185 2 0
0 38708 3 0
0 38708 4 0
0 38708 5 0
0 38708 6 0
0 38708 7 0
0 38708 8 0
0 41310 9 0
0 41310 10 0
0 41310 11 0
0 41310 12 0
0 41310 13 0
0 41310 14 0
0 16239 15 0
0 16239 0 0
0 16239 1 0
0 16239 2 0
0 16239 3 0
0 16239 4 0
0 18406 5 0
0 18406 6 0
0 18406 7 0
0 18406 8 0
0 18406 9 0
0 18406 10 0
0 35590 11 0
0 35590 12 0
0 35590 13 0
0 35590 14 0
0 35590 15 0
0 35590 0 0
0 29885 1 0
0 29885 2 0
0 29885 3 0
0 29885 4 0
0 29885 5 0
0 29885 6 0
0 34719 7 0
0 34719 8 0
0 34719 9 0
0 34719 10 0
0 34719 11 0
0 34719 12 0
0 35793 13 0
0 35793 14 0
0 35793 15 0
0 35793 0 0
0 35793 1 0
0 35793 2 0
0 38536 3 0
0 38536 4 0
0 38536 5 0
0 38536 6 0
0 38536 7 0
0 38536 8 0
0 25429 9 0
0 25429 10 0
0 25429 11 0
0 25429 12 0
0 25429 13 0
0 25429 14 0
0 2230 15 0
0 2230 0 0
0 2230 1 0
0 2230 2 0
0 2230 3 0
0 2230 4 0
0 19514 5 0
0 19514 6 0
0 19514 7 0
0 19514 8 0
0 19514 9 0
0 19514 10 0
0 39259 11 0
0 39259 12 0
0 39259 13 0
0 39259 14 0
0 39259 15 0
0 39259 0 0
0 14402 1 0
0 14402 2 0
0 14402 3 0
0 14402 4 0
0 14402 5 0
0 14402 6 0
0 23078 7 0
0 23078 8 0
0 23078 9 0
0 23078 10 0
0 23078 11 0
0 23078 12 0
0 46766 13 0
0 46766 14 0
0 46766 15 0
0 46766 0 0
0 46766 1 0
0 46766 2 0
0 37865 3 0
0 37865 4 0
0 37865 5 0
0 37865 6 0
0 37865 7 0
0 37865 8 0
0 43064 9 0
0 43064 10 0
0 43064 11 0
0 43064 12 0
0 43064 13 0
0 43064 14 0
0 52270 15 0
0 52270 0 0
0 52270 1 0
0 52270 2 0
0 52270 3 0
0 52270 4 0
0 61105 5 0
0 61105 6 0
0 61105 7 0
0 61105 8 0
0 61105 9 0
0 61105 10 0
0 25303 11 0
0 25303 12 0
0 25303 13 0
0 25303 14 0
0 25303 15 0
0 25303 0 0
0 14868 1 0
0 14868 2 0
0 14868 3 0
0 14868 4 0
0 14868 5 0
0 14868 6 0
0 216 7 0
0 216 8 0
0 216 9 0
0 216 10 0
0 216 11 0
0 216 12 0
0 27957 13 0
0 27957 14 0
0 27957 15 0
0 27957 0 0
0 27957 1 0
0 27957 2 0
0 23801 3 0
0 23801 4 0
0 23801 5 0
0 23801 6 0
0 23801 7 0
0 23801 8 0
0 44018 9 0
0 44018 10 0
0 44018 11 0
0 44018 12 0
0 44018 13 0
0 44018 14 0
0 30619 15 0
0 30619 0 0
0 30619 1 0
0 30619 2 0
0 30619 3 0
0 30619 4 0
0 15597 5 0
0 15597 6 0
0 15597 7 0
0 15597 8 0
0 15597 9 0
0 15597 10 0
0 18062 11 0
0 18062 12 0
0 18062 13 0
0 18062 14 0
0 18062 15 0
0 18062 0 0
0 44720 1 0
0 44720 2 0
0 44720 3 0
0 44720 4 0
0 44720 5 0
0 44720 6 0
0 28222 7 0
0 28222 8 0
0 28222 9 0
0 28222 10 0
0 28222 11 0
0 28222 12 0
0 60224 13 0
0 60224 14 0
0 60224 15 0
0 60224 0 0
0 60224 1 0
0 60224 2 0
0 61892 3 0
0 61892 4 0
0 61892 5 0
0 61892 6 0
0 61892 7 0
0 61892 8 0
0 63986 9 0
0 63986 10 0
0 63986 11 0
0 63986 12 0
0 63986 13 0
0 63986 14 0
0 25430 15 0
0 25430 0 0
0 25430 1 0
0 25430 2 0
0 25430 3 0
0 25430 4 0
0 61828 5 0
0 61828 6 0
0 61828 7 0
0 61828 8 0
0 61828 9 0
0 61828 10 0
0 41627 11 0
0 41627 12 0
0 41627 13 0
0 41627 14 0
0 41627 15 0
0 41627 0 0
0 12678 1 0
0 12678 2 0
0 12678 3 0
0 12678 4 0
0 12678 5 0
0 12678 6 0
0 8488 7 0
0 8488 8 0
0 8488 9 0
0 8488 10 0
0 8488 11 0
0 8488 12 0
0 14362 13 0
0 14362 14 0
0 14362 15 0
0 14362 0 0
0 14362 1 0
0 14362 2 0
0 50035 3 0
0 50035 4 0
0 50035 5 0
0 50035 6 0
0 50035 7 0
0 50035 8 0
0 20464 9 0
0 20464 10 0
0 20464 11 0
0 20464 12 0
0 20464 13 0
0 20464 14 0
0 57903 15 0
0 57903 0 0
0 57903 1 0
0 57903 2 0
0 57903 3 0
0 57903 4 0
0 15070 5 0
0 15070 6 0
0 15070 7 0
0 15070 8 0
0 15070 9 0
0 15070 10 0
0 13249 11 0
0 13249 12 0
0 13249 13 0
0 13249 14 0
0 13249 15 0
0 13249 0 0
0 32551 1 0
0 32551 2 0
0 32551 3 0
0 32551 4 0
0 32551 5 0
0 32551 6 0
0 59294 7 0
0 59294 8 0
0 59294 9 0
0 59294 10 0
0 59294 11 0
0 59294 12 0
0 50747 13 0
0 50747 14 0
0 50747 15 0
0 50747 0 0
0 50747 1 0
0 50747 2 0
0 27094 3 0
0 27094 4 0
0 27094 5 0
0 27094 6 0
0 27094 7 0
0 27094 8 0
0 54756 9 0
0 54756 10 0
0 54756 11 0
0 54756 12 0
0 54756 13 0
0 54756 14 0
0 7288 15 0
0 7288 0 0
0 7288 1 0
0 7288 2 0
0 7288 3 0
0 7288 4 0
0 32494 5 0
0 32494 6 0
0 32494 7 0
0 32494 8 0
0 32494 9 0
0 32494 10 0
0 23332 11 0
0 23332 12 0
0 23332 13 0
0 23332 14 0
0 23332 15 0
0 23332 0 0
0 20371 1 0
0 20371 2 0
0 20371 3 0
0 20371 4 0
0 20371 5 0
0 20371 6 0
0 45528 7 0
0 45528 8 0
0 45528 9 0
0 45528 10 0
0 45528 11 0
0 45528 12 0
0 20656 13 0
0 20656 14 0
0 20656 15 0
