0 0 0 0
0 0 1 0
0 0 2 0
0 0 3 0
0 0 4 0
0 49419 5 0
0 49419 6 0
0 49419 7 0
0 49419 8 0
0 49419 9 0
0 49419 10 0
0 46014 11 0
0 46014 12 0
0 46014 13 0
0 46014 14 0
0 46014 15 0
0 46014 0 0
0 56062 1 0
0 56062 2 0
0 56062 3 0
0 56062 4 0
0 56062 5 0
0 56062 6 0
0 47994 7 0
0 47994 8 0
0 47994 9 0
0 47994 10 0
0 47994 11 0
0 47994 12 0
0 48632 13 0
0 48632 14 0
0 48632 15 0
0 48632 0 0
0 48632 1 0
0 48632 2 0
0 43922 3 0
0 43922 4 0
0 43922 5 0
0 43922 6 0
0 43922 7 0
0 43922 8 0
0 205 9 0
0 205 10 0
0 205 11 0
0 205 12 0
0 205 13 0
0 205 14 0
0 1441 15 0
0 1441 0 0
0 1441 1 0
0 1441 2 0
0 1441 3 0
0 1441 4 0
0 5138 5 0
0 5138 6 0
0 5138 7 0
0 5138 8 0
0 5138 9 0
0 5138 10 0
0 49456 11 0
0 49456 12 0
0 49456 13 0
0 49456 14 0
0 49456 15 0
0 49456 0 0
0 50227 1 0
0 50227 2 0
0 50227 3 0
0 50227 4 0
0 50227 5 0
0 50227 6 0
0 21400 7 0
0 21400 8 0
0 21400 9 0
0 21400 10 0
0 21400 11 0
0 21400 12 0
0 31574 13 0
0 31574 14 0
0 31574 15 0
0 31574 0 0
0 31574 1 0
0 31574 2 0
0 30879 3 0
0 30879 4 0
0 30879 5 0
0 30879 6 0
0 30879 7 0
0 30879 8 0
0 38746 9 0
0 38746 10 0
0 38746 11 0
0 38746 12 0
0 38746 13 0
0 38746 14 0
0 26691 15 0
0 26691 0 0
0 26691 1 0
0 26691 2 0
0 26691 3 0
0 26691 4 0
0 15539 5 0
0 15539 6 0
0 15539 7 0
0 15539 8 0
0 15539 9 0
0 15539 10 0
0 1472 11 0
0 1472 12 0
0 1472 13 0
0 1472 14 0
0 1472 15 0
0 1472 0 0
0 62014 1 0
0 62014 2 0
0 62014 3 0
0 62014 4 0
0 62014 5 0
0 62014 6 0
0 60851 7 0
0 60851 8 0
0 60851 9 0
0 60851 10 0
0 60851 11 0
0 60851 12 0
0 34657 13 0
0 34657 14 0
0 34657 15 0
0 34657 0 0
0 34657 1 0
0 34657 2 0
0 51934 3 0
0 51934 4 0
0 51934 5 0
0 51934 6 0
0 51934 7 0
0 51934 8 0
0 34442 9 0
0 34442 10 0
0 34442 11 0
0 34442 12 0
0 34442 13 0
0 34442 14 0
0 53707 15 0
0 53707 0 0
0 53707 1 0
0 53707 2 0
0 53707 3 0
0 53707 4 0
0 57239 5 0
0 57239 6 0
0 57239 7 0
0 57239 8 0
0 57239 9 0
0 57239 10 0
0 56031 11 0
0 56031 12 0
0 56031 13 0
0 56031 14 0
0 56031 15 0
0 56031 0 0
0 46040 1 0
0 46040 2 0
0 46040 3 0
0 46040 4 0
0 46040 5 0
0 46040 6 0
0 12113 7 0
0 12113 8 0
0 12113 9 0
0 12113 10 0
0 12113 11 0
0 12113 12 0
0 6049 13 0
0 6049 14 0
0 6049 15 0
0 6049 0 0
0 6049 1 0
0 6049 2 0
0 34673 3 0
0 34673 4 0
0 34673 5 0
0 34673 6 0
0 34673 7 0
0 34673 8 0
0 34611 9 0
0 34611 10 0
0 34611 11 0
0 34611 12 0
0 34611 13 0
0 34611 14 0
0 12218 15 0
0 12218 0 0
0 12218 1 0
0 12218 2 0
0 12218 3 0
0 12218 4 0
0 55449 5 0
0 55449 6 0
0 55449 7 0
0 55449 8 0
0 55449 9 0
0 55449 10 0
0 59860 11 0
0 59860 12 0
0 59860 13 0
0 59860 14 0
0 59860 15 0
0 59860 0 0
0 45781 1 0
0 45781 2 0
0 45781 3 0
0 45781 4 0
0 45781 5 0
0 45781 6 0
0 38460 7 0
0 38460 8 0
0 38460 9 0
0 38460 10 0
0 38460 11 0
0 38460 12 0
0 56560 13 0
0 56560 14 0
0 56560 15 0
0 56560 0 0
0 56560 1 0
0 56560 2 0
0 32615 3 0
0 32615 4 0
0 32615 5 0
0 32615 6 0
0 32615 7 0
0 32615 8 0
0 8797 9 0
0 8797 10 0
0 8797 11 0
0 8797 12 0
0 8797 13 0
0 8797 14 0
0 61717 15 0
0 61717 0 0
0 61717 1 0
0 61717 2 0
0 61717 3 0
0 61717 4 0
0 10986 5 0
0 10986 6 0
0 10986 7 0
0 10986 8 0
0 10986 9 0
0 10986 10 0
0 40849 11 0
0 40849 12 0
0 40849 13 0
0 40849 14 0
0 40849 15 0
0 40849 0 0
0 65056 1 0
0 65056 2 0
0 65056 3 0
0 65056 4 0
0 65056 5 0
0 65056 6 0
0 21663 7 0
0 21663 8 0
0 21663 9 0
0 21663 10 0
0 21663 11 0
0 21663 12 0
0 21879 13 0
0 21879 14 0
0 21879 15 0
0 21879 0 0
0 21879 1 0
0 21879 2 0
0 41319 3 0
0 41319 4 0
0 41319 5 0
0 41319 6 0
0 41319 7 0
0 41319 8 0
0 38486 9 0
0 38486 10 0
0 38486 11 0
0 38486 12 0
0 38486 13 0
0 38486 14 0
0 44003 15 0
0 44003 0 0
0 44003 1 0
0 44003 2 0
0 44003 3 0
0 44003 4 0
0 40877 5 0
0 40877 6 0
0 40877 7 0
0 40877 8 0
0 40877 9 0
0 40877 10 0
0 24992 11 0
0 24992 12 0
0 24992 13 0
0 24992 14 0
0 24992 15 0
0 24992 0 0
0 29807 1 0
0 29807 2 0
0 29807 3 0
0 29807 4 0
0 29807 5 0
0 29807 6 0
0 52488 7 0
0 52488 8 0
0 52488 9 0
0 52488 10 0
0 52488 11 0
0 52488 12 0
0 19893 13 0
0 19893 14 0
0 19893 15 0
0 19893 0 0
0 19893 1 0
0 19893 2 0
0 30716 3 0
0 30716 4 0
0 30716 5 0
0 30716 6 0
0 30716 7 0
0 30716 8 0
0 14392 9 0
0 14392 10 0
0 14392 11 0
0 14392 12 0
0 14392 13 0
0 14392 14 0
0 644 15 0
0 644 0 0
0 644 1 0
0 644 2 0
0 644 3 0
0 644 4 0
0 9155 5 0
0 9155 6 0
0 9155 7 0
0 9155 8 0
0 9155 9 0
0 9155 10 0
0 10670 11 0
0 10670 12 0
0 10670 13 0
0 10670 14 0
0 10670 15 0
0 10670 0 0
0 10482 1 0
0 10482 2 0
0 10482 3 0
0 10482 4 0
0 10482 5 0
0 10482 6 0
0 23480 7 0
0 23480 8 0
0 23480 9 0
0 23480 10 0
0 23480 11 0
0 23480 12 0
0 64529 13 0
0 64529 14 0
0 64529 15 0
0 64529 0 0
0 64529 1 0
0 64529 2 0
0 34311 3 0
0 34311 4 0
0 34311 5 0
0 34311 6 0
0 34311 7 0
0 34311 8 0
0 6040 9 0
0 6040 10 0
0 6040 11 0
0 6040 12 0
0 6040 13 0
0 6040 14 0
0 16464 15 0
0 16464 0 0
0 16464 1 0
0 16464 2 0
0 16464 3 0
0 16464 4 0
0 54277 5 0
0 54277 6 0
0 54277 7 0
0 54277 8 0
0 54277 9 0
0 54277 10 0
0 16987 11 0
0 16987 12 0
0 16987 13 0
0 16987 14 0
0 16987 15 0
0 16987 0 0
0 10943 1 0
0 10943 2 0
0 10943 3 0
0 10943 4 0
0 10943 5 0
0 10943 6 0
0 39878 7 0
0 39878 8 0
0 39878 9 0
0 39878 10 0
0 39878 11 0
0 39878 12 0
0 33876 13 0
0 33876 14 0
0 33876 15 0
0 33876 0 0
0 33876 1 0
0 33876 2 0
0 63338 3 0
0 63338 4 0
0 63338 5 0
0 63338 6 0
0 63338 7 0
0 63338 8 0
0 26414 9 0
0 26414 10 0
0 26414 11 0
0 26414 12 0
0 26414 13 0
0 26414 14 0
0 11079 15 0
0 11079 0 0
0 11079 1 0
0 11079 2 0
0 11079 3 0
0 11079 4 0
0 14987 5 0
0 14987 6 0
0 14987 7 0
0 14987 8 0
0 14987 9 0
0 14987 10 0
0 49599 11 0
0 49599 12 0
0 49599 13 0
0 49599 14 0
0 49599 15 0
0 49599 0 0
0 12747 1 0
0 12747 2 0
0 12747 3 0
0 12747 4 0
0 12747 5 0
0 12747 6 0
0 35102 7 0
0 35102 8 0
0 35102 9 0
0 35102 10 0
0 35102 11 0
0 35102 12 0
0 19271 13 0
0 19271 14 0
0 19271 15 0
0 19271 0 0
0 19271 1 0
0 19271 2 0
0 26423 3 0
0 26423 4 0
0 26423 5 0
0 26423 6 0
0 26423 7 0
0 26423 8 0
0 53657 9 0
0 53657 10 0
0 53657 11 0
0 53657 12 0
0 53657 13 0
0 53657 14 0
0 32167 15 0
0 32167 0 0
0 32167 1 0
0 32167 2 0
0 32167 3 0
0 32167 4 0
0 27446 5 0
0 27446 6 0
0 27446 7 0
0 27446 8 0
0 27446 9 0
0 27446 10 0
0 13924 11 0
0 13924 12 0
0 13924 13 0
0 13924 14 0
0 13924 15 0
0 13924 0 0
0 60479 1 0
0 60479 2 0
0 60479 3 0
0 60479 4 0
0 60479 5 0
0 60479 6 0
0 27027 7 0
0 27027 8 0
0 27027 9 0
0 27027 10 0
0 27027 11 0
0 27027 12 0
0 27537 13 0
0 27537 14 0
0 27537 15 0
0 27537 0 0
0 27537 1 0
0 27537 2 0
0 9280 3 0
0 9280 4 0
0 9280 5 0
0 9280 6 0
0 9280 7 0
0 9280 8 0
0 51892 9 0
0 51892 10 0
0 51892 11 0
0 51892 12 0
0 51892 13 0
0 51892 14 0
0 54894 15 0
0 54894 0 0
0 54894 1 0
0 54894 2 0
0 54894 3 0
0 54894 4 0
0 11683 5 0
0 11683 6 0
0 11683 7 0
0 11683 8 0
0 11683 9 0
0 11683 10 0
0 47934 11 0
0 47934 12 0
0 47934 13 0
0 47934 14 0
0 47934 15 0
0 47934 0 0
0 8642 1 0
0 8642 2 0
0 8642 3 0
0 8642 4 0
0 8642 5 0
0 8642 6 0
0 51215 7 0
0 51215 8 0
0 51215 9 0
0 51215 10 0
0 51215 11 0
0 51215 12 0
0 3114 13 0
0 3114 14 0
0 3114 15 0
0 3114 0 0
0 3114 1 0
0 3114 2 0
0 21324 3 0
0 21324 4 0
0 21324 5 0
0 21324 6 0
0 21324 7 0
0 21324 8 0
0 16774 9 0
0 16774 10 0
0 16774 11 0
0 16774 12 0
0 16774 13 0
0 16774 14 0
0 10516 15 0
0 10516 0 0
0 10516 1 0
0 10516 2 0
0 10516 3 0
0 10516 4 0
0 3019 5 0
0 3019 6 0
0 3019 7 0
0 3019 8 0
0 3019 9 0
0 3019 10 0
0 49545 11 0
0 49545 12 0
0 49545 13 0
0 49545 14 0
0 49545 15 0
0 49545 0 0
0 65094 1 0
0 65094 2 0
0 65094 3 0
0 65094 4 0
0 65094 5 0
0 65094 6 0
0 54702 7 0
0 54702 8 0
0 54702 9 0
0 54702 10 0
0 54702 11 0
0 54702 12 0
0 41758 13 0
0 41758 14 0
0 41758 15 0
0 41758 0 0
0 41758 1 0
0 41758 2 0
0 19639 3 0
0 19639 4 0
0 19639 5 0
0 19639 6 0
0 19639 7 0
0 19639 8 0
0 26262 9 0
0 26262 10 0
0 26262 11 0
0 26262 12 0
0 26262 13 0
0 26262 14 0
0 12235 15 0
0 12235 0 0
0 12235 1 0
0 12235 2 0
0 12235 3 0
0 12235 4 0
0 51088 5 0
0 51088 6 0
0 51088 7 0
0 51088 8 0
0 51088 9 0
0 51088 10 0
0 61780 11 0
0 61780 12 0
0 61780 13 0
0 61780 14 0
0 61780 15 0
0 61780 0 0
0 43175 1 0
0 43175 2 0
0 43175 3 0
0 43175 4 0
0 43175 5 0
0 43175 6 0
0 49250 7 0
0 49250 8 0
0 49250 9 0
0 49250 10 0
0 49250 11 0
0 49250 12 0
0 15813 13 0
0 15813 14 0
0 15813 15 0
0 15813 0 0
0 15813 1 0
0 15813 2 0
0 39534 3 0
0 39534 4 0
0 39534 5 0
0 39534 6 0
0 39534 7 0
0 39534 8 0
0 47507 9 0
0 47507 10 0
0 47507 11 0
0 47507 12 0
0 47507 13 0
0 47507 14 0
0 2357 15 0
0 2357 0 0
0 2357 1 0
0 2357 2 0
0 2357 3 0
0 2357 4 0
0 20505 5 0
0 20505 6 0
0 20505 7 0
0 20505 8 0
0 20505 9 0
0 20505 10 0
0 16259 11 0
0 16259 12 0
0 16259 13 0
0 16259 14 0
0 16259 15 0
0 16259 0 0
0 2334 1 0
0 2334 2 0
0 2334 3 0
0 2334 4 0
0 2334 5 0
0 2334 6 0
0 34810 7 0
0 34810 8 0
0 34810 9 0
0 34810 10 0
0 34810 11 0
0 34810 12 0
0 42035 13 0
0 42035 14 0
0 42035 15 0
0 42035 0 0
0 42035 1 0
0 42035 2 0
0 16242 3 0
0 16242 4 0
0 16242 5 0
0 16242 6 0
0 16242 7 0
0 16242 8 0
0 31466 9 0
0 31466 10 0
0 31466 11 0
0 31466 12 0
0 31466 13 0
0 31466 14 0
0 13122 15 0
0 13122 0 0
0 13122 1 0
0 13122 2 0
0 13122 3 0
0 13122 4 0
0 61203 5 0
0 61203 6 0
0 61203 7 0
0 61203 8 0
0 61203 9 0
0 61203 10 0
0 61645 11 0
0 61645 12 0
0 61645 13 0
0 61645 14 0
0 61645 15 0
0 61645 0 0
0 64484 1 0
0 64484 2 0
0 64484 3 0
0 64484 4 0
0 64484 5 0
0 64484 6 0
0 30706 7 0
0 30706 8 0
0 30706 9 0
0 30706 10 0
0 30706 11 0
0 30706 12 0
0 540 13 0
0 540 14 0
0 540 15 0
0 540 0 0
0 540 1 0
0 540 2 0
0 32146 3 0
0 32146 4 0
0 32146 5 0
0 32146 6 0
0 32146 7 0
0 32146 8 0
0 37419 9 0
0 37419 10 0
0 37419 11 0
0 37419 12 0
0 37419 13 0
0 37419 14 0
0 44812 15 0
0 44812 0 0
0 44812 1 0
0 44812 2 0
0 44812 3 0
0 44812 4 0
0 29469 5 0
0 29469 6 0
0 29469 7 0
0 29469 8 0
0 29469 9 0
0 29469 10 0
0 43570 11 0
0 43570 12 0
0 43570 13 0
0 43570 14 0
0 43570 15 0
0 43570 0 0
0 52324 1 0
0 52324 2 0
0 52324 3 0
0 52324 4 0
0 52324 5 0
0 52324 6 0
0 16207 7 0
0 16207 8 0
0 16207 9 0
0 16207 10 0
0 16207 11 0
0 16207 12 0
0 26292 13 0
0 26292 14 0
0 26292 15 0
0 26292 0 0
0 26292 1 0
0 26292 2 0
0 22174 3 0
0 22174 4 0
0 22174 5 0
0 22174 6 0
0 22174 7 0
0 22174 8 0
0 53465 9 0
0 53465 10 0
0 53465 11 0
0 53465 12 0
0 53465 13 0
0 53465 14 0
0 8476 15 0
0 8476 0 0
0 8476 1 0
0 8476 2 0
0 8476 3 0
0 8476 4 0
0 53566 5 0
0 53566 6 0
0 53566 7 0
0 53566 8 0
0 53566 9 0
0 53566 10 0
0 59524 11 0
0 59524 12 0
0 59524 13 0
0 59524 14 0
0 59524 15 0
0 59524 0 0
0 3662 1 0
0 3662 2 0
0 3662 3 0
0 3662 4 0
0 3662 5 0
0 3662 6 0
0 18362 7 0
0 18362 8 0
0 18362 9 0
0 18362 10 0
0 18362 11 0
0 18362 12 0
0 816 13 0
0 816 14 0
0 816 15 0
0 816 0 0
0 816 1 0
0 816 2 0
0 24101 3 0
0 24101 4 0
0 24101 5 0
0 24101 6 0
0 24101 7 0
0 24101 8 0
0 15357 9 0
0 15357 10 0
0 15357 11 0
0 15357 12 0
0 15357 13 0
0 15357 14 0
0 59672 15 0
0 59672 0 0
0 59672 1 0
0 59672 2 0
0 59672 3 0
0 59672 4 0
0 41634 5 0
0 41634 6 0
0 41634 7 0
0 41634 8 0
0 41634 9 0
0 41634 10 0
0 58274 11 0
0 58274 12 0
0 58274 13 0
0 58274 14 0
0 58274 15 0
0 58274 0 0
0 33664 1 0
0 33664 2 0
0 33664 3 0
0 33664 4 0
0 33664 5 0
0 33664 6 0
0 2847 7 0
0 2847 8 0
0 2847 9 0
0 2847 10 0
0 2847 11 0
0 2847 12 0
0 29520 13 0
0 29520 14 0
0 29520 15 0
0 29520 0 0
0 29520 1 0
0 29520 2 0
0 54084 3 0
0 54084 4 0
0 54084 5 0
0 54084 6 0
0 54084 7 0
0 54084 8 0
0 43555 9 0
0 43555 10 0
0 43555 11 0
0 43555 12 0
0 43555 13 0
0 43555 14 0
0 38066 15 0
0 38066 0 0
0 38066 1 0
0 38066 2 0
0 38066 3 0
0 38066 4 0
0 32769 5 0
0 32769 6 0
0 32769 7 0
0 32769 8 0
0 32769 9 0
0 32769 10 0
0 61327 11 0
0 61327 12 0
0 61327 13 0
0 61327 14 0
0 61327 15 0
0 61327 0 0
0 31765 1 0
0 31765 2 0
0 31765 3 0
0 31765 4 0
0 31765 5 0
0 31765 6 0
0 57159 7 0
0 57159 8 0
0 57159 9 0
0 57159 10 0
0 57159 11 0
0 57159 12 0
0 57081 13 0
0 57081 14 0
0 57081 15 0
0 57081 0 0
0 57081 1 0
0 57081 2 0
0 34543 3 0
0 34543 4 0
0 34543 5 0
0 34543 6 0
0 34543 7 0
0 34543 8 0
0 50114 9 0
0 50114 10 0
0 50114 11 0
0 50114 12 0
0 50114 13 0
0 50114 14 0
0 43502 15 0
0 43502 0 0
0 43502 1 0
0 43502 2 0
0 43502 3 0
0 43502 4 0
0 25226 5 0
0 25226 6 0
0 25226 7 0
0 25226 8 0
0 25226 9 0
0 25226 10 0
0 13373 11 0
0 13373 12 0
0 13373 13 0
0 13373 14 0
0 13373 15 0
0 13373 0 0
0 30376 1 0
0 30376 2 0
0 30376 3 0
0 30376 4 0
0 30376 5 0
0 30376 6 0
0 61117 7 0
0 61117 8 0
0 61117 9 0
0 61117 10 0
0 61117 11 0
0 61117 12 0
0 19777 13 0
0 19777 14 0
0 19777 15 0
0 19777 0 0
0 19777 1 0
0 19777 2 0
0 5554 3 0
0 5554 4 0
0 5554 5 0
0 5554 6 0
0 5554 7 0
0 5554 8 0
0 29571 9 0
0 29571 10 0
0 29571 11 0
0 29571 12 0
0 29571 13 0
0 29571 14 0
0 31547 15 0
0 31547 0 0
0 31547 1 0
0 31547 2 0
0 31547 3 0
0 31547 4 0
0 55183 5 0
0 55183 6 0
0 55183 7 0
0 55183 8 0
0 55183 9 0
0 55183 10 0
0 27935 11 0
0 27935 12 0
0 27935 13 0
0 27935 14 0
0 27935 15 0
0 27935 0 0
0 54441 1 0
0 54441 2 0
0 54441 3 0
0 54441 4 0
0 54441 5 0
0 54441 6 0
0 8466 7 0
0 8466 8 0
0 8466 9 0
0 8466 10 0
0 8466 11 0
0 8466 12 0
0 1448 13 0
0 1448 14 0
0 1448 15 0
0 1448 0 0
0 1448 1 0
0 1448 2 0
0 54367 3 0
0 54367 4 0
0 54367 5 0
0 54367 6 0
0 54367 7 0
0 54367 8 0
0 53007 9 0
0 53007 10 0
0 53007 11 0
0 53007 12 0
0 53007 13 0
0 53007 14 0
0 62345 15 0
0 62345 0 0
0 62345 1 0
0 62345 2 0
0 62345 3 0
0 62345 4 0
0 21667 5 0
0 21667 6 0
0 21667 7 0
0 21667 8 0
0 21667 9 0
0 21667 10 0
0 56364 11 0
0 56364 12 0
0 56364 13 0
0 56364 14 0
0 56364 15 0
0 56364 0 0
0 18877 1 0
0 18877 2 0
0 18877 3 0
0 18877 4 0
0 18877 5 0
0 18877 6 0
0 24504 7 0
0 24504 8 0
0 24504 9 0
0 24504 10 0
0 24504 11 0
0 24504 12 0
0 23135 13 0
0 23135 14 0
0 23135 15 0
0 23135 0 0
0 23135 1 0
0 23135 2 0
0 10798 3 0
0 10798 4 0
0 10798 5 0
0 10798 6 0
0 10798 7 0
0 10798 8 0
0 14156 9 0
0 14156 10 0
0 14156 11 0
0 14156 12 0
0 14156 13 0
0 14156 14 0
0 6496 15 0
0 6496 0 0
0 6496 1 0
0 6496 2 0
0 6496 3 0
0 6496 4 0
0 35130 5 0
0 35130 6 0
0 35130 7 0
0 35130 8 0
0 35130 9 0
0 35130 10 0
0 24969 11 0
0 24969 12 0
0 24969 13 0
0 24969 14 0
0 24969 15 0
0 24969 0 0
0 7653 1 0
0 7653 2 0
0 7653 3 0
0 7653 4 0
0 7653 5 0
0 7653 6 0
0 38336 7 0
0 38336 8 0
0 38336 9 0
0 38336 10 0
0 38336 11 0
0 38336 12 0
0 6019 13 0
0 6019 14 0
0 6019 15 0
0 6019 0 0
0 6019 1 0
0 6019 2 0
0 35778 3 0
0 35778 4 0
0 35778 5 0
0 35778 6 0
0 35778 7 0
0 35778 8 0
0 2547 9 0
0 2547 10 0
0 2547 11 0
0 2547 12 0
0 2547 13 0
0 2547 14 0
0 38284 15 0
0 38284 0 0
0 38284 1 0
0 38284 2 0
0 38284 3 0
0 38284 4 0
0 23872 5 0
0 23872 6 0
0 23872 7 0
0 23872 8 0
0 23872 9 0
0 23872 10 0
0 40782 11 0
0 40782 12 0
0 40782 13 0
0 40782 14 0
0 40782 15 0
0 40782 0 0
0 56985 1 0
0 56985 2 0
0 56985 3 0
0 56985 4 0
0 56985 5 0
0 56985 6 0
0 34407 7 0
0 34407 8 0
0 34407 9 0
0 34407 10 0
0 34407 11 0
0 34407 12 0
0 768 13 0
0 768 14 0
0 768 15 0
0 768 0 0
0 768 1 0
0 768 2 0
0 37808 3 0
0 37808 4 0
0 37808 5 0
0 37808 6 0
0 37808 7 0
0 37808 8 0
0 30287 9 0
0 30287 10 0
0 30287 11 0
0 30287 12 0
0 30287 13 0
0 30287 14 0
0 60469 15 0
0 60469 0 0
0 60469 1 0
0 60469 2 0
0 60469 3 0
0 60469 4 0
0 21519 5 0
0 21519 6 0
0 21519 7 0
0 21519 8 0
0 21519 9 0
0 21519 10 0
0 60421 11 0
0 60421 12 0
0 60421 13 0
0 60421 14 0
0 60421 15 0
0 60421 0 0
0 5099 1 0
0 5099 2 0
0 5099 3 0
0 5099 4 0
0 5099 5 0
0 5099 6 0
0 50084 7 0
0 50084 8 0
0 50084 9 0
0 50084 10 0
0 50084 11 0
0 50084 12 0
0 63950 13 0
0 63950 14 0
0 63950 15 0
0 63950 0 0
0 63950 1 0
0 63950 2 0
0 14526 3 0
0 14526 4 0
0 14526 5 0
0 14526 6 0
0 14526 7 0
0 14526 8 0
0 36631 9 0
0 36631 10 0
0 36631 11 0
0 36631 12 0
0 36631 13 0
0 36631 14 0
0 43472 15 0
0 43472 0 0
0 43472 1 0
0 43472 2 0
0 43472 3 0
0 43472 4 0
0 4492 5 0
0 4492 6 0
0 4492 7 0
0 4492 8 0
0 4492 9 0
0 4492 10 0
0 61550 11 0
0 61550 12 0
0 61550 13 0
0 61550 14 0
0 61550 15 0
0 61550 0 0
0 39452 1 0
0 39452 2 0
0 39452 3 0
0 39452 4 0
0 39452 5 0
0 39452 6 0
0 3712 7 0
0 3712 8 0
0 3712 9 0
0 3712 10 0
0 3712 11 0
0 3712 12 0
0 24165 13 0
0 24165 14 0
0 24165 15 0
0 24165 0 0
0 24165 1 0
0 24165 2 0
0 14474 3 0
0 14474 4 0
0 14474 5 0
0 14474 6 0
0 14474 7 0
0 14474 8 0
0 26933 9 0
0 26933 10 0
0 26933 11 0
0 26933 12 0
0 26933 13 0
0 26933 14 0
0 60242 15 0
0 60242 0 0
0 60242 1 0
0 60242 2 0
0 60242 3 0
0 60242 4 0
0 25201 5 0
0 25201 6 0
0 25201 7 0
0 25201 8 0
0 25201 9 0
0 25201 10 0
0 16798 11 0
0 16798 12 0
0 16798 13 0
0 16798 14 0
0 16798 15 0
0 16798 0 0
0 40583 1 0
0 40583 2 0
0 40583 3 0
0 40583 4 0
0 40583 5 0
0 40583 6 0
0 53408 7 0
0 53408 8 0
0 53408 9 0
0 53408 10 0
0 53408 11 0
0 53408 12 0
0 6976 13 0
0 6976 14 0
0 6976 15 0
0 6976 0 0
0 6976 1 0
0 6976 2 0
0 22805 3 0
0 22805 4 0
0 22805 5 0
0 22805 6 0
0 22805 7 0
0 22805 8 0
0 35983 9 0
0 35983 10 0
0 35983 11 0
0 35983 12 0
0 35983 13 0
0 35983 14 0
0 64971 15 0
0 64971 0 0
0 64971 1 0
0 64971 2 0
0 64971 3 0
0 64971 4 0
0 5645 5 0
0 5645 6 0
0 5645 7 0
0 5645 8 0
0 5645 9 0
0 5645 10 0
0 64035 11 0
0 64035 12 0
0 64035 13 0
0 64035 14 0
0 64035 15 0
0 64035 0 0
0 55332 1 0
0 55332 2 0
0 55332 3 0
0 55332 4 0
0 55332 5 0
0 55332 6 0
0 39254 7 0
0 39254 8 0
0 39254 9 0
0 39254 10 0
0 39254 11 0
0 39254 12 0
0 3573 13 0
0 3573 14 0
0 3573 15 0
0 3573 0 0
0 3573 1 0
0 3573 2 0
0 33640 3 0
0 33640 4 0
0 33640 5 0
0 33640 6 0
0 33640 7 0
0 33640 8 0
0 32489 9 0
0 32489 10 0
0 32489 11 0
0 32489 12 0
0 32489 13 0
0 32489 14 0
0 47839 15 0
0 47839 0 0
0 47839 1 0
0 47839 2 0
0 47839 3 0
0 47839 4 0
0 23319 5 0
0 23319 6 0
0 23319 7 0
0 23319 8 0
0 23319 9 0
0 23319 10 0
0 50933 11 0
0 50933 12 0
0 50933 13 0
0 50933 14 0
0 50933 15 0
0 50933 0 0
0 22979 1 0
0 22979 2 0
0 22979 3 0
0 22979 4 0
0 22979 5 0
0 22979 6 0
0 57851 7 0
0 57851 8 0
0 57851 9 0
0 57851 10 0
0 57851 11 0
0 57851 12 0
0 44790 13 0
0 44790 14 0
0 44790 15 0
0 44790 0 0
0 44790 1 0
0 44790 2 0
0 47781 3 0
0 47781 4 0
0 47781 5 0
0 47781 6 0
0 47781 7 0
0 47781 8 0
0 47412 9 0
0 47412 10 0
0 47412 11 0
0 47412 12 0
0 47412 13 0
0 47412 14 0
0 47178 15 0
0 47178 0 0
0 47178 1 0
0 47178 2 0
0 47178 3 0
0 47178 4 0
0 47762 5 0
0 47762 6 0
0 47762 7 0
0 47762 8 0
0 47762 9 0
0 47762 10 0
0 42320 11 0
0 42320 12 0
0 42320 13 0
0 42320 14 0
0 42320 15 0
0 42320 0 0
0 19850 1 0
0 19850 2 0
0 19850 3 0
0 19850 4 0
0 19850 5 0
0 19850 6 0
0 8315 7 0
0 8315 8 0
0 8315 9 0
0 8315 10 0
0 8315 11 0
0 8315 12 0
0 46 13 0
0 46 14 0
0 46 15 0
0 46 0 0
0 46 1 0
0 46 2 0
0 51524 3 0
0 51524 4 0
0 51524 5 0
0 51524 6 0
0 51524 7 0
0 51524 8 0
0 3189 9 0
0 3189 10 0
0 3189 11 0
0 3189 12 0
0 3189 13 0
0 3189 14 0
0 57665 15 0
0 57665 0 0
0 57665 1 0
0 57665 2 0
0 57665 3 0
0 57665 4 0
0 30631 5 0
0 30631 6 0
0 30631 7 0
0 30631 8 0
0 30631 9 0
0 30631 10 0
0 57197 11 0
0 57197 12 0
0 57197 13 0
0 57197 14 0
0 57197 15 0
0 57197 0 0
0 50194 1 0
0 50194 2 0
0 50194 3 0
0 50194 4 0
0 50194 5 0
0 50194 6 0
0 38166 7 0
0 38166 8 0
0 38166 9 0
0 38166 10 0
0 38166 11 0
0 38166 12 0
0 51903 13 0
0 51903 14 0
0 51903 15 0
0 51903 0 0
0 51903 1 0
0 51903 2 0
0 31830 3 0
0 31830 4 0
0 31830 5 0
0 31830 6 0
0 31830 7 0
0 31830 8 0
0 42382 9 0
0 42382 10 0
0 42382 11 0
0 42382 12 0
0 42382 13 0
0 42382 14 0
0 61376 15 0
0 61376 0 0
0 61376 1 0
0 61376 2 0
0 61376 3 0
0 61376 4 0
0 2748 5 0
0 2748 6 0
0 2748 7 0
0 2748 8 0
0 2748 9 0
0 2748 10 0
0 60688 11 0
0 60688 12 0
0 60688 13 0
0 60688 14 0
0 60688 15 0
0 60688 0 0
0 39704 1 0
0 39704 2 0
0 39704 3 0
0 39704 4 0
0 39704 5 0
0 39704 6 0
0 12588 7 0
0 12588 8 0
0 12588 9 0
0 12588 10 0
0 12588 11 0
0 12588 12 0
0 1605 13 0
0 1605 14 0
0 1605 15 0
0 1605 0 0
0 1605 1 0
0 1605 2 0
0 57726 3 0
0 57726 4 0
0 57726 5 0
0 57726 6 0
0 57726 7 0
0 57726 8 0
0 51601 9 0
0 51601 10 0
0 51601 11 0
0 51601 12 0
0 51601 13 0
0 51601 14 0
0 41881 15 0
0 41881 0 0
0 41881 1 0
0 41881 2 0
0 41881 3 0
0 41881 4 0
0 35034 5 0
0 35034 6 0
0 35034 7 0
0 35034 8 0
0 35034 9 0
0 35034 10 0
0 2643 11 0
0 2643 12 0
0 2643 13 0
0 2643 14 0
0 2643 15 0
0 2643 0 0
0 52477 1 0
0 52477 2 0
0 52477 3 0
0 52477 4 0
0 52477 5 0
0 52477 6 0
0 15743 7 0
0 15743 8 0
0 15743 9 0
0 15743 10 0
0 15743 11 0
0 15743 12 0
0 51258 13 0
0 51258 14 0
0 51258 15 0
0 51258 0 0
0 51258 1 0
0 51258 2 0
0 46648 3 0
0 46648 4 0
0 46648 5 0
0 46648 6 0
0 46648 7 0
0 46648 8 0
0 456 9 0
0 456 10 0
0 456 11 0
0 456 12 0
0 456 13 0
0 456 14 0
0 58048 15 0
0 58048 0 0
0 58048 1 0
0 58048 2 0
0 58048 3 0
0 58048 4 0
0 43434 5 0
0 43434 6 0
0 43434 7 0
0 43434 8 0
0 43434 9 0
0 43434 10 0
0 10498 11 0
0 10498 12 0
0 10498 13 0
0 10498 14 0
0 10498 15 0
0 10498 0 0
0 1017 1 0
0 1017 2 0
0 1017 3 0
0 1017 4 0
0 1017 5 0
0 1017 6 0
0 35348 7 0
0 35348 8 0
0 35348 9 0
0 35348 10 0
0 35348 11 0
0 35348 12 0
0 10300 13 0
0 10300 14 0
0 10300 15 0
0 10300 0 0
0 10300 1 0
0 10300 2 0
0 63652 3 0
0 63652 4 0
0 63652 5 0
0 63652 6 0
0 63652 7 0
0 63652 8 0
0 3574 9 0
0 3574 10 0
0 3574 11 0
0 3574 12 0
0 3574 13 0
0 3574 14 0
0 28679 15 0
0 28679 0 0
0 28679 1 0
0 28679 2 0
0 28679 3 0
0 28679 4 0
0 30578 5 0
0 30578 6 0
0 30578 7 0
0 30578 8 0
0 30578 9 0
0 30578 10 0
0 47360 11 0
0 47360 12 0
0 47360 13 0
0 47360 14 0
0 47360 15 0
0 47360 0 0
0 57774 1 0
0 57774 2 0
0 57774 3 0
0 57774 4 0
0 57774 5 0
0 57774 6 0
0 6967 7 0
0 6967 8 0
0 6967 9 0
0 6967 10 0
0 6967 11 0
0 6967 12 0
0 1781 13 0
0 1781 14 0
0 1781 15 0
0 1781 0 0
0 1781 1 0
0 1781 2 0
0 6403 3 0
0 6403 4 0
0 6403 5 0
0 6403 6 0
0 6403 7 0
0 6403 8 0
0 34416 9 0
0 34416 10 0
0 34416 11 0
0 34416 12 0
0 34416 13 0
0 34416 14 0
0 49662 15 0
0 49662 0 0
0 49662 1 0
0 49662 2 0
0 49662 3 0
0 49662 4 0
0 54119 5 0
0 54119 6 0
0 54119 7 0
0 54119 8 0
0 54119 9 0
0 54119 10 0
0 53088 11 0
0 53088 12 0
0 53088 13 0
0 53088 14 0
0 53088 15 0
0 53088 0 0
0 27566 1 0
0 27566 2 0
0 27566 3 0
0 27566 4 0
0 27566 5 0
0 27566 6 0
0 40144 7 0
0 40144 8 0
0 40144 9 0
0 40144 10 0
0 40144 11 0
0 40144 12 0
0 2540 13 0
0 2540 14 0
0 2540 15 0
0 2540 0 0
0 2540 1 0
0 2540 2 0
0 28883 3 0
0 28883 4 0
0 28883 5 0
0 28883 6 0
0 28883 7 0
0 28883 8 0
0 20490 9 0
0 20490 10 0
0 20490 11 0
0 20490 12 0
0 20490 13 0
0 20490 14 0
0 60755 15 0
0 60755 0 0
0 60755 1 0
0 60755 2 0
0 60755 3 0
0 60755 4 0
0 46565 5 0
0 46565 6 0
0 46565 7 0
0 46565 8 0
0 46565 9 0
0 46565 10 0
0 63183 11 0
0 63183 12 0
0 63183 13 0
0 63183 14 0
0 63183 15 0
0 63183 0 0
0 27095 1 0
0 27095 2 0
0 27095 3 0
0 27095 4 0
0 27095 5 0
0 27095 6 0
0 52410 7 0
0 52410 8 0
0 52410 9 0
0 52410 10 0
0 52410 11 0
0 52410 12 0
0 44181 13 0
0 44181 14 0
0 44181 15 0
0 44181 0 0
0 44181 1 0
0 44181 2 0
0 12297 3 0
0 12297 4 0
0 12297 5 0
0 12297 6 0
0 12297 7 0
0 12297 8 0
0 27366 9 0
0 27366 10 0
0 27366 11 0
0 27366 12 0
0 27366 13 0
0 27366 14 0
0 8186 15 0
0 8186 0 0
0 8186 1 0
0 8186 2 0
0 8186 3 0
0 8186 4 0
0 7449 5 0
0 7449 6 0
0 7449 7 0
0 7449 8 0
0 7449 9 0
0 7449 10 0
0 58953 11 0
0 58953 12 0
0 58953 13 0
0 58953 14 0
0 58953 15 0
0 58953 0 0
0 30065 1 0
0 30065 2 0
0 30065 3 0
0 30065 4 0
0 30065 5 0
0 30065 6 0
0 13220 7 0
0 13220 8 0
0 13220 9 0
0 13220 10 0
0 13220 11 0
0 13220 12 0
0 43954 13 0
0 43954 14 0
0 43954 15 0
0 43954 0 0
0 43954 1 0
0 43954 2 0
0 21894 3 0
0 21894 4 0
0 21894 5 0
0 21894 6 0
0 21894 7 0
0 21894 8 0
0 18433 9 0
0 18433 10 0
0 18433 11 0
0 18433 12 0
0 18433 13 0
0 18433 14 0
0 64007 15 0
0 64007 0 0
0 64007 1 0
0 64007 2 0
0 64007 3 0
0 64007 4 0
0 33048 5 0
0 33048 6 0
0 33048 7 0
0 33048 8 0
0 33048 9 0
0 33048 10 0
0 47194 11 0
0 47194 12 0
0 47194 13 0
0 47194 14 0
0 47194 15 0
0 47194 0 0
0 1563 1 0
0 1563 2 0
0 1563 3 0
0 1563 4 0
0 1563 5 0
0 1563 6 0
0 14927 7 0
0 14927 8 0
0 14927 9 0
0 14927 10 0
0 14927 11 0
0 14927 12 0
0 30956 13 0
0 30956 14 0
0 30956 15 0
0 30956 0 0
0 30956 1 0
0 30956 2 0
0 61147 3 0
0 61147 4 0
0 61147 5 0
0 61147 6 0
0 61147 7 0
0 61147 8 0
0 56902 9 0
0 56902 10 0
0 56902 11 0
0 56902 12 0
0 56902 13 0
0 56902 14 0
0 61421 15 0
0 61421 0 0
0 61421 1 0
0 61421 2 0
0 61421 3 0
0 61421 4 0
0 58027 5 0
0 58027 6 0
0 58027 7 0
0 58027 8 0
0 58027 9 0
0 58027 10 0
0 6058 11 0
0 6058 12 0
0 6058 13 0
0 6058 14 0
0 6058 15 0
0 6058 0 0
0 50328 1 0
0 50328 2 0
0 50328 3 0
0 50328 4 0
0 50328 5 0
0 50328 6 0
0 15945 7 0
0 15945 8 0
0 15945 9 0
0 15945 10 0
0 15945 11 0
0 15945 12 0
0 58715 13 0
0 58715 14 0
0 58715 15 0
0 58715 0 0
0 58715 1 0
0 58715 2 0
0 8709 3 0
0 8709 4 0
0 8709 5 0
0 8709 6 0
0 8709 7 0
0 8709 8 0
0 42925 9 0
0 42925 10 0
0 42925 11 0
0 42925 12 0
0 42925 13 0
0 42925 14 0
0 53724 15 0
0 53724 0 0
0 53724 1 0
0 53724 2 0
0 53724 3 0
0 53724 4 0
0 17879 5 0
0 17879 6 0
0 17879 7 0
0 17879 8 0
0 17879 9 0
0 17879 10 0
0 23544 11 0
0 23544 12 0
0 23544 13 0
0 23544 14 0
0 23544 15 0
0 23544 0 0
0 22427 1 0
0 22427 2 0
0 22427 3 0
0 22427 4 0
0 22427 5 0
0 22427 6 0
0 45222 7 0
0 45222 8 0
0 45222 9 0
0 45222 10 0
0 45222 11 0
0 45222 12 0
0 56929 13 0
0 56929 14 0
0 56929 15 0
