0 0 0 0
0 0 1 0
0 0 2 0
0 0 3 0
0 0 4 0
0 6177 5 0
0 6177 6 0
0 6177 7 0
0 6177 8 0
0 6177 9 0
0 6177 10 0
0 44428 11 0
0 44428 12 0
0 44428 13 0
0 44428 14 0
0 44428 15 0
0 44428 0 0
0 24594 1 0
0 24594 2 0
0 24594 3 0
0 24594 4 0
0 24594 5 0
0 24594 6 0
0 42998 7 0
0 42998 8 0
0 42998 9 0
0 42998 10 0
0 42998 11 0
0 42998 12 0
0 24012 13 0
0 24012 14 0
0 24012 15 0
0 24012 0 0
0 24012 1 0
0 24012 2 0
0 56890 3 0
0 56890 4 0
0 56890 5 0
0 56890 6 0
0 56890 7 0
0 56890 8 0
0 19942 9 0
0 19942 10 0
0 19942 11 0
0 19942 12 0
0 19942 13 0
0 19942 14 0
0 64676 15 0
0 64676 0 0
0 64676 1 0
0 64676 2 0
0 64676 3 0
0 64676 4 0
0 27967 5 0
0 27967 6 0
0 27967 7 0
0 27967 8 0
0 27967 9 0
0 27967 10 0
0 57852 11 0
0 57852 12 0
0 57852 13 0
0 57852 14 0
0 57852 15 0
0 57852 0 0
0 4313 1 0
0 4313 2 0
0 4313 3 0
0 4313 4 0
0 4313 5 0
0 4313 6 0
0 31846 7 0
0 31846 8 0
0 31846 9 0
0 31846 10 0
0 31846 11 0
0 31846 12 0
0 63931 13 0
0 63931 14 0
0 63931 15 0
0 63931 0 0
0 63931 1 0
0 63931 2 0
0 41639 3 0
0 41639 4 0
0 41639 5 0
0 41639 6 0
0 41639 7 0
0 41639 8 0
0 25741 9 0
0 25741 10 0
0 25741 11 0
0 25741 12 0
0 25741 13 0
0 25741 14 0
0 67 15 0
0 67 0 0
0 67 1 0
0 67 2 0
0 67 3 0
0 67 4 0
0 5707 5 0
0 5707 6 0
0 5707 7 0
0 5707 8 0
0 5707 9 0
0 5707 10 0
0 8161 11 0
0 8161 12 0
0 8161 13 0
0 8161 14 0
0 8161 15 0
0 8161 0 0
0 17585 1 0
0 17585 2 0
0 17585 3 0
0 17585 4 0
0 17585 5 0
0 17585 6 0
0 31830 7 0
0 31830 8 0
0 31830 9 0
0 31830 10 0
0 31830 11 0
0 31830 12 0
0 58093 13 0
0 58093 14 0
0 58093 15 0
0 58093 0 0
0 58093 1 0
0 58093 2 0
0 29359 3 0
0 29359 4 0
0 29359 5 0
0 29359 6 0
0 29359 7 0
0 29359 8 0
0 14293 9 0
0 14293 10 0
0 14293 11 0
0 14293 12 0
0 14293 13 0
0 14293 14 0
0 55774 15 0
0 55774 0 0
0 55774 1 0
0 55774 2 0
0 55774 3 0
0 55774 4 0
0 37538 5 0
0 37538 6 0
0 37538 7 0
0 37538 8 0
0 37538 9 0
0 37538 10 0
0 44321 11 0
0 44321 12 0
0 44321 13 0
0 44321 14 0
0 44321 15 0
0 44321 0 0
0 64674 1 0
0 64674 2 0
0 64674 3 0
0 64674 4 0
0 64674 5 0
0 64674 6 0
0 25184 7 0
0 25184 8 0
0 25184 9 0
0 25184 10 0
0 25184 11 0
0 25184 12 0
0 21392 13 0
0 21392 14 0
0 21392 15 0
0 21392 0 0
0 21392 1 0
0 21392 2 0
0 48842 3 0
0 48842 4 0
0 48842 5 0
0 48842 6 0
0 48842 7 0
0 48842 8 0
0 46731 9 0
0 46731 10 0
0 46731 11 0
0 46731 12 0
0 46731 13 0
0 46731 14 0
0 57428 15 0
0 57428 0 0
0 57428 1 0
0 57428 2 0
0 57428 3 0
0 57428 4 0
0 51225 5 0
0 51225 6 0
0 51225 7 0
0 51225 8 0
0 51225 9 0
0 51225 10 0
0 57527 11 0
0 57527 12 0
0 57527 13 0
0 57527 14 0
0 57527 15 0
0 57527 0 0
0 41618 1 0
0 41618 2 0
0 41618 3 0
0 41618 4 0
0 41618 5 0
0 41618 6 0
0 61416 7 0
0 61416 8 0
0 61416 9 0
0 61416 10 0
0 61416 11 0
0 61416 12 0
0 8824 13 0
0 8824 14 0
0 8824 15 0
0 8824 0 0
0 8824 1 0
0 8824 2 0
0 19213 3 0
0 19213 4 0
0 19213 5 0
0 19213 6 0
0 19213 7 0
0 19213 8 0
0 28806 9 0
0 28806 10 0
0 28806 11 0
0 28806 12 0
0 28806 13 0
0 28806 14 0
0 14850 15 0
0 14850 0 0
0 14850 1 0
0 14850 2 0
0 14850 3 0
0 14850 4 0
0 20417 5 0
0 20417 6 0
0 20417 7 0
0 20417 8 0
0 20417 9 0
0 20417 10 0
0 51649 11 0
0 51649 12 0
0 51649 13 0
0 51649 14 0
0 51649 15 0
0 51649 0 0
0 60801 1 0
0 60801 2 0
0 60801 3 0
0 60801 4 0
0 60801 5 0
0 60801 6 0
0 27527 7 0
0 27527 8 0
0 27527 9 0
0 27527 10 0
0 27527 11 0
0 27527 12 0
0 48218 13 0
0 48218 14 0
0 48218 15 0
0 48218 0 0
0 48218 1 0
0 48218 2 0
0 6108 3 0
0 6108 4 0
0 6108 5 0
0 6108 6 0
0 6108 7 0
0 6108 8 0
0 2788 9 0
0 2788 10 0
0 2788 11 0
0 2788 12 0
0 2788 13 0
0 2788 14 0
0 53233 15 0
0 53233 0 0
0 53233 1 0
0 53233 2 0
0 53233 3 0
0 53233 4 0
0 27174 5 0
0 27174 6 0
0 27174 7 0
0 27174 8 0
0 27174 9 0
0 27174 10 0
0 11477 11 0
0 11477 12 0
0 11477 13 0
0 11477 14 0
0 11477 15 0
0 11477 0 0
0 54045 1 0
0 54045 2 0
0 54045 3 0
0 54045 4 0
0 54045 5 0
0 54045 6 0
0 53922 7 0
0 53922 8 0
0 53922 9 0
0 53922 10 0
0 53922 11 0
0 53922 12 0
0 27586 13 0
0 27586 14 0
0 27586 15 0
0 27586 0 0
0 27586 1 0
0 27586 2 0
0 542 3 0
0 542 4 0
0 542 5 0
0 542 6 0
0 542 7 0
0 542 8 0
0 17875 9 0
0 17875 10 0
0 17875 11 0
0 17875 12 0
0 17875 13 0
0 17875 14 0
0 64187 15 0
0 64187 0 0
0 64187 1 0
0 64187 2 0
0 64187 3 0
0 64187 4 0
0 40452 5 0
0 40452 6 0
0 40452 7 0
0 40452 8 0
0 40452 9 0
0 40452 10 0
0 49826 11 0
0 49826 12 0
0 49826 13 0
0 49826 14 0
0 49826 15 0
0 49826 0 0
0 8656 1 0
0 8656 2 0
0 8656 3 0
0 8656 4 0
0 8656 5 0
0 8656 6 0
0 10260 7 0
0 10260 8 0
0 10260 9 0
0 10260 10 0
0 10260 11 0
0 10260 12 0
0 64584 13 0
0 64584 14 0
0 64584 15 0
0 64584 0 0
0 64584 1 0
0 64584 2 0
0 2004 3 0
0 2004 4 0
0 2004 5 0
0 2004 6 0
0 2004 7 0
0 2004 8 0
0 26732 9 0
0 26732 10 0
0 26732 11 0
0 26732 12 0
0 26732 13 0
0 26732 14 0
0 54964 15 0
0 54964 0 0
0 54964 1 0
0 54964 2 0
0 54964 3 0
0 54964 4 0
0 47187 5 0
0 47187 6 0
0 47187 7 0
0 47187 8 0
0 47187 9 0
0 47187 10 0
0 40905 11 0
0 40905 12 0
0 40905 13 0
0 40905 14 0
0 40905 15 0
0 40905 0 0
0 10972 1 0
0 10972 2 0
0 10972 3 0
0 10972 4 0
0 10972 5 0
0 10972 6 0
0 3045 7 0
0 3045 8 0
0 3045 9 0
0 3045 10 0
0 3045 11 0
0 3045 12 0
0 31342 13 0
0 31342 14 0
0 31342 15 0
0 31342 0 0
0 31342 1 0
0 31342 2 0
0 3655 3 0
0 3655 4 0
0 3655 5 0
0 3655 6 0
0 3655 7 0
0 3655 8 0
0 48170 9 0
0 48170 10 0
0 48170 11 0
0 48170 12 0
0 48170 13 0
0 48170 14 0
0 20103 15 0
0 20103 0 0
0 20103 1 0
0 20103 2 0
0 20103 3 0
0 20103 4 0
0 61047 5 0
0 61047 6 0
0 61047 7 0
0 61047 8 0
0 61047 9 0
0 61047 10 0
0 33868 11 0
0 33868 12 0
0 33868 13 0
0 33868 14 0
0 33868 15 0
0 33868 0 0
0 14442 1 0
0 14442 2 0
0 14442 3 0
0 14442 4 0
0 14442 5 0
0 14442 6 0
0 58609 7 0
0 58609 8 0
0 58609 9 0
0 58609 10 0
0 58609 11 0
0 58609 12 0
0 36497 13 0
0 36497 14 0
0 36497 15 0
0 36497 0 0
0 36497 1 0
0 36497 2 0
0 28774 3 0
0 28774 4 0
0 28774 5 0
0 28774 6 0
0 28774 7 0
0 28774 8 0
0 50163 9 0
0 50163 10 0
0 50163 11 0
0 50163 12 0
0 50163 13 0
0 50163 14 0
0 50339 15 0
0 50339 0 0
0 50339 1 0
0 50339 2 0
0 50339 3 0
0 50339 4 0
0 44534 5 0
0 44534 6 0
0 44534 7 0
0 44534 8 0
0 44534 9 0
0 44534 10 0
0 29924 11 0
0 29924 12 0
0 29924 13 0
0 29924 14 0
0 29924 15 0
0 29924 0 0
0 34587 1 0
0 34587 2 0
0 34587 3 0
0 34587 4 0
0 34587 5 0
0 34587 6 0
0 11662 7 0
0 11662 8 0
0 11662 9 0
0 11662 10 0
0 11662 11 0
0 11662 12 0
0 5768 13 0
0 5768 14 0
0 5768 15 0
0 5768 0 0
0 5768 1 0
0 5768 2 0
0 20288 3 0
0 20288 4 0
0 20288 5 0
0 20288 6 0
0 20288 7 0
0 20288 8 0
0 41357 9 0
0 41357 10 0
0 41357 11 0
0 41357 12 0
0 41357 13 0
0 41357 14 0
0 63575 15 0
0 63575 0 0
0 63575 1 0
0 63575 2 0
0 63575 3 0
0 63575 4 0
0 8296 5 0
0 8296 6 0
0 8296 7 0
0 8296 8 0
0 8296 9 0
0 8296 10 0
0 62841 11 0
0 62841 12 0
0 62841 13 0
0 62841 14 0
0 62841 15 0
0 62841 0 0
0 56976 1 0
0 56976 2 0
0 56976 3 0
0 56976 4 0
0 56976 5 0
0 56976 6 0
0 41869 7 0
0 41869 8 0
0 41869 9 0
0 41869 10 0
0 41869 11 0
0 41869 12 0
0 50532 13 0
0 50532 14 0
0 50532 15 0
0 50532 0 0
0 50532 1 0
0 50532 2 0
0 3183 3 0
0 3183 4 0
0 3183 5 0
0 3183 6 0
0 3183 7 0
0 3183 8 0
0 15282 9 0
0 15282 10 0
0 15282 11 0
0 15282 12 0
0 15282 13 0
0 15282 14 0
0 56917 15 0
0 56917 0 0
0 56917 1 0
0 56917 2 0
0 56917 3 0
0 56917 4 0
0 17508 5 0
0 17508 6 0
0 17508 7 0
0 17508 8 0
0 17508 9 0
0 17508 10 0
0 18578 11 0
0 18578 12 0
0 18578 13 0
0 18578 14 0
0 18578 15 0
0 18578 0 0
0 4079 1 0
0 4079 2 0
0 4079 3 0
0 4079 4 0
0 4079 5 0
0 4079 6 0
0 15585 7 0
0 15585 8 0
0 15585 9 0
0 15585 10 0
0 15585 11 0
0 15585 12 0
0 56330 13 0
0 56330 14 0
0 56330 15 0
0 56330 0 0
0 56330 1 0
0 56330 2 0
0 32490 3 0
0 32490 4 0
0 32490 5 0
0 32490 6 0
0 32490 7 0
0 32490 8 0
0 4166 9 0
0 4166 10 0
0 4166 11 0
0 4166 12 0
0 4166 13 0
0 4166 14 0
0 35650 15 0
0 35650 0 0
0 35650 1 0
0 35650 2 0
0 35650 3 0
0 35650 4 0
0 34624 5 0
0 34624 6 0
0 34624 7 0
0 34624 8 0
0 34624 9 0
0 34624 10 0
0 50370 11 0
0 50370 12 0
0 50370 13 0
0 50370 14 0
0 50370 15 0
0 50370 0 0
0 15129 1 0
0 15129 2 0
0 15129 3 0
0 15129 4 0
0 15129 5 0
0 15129 6 0
0 45065 7 0
0 45065 8 0
0 45065 9 0
0 45065 10 0
0 45065 11 0
0 45065 12 0
0 38224 13 0
0 38224 14 0
0 38224 15 0
0 38224 0 0
0 38224 1 0
0 38224 2 0
0 48986 3 0
0 48986 4 0
0 48986 5 0
0 48986 6 0
0 48986 7 0
0 48986 8 0
0 24843 9 0
0 24843 10 0
0 24843 11 0
0 24843 12 0
0 24843 13 0
0 24843 14 0
0 7812 15 0
0 7812 0 0
0 7812 1 0
0 7812 2 0
0 7812 3 0
0 7812 4 0
0 44400 5 0
0 44400 6 0
0 44400 7 0
0 44400 8 0
0 44400 9 0
0 44400 10 0
0 1828 11 0
0 1828 12 0
0 1828 13 0
0 1828 14 0
0 1828 15 0
0 1828 0 0
0 21158 1 0
0 21158 2 0
0 21158 3 0
0 21158 4 0
0 21158 5 0
0 21158 6 0
0 64940 7 0
0 64940 8 0
0 64940 9 0
0 64940 10 0
0 64940 11 0
0 64940 12 0
0 2877 13 0
0 2877 14 0
0 2877 15 0
0 2877 0 0
0 2877 1 0
0 2877 2 0
0 33797 3 0
0 33797 4 0
0 33797 5 0
0 33797 6 0
0 33797 7 0
0 33797 8 0
0 43460 9 0
0 43460 10 0
0 43460 11 0
0 43460 12 0
0 43460 13 0
0 43460 14 0
0 18044 15 0
0 18044 0 0
0 18044 1 0
0 18044 2 0
0 18044 3 0
0 18044 4 0
0 45094 5 0
0 45094 6 0
0 45094 7 0
0 45094 8 0
0 45094 9 0
0 45094 10 0
0 13018 11 0
0 13018 12 0
0 13018 13 0
0 13018 14 0
0 13018 15 0
0 13018 0 0
0 54742 1 0
0 54742 2 0
0 54742 3 0
0 54742 4 0
0 54742 5 0
0 54742 6 0
0 8868 7 0
0 8868 8 0
0 8868 9 0
0 8868 10 0
0 8868 11 0
0 8868 12 0
0 32967 13 0
0 32967 14 0
0 32967 15 0
0 32967 0 0
0 32967 1 0
0 32967 2 0
0 13656 3 0
0 13656 4 0
0 13656 5 0
0 13656 6 0
0 13656 7 0
0 13656 8 0
0 9841 9 0
0 9841 10 0
0 9841 11 0
0 9841 12 0
0 9841 13 0
0 9841 14 0
0 16811 15 0
0 16811 0 0
0 16811 1 0
0 16811 2 0
0 16811 3 0
0 16811 4 0
0 63605 5 0
0 63605 6 0
0 63605 7 0
0 63605 8 0
0 63605 9 0
0 63605 10 0
0 4542 11 0
0 4542 12 0
0 4542 13 0
0 4542 14 0
0 4542 15 0
0 4542 0 0
0 29280 1 0
0 29280 2 0
0 29280 3 0
0 29280 4 0
0 29280 5 0
0 29280 6 0
0 45524 7 0
0 45524 8 0
0 45524 9 0
0 45524 10 0
0 45524 11 0
0 45524 12 0
0 12689 13 0
0 12689 14 0
0 12689 15 0
0 12689 0 0
0 12689 1 0
0 12689 2 0
0 28438 3 0
0 28438 4 0
0 28438 5 0
0 28438 6 0
0 28438 7 0
0 28438 8 0
0 23224 9 0
0 23224 10 0
0 23224 11 0
0 23224 12 0
0 23224 13 0
0 23224 14 0
0 30166 15 0
0 30166 0 0
0 30166 1 0
0 30166 2 0
0 30166 3 0
0 30166 4 0
0 52302 5 0
0 52302 6 0
0 52302 7 0
0 52302 8 0
0 52302 9 0
0 52302 10 0
0 26398 11 0
0 26398 12 0
0 26398 13 0
0 26398 14 0
0 26398 15 0
0 26398 0 0
0 57538 1 0
0 57538 2 0
0 57538 3 0
0 57538 4 0
0 57538 5 0
0 57538 6 0
0 45667 7 0
0 45667 8 0
0 45667 9 0
0 45667 10 0
0 45667 11 0
0 45667 12 0
0 20704 13 0
0 20704 14 0
0 20704 15 0
0 20704 0 0
0 20704 1 0
0 20704 2 0
0 35281 3 0
0 35281 4 0
0 35281 5 0
0 35281 6 0
0 35281 7 0
0 35281 8 0
0 45683 9 0
0 45683 10 0
0 45683 11 0
0 45683 12 0
0 45683 13 0
0 45683 14 0
0 26318 15 0
0 26318 0 0
0 26318 1 0
0 26318 2 0
0 26318 3 0
0 26318 4 0
0 28320 5 0
0 28320 6 0
0 28320 7 0
0 28320 8 0
0 28320 9 0
0 28320 10 0
0 61044 11 0
0 61044 12 0
0 61044 13 0
0 61044 14 0
0 61044 15 0
0 61044 0 0
0 41121 1 0
0 41121 2 0
0 41121 3 0
0 41121 4 0
0 41121 5 0
0 41121 6 0
0 16838 7 0
0 16838 8 0
0 16838 9 0
0 16838 10 0
0 16838 11 0
0 16838 12 0
0 36283 13 0
0 36283 14 0
0 36283 15 0
0 36283 0 0
0 36283 1 0
0 36283 2 0
0 59 3 0
0 59 4 0
0 59 5 0
0 59 6 0
0 59 7 0
0 59 8 0
0 10915 9 0
0 10915 10 0
0 10915 11 0
0 10915 12 0
0 10915 13 0
0 10915 14 0
0 43002 15 0
0 43002 0 0
0 43002 1 0
0 43002 2 0
0 43002 3 0
0 43002 4 0
0 40417 5 0
0 40417 6 0
0 40417 7 0
0 40417 8 0
0 40417 9 0
0 40417 10 0
0 42371 11 0
0 42371 12 0
0 42371 13 0
0 42371 14 0
0 42371 15 0
0 42371 0 0
0 4601 1 0
0 4601 2 0
0 4601 3 0
0 4601 4 0
0 4601 5 0
0 4601 6 0
0 11084 7 0
0 11084 8 0
0 11084 9 0
0 11084 10 0
0 11084 11 0
0 11084 12 0
0 1850 13 0
0 1850 14 0
0 1850 15 0
0 1850 0 0
0 1850 1 0
0 1850 2 0
0 38326 3 0
0 38326 4 0
0 38326 5 0
0 38326 6 0
0 38326 7 0
0 38326 8 0
0 15028 9 0
0 15028 10 0
0 15028 11 0
0 15028 12 0
0 15028 13 0
0 15028 14 0
0 21821 15 0
0 21821 0 0
0 21821 1 0
0 21821 2 0
0 21821 3 0
0 21821 4 0
0 36084 5 0
0 36084 6 0
0 36084 7 0
0 36084 8 0
0 36084 9 0
0 36084 10 0
0 26399 11 0
0 26399 12 0
0 26399 13 0
0 26399 14 0
0 26399 15 0
0 26399 0 0
0 45396 1 0
0 45396 2 0
0 45396 3 0
0 45396 4 0
0 45396 5 0
0 45396 6 0
0 58863 7 0
0 58863 8 0
0 58863 9 0
0 58863 10 0
0 58863 11 0
0 58863 12 0
0 11653 13 0
0 11653 14 0
0 11653 15 0
0 11653 0 0
0 11653 1 0
0 11653 2 0
0 54344 3 0
0 54344 4 0
0 54344 5 0
0 54344 6 0
0 54344 7 0
0 54344 8 0
0 53631 9 0
0 53631 10 0
0 53631 11 0
0 53631 12 0
0 53631 13 0
0 53631 14 0
0 16083 15 0
0 16083 0 0
0 16083 1 0
0 16083 2 0
0 16083 3 0
0 16083 4 0
0 10534 5 0
0 10534 6 0
0 10534 7 0
0 10534 8 0
0 10534 9 0
0 10534 10 0
0 60680 11 0
0 60680 12 0
0 60680 13 0
0 60680 14 0
0 60680 15 0
0 60680 0 0
0 42484 1 0
0 42484 2 0
0 42484 3 0
0 42484 4 0
0 42484 5 0
0 42484 6 0
0 22824 7 0
0 22824 8 0
0 22824 9 0
0 22824 10 0
0 22824 11 0
0 22824 12 0
0 38871 13 0
0 38871 14 0
0 38871 15 0
0 38871 0 0
0 38871 1 0
0 38871 2 0
0 31593 3 0
0 31593 4 0
0 31593 5 0
0 31593 6 0
0 31593 7 0
0 31593 8 0
0 57272 9 0
0 57272 10 0
0 57272 11 0
0 57272 12 0
0 57272 13 0
0 57272 14 0
0 37582 15 0
0 37582 0 0
0 37582 1 0
0 37582 2 0
0 37582 3 0
0 37582 4 0
0 4108 5 0
0 4108 6 0
0 4108 7 0
0 4108 8 0
0 4108 9 0
0 4108 10 0
0 3002 11 0
0 3002 12 0
0 3002 13 0
0 3002 14 0
0 3002 15 0
0 3002 0 0
0 1077 1 0
0 1077 2 0
0 1077 3 0
0 1077 4 0
0 1077 5 0
0 1077 6 0
0 35296 7 0
0 35296 8 0
0 35296 9 0
0 35296 10 0
0 35296 11 0
0 35296 12 0
0 9984 13 0
0 9984 14 0
0 9984 15 0
0 9984 0 0
0 9984 1 0
0 9984 2 0
0 41040 3 0
0 41040 4 0
0 41040 5 0
0 41040 6 0
0 41040 7 0
0 41040 8 0
0 41539 9 0
0 41539 10 0
0 41539 11 0
0 41539 12 0
0 41539 13 0
0 41539 14 0
0 37674 15 0
0 37674 0 0
0 37674 1 0
0 37674 2 0
0 37674 3 0
0 37674 4 0
0 6348 5 0
0 6348 6 0
0 6348 7 0
0 6348 8 0
0 6348 9 0
0 6348 10 0
0 32612 11 0
0 32612 12 0
0 32612 13 0
0 32612 14 0
0 32612 15 0
0 32612 0 0
0 18352 1 0
0 18352 2 0
0 18352 3 0
0 18352 4 0
0 18352 5 0
0 18352 6 0
0 34022 7 0
0 34022 8 0
0 34022 9 0
0 34022 10 0
0 34022 11 0
0 34022 12 0
0 7351 13 0
0 7351 14 0
0 7351 15 0
0 7351 0 0
0 7351 1 0
0 7351 2 0
0 50936 3 0
0 50936 4 0
0 50936 5 0
0 50936 6 0
0 50936 7 0
0 50936 8 0
0 54866 9 0
0 54866 10 0
0 54866 11 0
0 54866 12 0
0 54866 13 0
0 54866 14 0
0 36814 15 0
0 36814 0 0
0 36814 1 0
0 36814 2 0
0 36814 3 0
0 36814 4 0
0 29548 5 0
0 29548 6 0
0 29548 7 0
0 29548 8 0
0 29548 9 0
0 29548 10 0
0 33222 11 0
0 33222 12 0
0 33222 13 0
0 33222 14 0
0 33222 15 0
0 33222 0 0
0 40992 1 0
0 40992 2 0
0 40992 3 0
0 40992 4 0
0 40992 5 0
0 40992 6 0
0 64159 7 0
0 64159 8 0
0 64159 9 0
0 64159 10 0
0 64159 11 0
0 64159 12 0
0 58826 13 0
0 58826 14 0
0 58826 15 0
0 58826 0 0
0 58826 1 0
0 58826 2 0
0 16106 3 0
0 16106 4 0
0 16106 5 0
0 16106 6 0
0 16106 7 0
0 16106 8 0
0 55529 9 0
0 55529 10 0
0 55529 11 0
0 55529 12 0
0 55529 13 0
0 55529 14 0
0 49082 15 0
0 49082 0 0
0 49082 1 0
0 49082 2 0
0 49082 3 0
0 49082 4 0
0 22221 5 0
0 22221 6 0
0 22221 7 0
0 22221 8 0
0 22221 9 0
0 22221 10 0
0 6721 11 0
0 6721 12 0
0 6721 13 0
0 6721 14 0
0 6721 15 0
0 6721 0 0
0 30279 1 0
0 30279 2 0
0 30279 3 0
0 30279 4 0
0 30279 5 0
0 30279 6 0
0 62563 7 0
0 62563 8 0
0 62563 9 0
0 62563 10 0
0 62563 11 0
0 62563 12 0
0 50292 13 0
0 50292 14 0
0 50292 15 0
0 50292 0 0
0 50292 1 0
0 50292 2 0
0 4011 3 0
0 4011 4 0
0 4011 5 0
0 4011 6 0
0 4011 7 0
0 4011 8 0
0 31259 9 0
0 31259 10 0
0 31259 11 0
0 31259 12 0
0 31259 13 0
0 31259 14 0
0 10630 15 0
0 10630 0 0
0 10630 1 0
0 10630 2 0
0 10630 3 0
0 10630 4 0
0 40409 5 0
0 40409 6 0
0 40409 7 0
0 40409 8 0
0 40409 9 0
0 40409 10 0
0 12900 11 0
0 12900 12 0
0 12900 13 0
0 12900 14 0
0 12900 15 0
0 12900 0 0
0 23936 1 0
0 23936 2 0
0 23936 3 0
0 23936 4 0
0 23936 5 0
0 23936 6 0
0 16866 7 0
0 16866 8 0
0 16866 9 0
0 16866 10 0
0 16866 11 0
0 16866 12 0
0 57366 13 0
0 57366 14 0
0 57366 15 0
0 57366 0 0
0 57366 1 0
0 57366 2 0
0 1991 3 0
0 1991 4 0
0 1991 5 0
0 1991 6 0
0 1991 7 0
0 1991 8 0
0 47470 9 0
0 47470 10 0
0 47470 11 0
0 47470 12 0
0 47470 13 0
0 47470 14 0
0 54251 15 0
0 54251 0 0
0 54251 1 0
0 54251 2 0
0 54251 3 0
0 54251 4 0
0 16326 5 0
0 16326 6 0
0 16326 7 0
0 16326 8 0
0 16326 9 0
0 16326 10 0
0 32313 11 0
0 32313 12 0
0 32313 13 0
0 32313 14 0
0 32313 15 0
0 32313 0 0
0 65514 1 0
0 65514 2 0
0 65514 3 0
0 65514 4 0
0 65514 5 0
0 65514 6 0
0 36921 7 0
0 36921 8 0
0 36921 9 0
0 36921 10 0
0 36921 11 0
0 36921 12 0
0 35199 13 0
0 35199 14 0
0 35199 15 0
0 35199 0 0
0 35199 1 0
0 35199 2 0
0 52981 3 0
0 52981 4 0
0 52981 5 0
0 52981 6 0
0 52981 7 0
0 52981 8 0
0 56558 9 0
0 56558 10 0
0 56558 11 0
0 56558 12 0
0 56558 13 0
0 56558 14 0
0 61698 15 0
0 61698 0 0
0 61698 1 0
0 61698 2 0
0 61698 3 0
0 61698 4 0
0 7648 5 0
0 7648 6 0
0 7648 7 0
0 7648 8 0
0 7648 9 0
0 7648 10 0
0 21526 11 0
0 21526 12 0
0 21526 13 0
0 21526 14 0
0 21526 15 0
0 21526 0 0
0 46832 1 0
0 46832 2 0
0 46832 3 0
0 46832 4 0
0 46832 5 0
0 46832 6 0
0 26537 7 0
0 26537 8 0
0 26537 9 0
0 26537 10 0
0 26537 11 0
0 26537 12 0
0 32665 13 0
0 32665 14 0
0 32665 15 0
0 32665 0 0
0 32665 1 0
0 32665 2 0
0 19811 3 0
0 19811 4 0
0 19811 5 0
0 19811 6 0
0 19811 7 0
0 19811 8 0
0 29007 9 0
0 29007 10 0
0 29007 11 0
0 29007 12 0
0 29007 13 0
0 29007 14 0
0 39431 15 0
0 39431 0 0
0 39431 1 0
0 39431 2 0
0 39431 3 0
0 39431 4 0
0 19044 5 0
0 19044 6 0
0 19044 7 0
0 19044 8 0
0 19044 9 0
0 19044 10 0
0 24416 11 0
0 24416 12 0
0 24416 13 0
0 24416 14 0
0 24416 15 0
0 24416 0 0
0 32820 1 0
0 32820 2 0
0 32820 3 0
0 32820 4 0
0 32820 5 0
0 32820 6 0
0 3571 7 0
0 3571 8 0
0 3571 9 0
0 3571 10 0
0 3571 11 0
0 3571 12 0
0 23756 13 0
0 23756 14 0
0 23756 15 0
0 23756 0 0
0 23756 1 0
0 23756 2 0
0 30491 3 0
0 30491 4 0
0 30491 5 0
0 30491 6 0
0 30491 7 0
0 30491 8 0
0 54705 9 0
0 54705 10 0
0 54705 11 0
0 54705 12 0
0 54705 13 0
0 54705 14 0
0 20557 15 0
0 20557 0 0
0 20557 1 0
0 20557 2 0
0 20557 3 0
0 20557 4 0
0 31896 5 0
0 31896 6 0
0 31896 7 0
0 31896 8 0
0 31896 9 0
0 31896 10 0
0 16884 11 0
0 16884 12 0
0 16884 13 0
0 16884 14 0
0 16884 15 0
0 16884 0 0
0 22020 1 0
0 22020 2 0
0 22020 3 0
0 22020 4 0
0 22020 5 0
0 22020 6 0
0 32499 7 0
0 32499 8 0
0 32499 9 0
0 32499 10 0
0 32499 11 0
0 32499 12 0
0 39241 13 0
0 39241 14 0
0 39241 15 0
0 39241 0 0
0 39241 1 0
0 39241 2 0
0 2757 3 0
0 2757 4 0
0 2757 5 0
0 2757 6 0
0 2757 7 0
0 2757 8 0
0 60408 9 0
0 60408 10 0
0 60408 11 0
0 60408 12 0
0 60408 13 0
0 60408 14 0
0 26186 15 0
0 26186 0 0
0 26186 1 0
0 26186 2 0
0 26186 3 0
0 26186 4 0
0 8174 5 0
0 8174 6 0
0 8174 7 0
0 8174 8 0
0 8174 9 0
0 8174 10 0
0 54007 11 0
0 54007 12 0
0 54007 13 0
0 54007 14 0
0 54007 15 0
0 54007 0 0
0 21995 1 0
0 21995 2 0
0 21995 3 0
0 21995 4 0
0 21995 5 0
0 21995 6 0
0 49940 7 0
0 49940 8 0
0 49940 9 0
0 49940 10 0
0 49940 11 0
0 49940 12 0
0 50843 13 0
0 50843 14 0
0 50843 15 0
0 50843 0 0
0 50843 1 0
0 50843 2 0
0 27851 3 0
0 27851 4 0
0 27851 5 0
0 27851 6 0
0 27851 7 0
0 27851 8 0
0 50437 9 0
0 50437 10 0
0 50437 11 0
0 50437 12 0
0 50437 13 0
0 50437 14 0
0 64642 15 0
0 64642 0 0
0 64642 1 0
0 64642 2 0
0 64642 3 0
0 64642 4 0
0 13505 5 0
0 13505 6 0
0 13505 7 0
0 13505 8 0
0 13505 9 0
0 13505 10 0
0 16616 11 0
0 16616 12 0
0 16616 13 0
0 16616 14 0
0 16616 15 0
0 16616 0 0
0 11267 1 0
0 11267 2 0
0 11267 3 0
0 11267 4 0
0 11267 5 0
0 11267 6 0
0 1527 7 0
0 1527 8 0
0 1527 9 0
0 1527 10 0
0 1527 11 0
0 1527 12 0
0 10714 13 0
0 10714 14 0
0 10714 15 0
0 10714 0 0
0 10714 1 0
0 10714 2 0
0 1382 3 0
0 1382 4 0
0 1382 5 0
0 1382 6 0
0 1382 7 0
0 1382 8 0
0 31854 9 0
0 31854 10 0
0 31854 11 0
0 31854 12 0
0 31854 13 0
0 31854 14 0
0 51887 15 0
0 51887 0 0
0 51887 1 0
0 51887 2 0
0 51887 3 0
0 51887 4 0
0 59032 5 0
0 59032 6 0
0 59032 7 0
0 59032 8 0
0 59032 9 0
0 59032 10 0
0 36148 11 0
0 36148 12 0
0 36148 13 0
0 36148 14 0
0 36148 15 0
0 36148 0 0
0 54060 1 0
0 54060 2 0
0 54060 3 0
0 54060 4 0
0 54060 5 0
0 54060 6 0
0 45258 7 0
0 45258 8 0
0 45258 9 0
0 45258 10 0
0 45258 11 0
0 45258 12 0
0 51943 13 0
0 51943 14 0
0 51943 15 0
0 51943 0 0
0 51943 1 0
0 51943 2 0
0 33849 3 0
0 33849 4 0
0 33849 5 0
0 33849 6 0
0 33849 7 0
0 33849 8 0
0 10044 9 0
0 10044 10 0
0 10044 11 0
0 10044 12 0
0 10044 13 0
0 10044 14 0
0 20672 15 0
0 20672 0 0
0 20672 1 0
0 20672 2 0
0 20672 3 0
0 20672 4 0
0 31807 5 0
0 31807 6 0
0 31807 7 0
0 31807 8 0
0 31807 9 0
0 31807 10 0
0 27511 11 0
0 27511 12 0
0 27511 13 0
0 27511 14 0
0 27511 15 0
0 27511 0 0
0 5943 1 0
0 5943 2 0
0 5943 3 0
0 5943 4 0
0 5943 5 0
0 5943 6 0
0 7033 7 0
0 7033 8 0
0 7033 9 0
0 7033 10 0
0 7033 11 0
0 7033 12 0
0 8786 13 0
0 8786 14 0
0 8786 15 0
0 8786 0 0
0 8786 1 0
0 8786 2 0
0 58491 3 0
0 58491 4 0
0 58491 5 0
0 58491 6 0
0 58491 7 0
0 58491 8 0
0 32635 9 0
0 32635 10 0
0 32635 11 0
0 32635 12 0
0 32635 13 0
0 32635 14 0
0 59062 15 0
0 59062 0 0
0 59062 1 0
0 59062 2 0
0 59062 3 0
0 59062 4 0
0 17627 5 0
0 17627 6 0
0 17627 7 0
0 17627 8 0
0 17627 9 0
0 17627 10 0
0 37900 11 0
0 37900 12 0
0 37900 13 0
0 37900 14 0
0 37900 15 0
0 37900 0 0
0 1768 1 0
0 1768 2 0
0 1768 3 0
0 1768 4 0
0 1768 5 0
0 1768 6 0
0 19364 7 0
0 19364 8 0
0 19364 9 0
0 19364 10 0
0 19364 11 0
0 19364 12 0
0 46032 13 0
0 46032 14 0
0 46032 15 0
0 46032 0 0
0 46032 1 0
0 46032 2 0
0 46921 3 0
0 46921 4 0
0 46921 5 0
0 46921 6 0
0 46921 7 0
0 46921 8 0
0 48106 9 0
0 48106 10 0
0 48106 11 0
0 48106 12 0
0 48106 13 0
0 48106 14 0
0 38974 15 0
0 38974 0 0
0 38974 1 0
0 38974 2 0
0 38974 3 0
0 38974 4 0
0 33227 5 0
0 33227 6 0
0 33227 7 0
0 33227 8 0
0 33227 9 0
0 33227 10 0
0 17513 11 0
0 17513 12 0
0 17513 13 0
0 17513 14 0
0 17513 15 0
0 17513 0 0
0 2949 1 0
0 2949 2 0
0 2949 3 0
0 2949 4 0
0 2949 5 0
0 2949 6 0
0 62842 7 0
0 62842 8 0
0 62842 9 0
0 62842 10 0
0 62842 11 0
0 62842 12 0
0 26162 13 0
0 26162 14 0
0 26162 15 0
0 26162 0 0
0 26162 1 0
0 26162 2 0
0 52023 3 0
0 52023 4 0
0 52023 5 0
0 52023 6 0
0 52023 7 0
0 52023 8 0
0 44482 9 0
0 44482 10 0
0 44482 11 0
0 44482 12 0
0 44482 13 0
0 44482 14 0
0 62066 15 0
0 62066 0 0
0 62066 1 0
0 62066 2 0
0 62066 3 0
0 62066 4 0
0 39507 5 0
0 39507 6 0
0 39507 7 0
0 39507 8 0
0 39507 9 0
0 39507 10 0
0 57720 11 0
0 57720 12 0
0 57720 13 0
0 57720 14 0
0 57720 15 0
0 57720 0 0
0 18261 1 0
0 18261 2 0
0 18261 3 0
0 18261 4 0
0 18261 5 0
0 18261 6 0
0 62317 7 0
0 62317 8 0
0 62317 9 0
0 62317 10 0
0 62317 11 0
0 62317 12 0
0 38784 13 0
0 38784 14 0
0 38784 15 0
0 38784 0 0
0 38784 1 0
0 38784 2 0
0 43499 3 0
0 43499 4 0
0 43499 5 0
0 43499 6 0
0 43499 7 0
0 43499 8 0
0 45744 9 0
0 45744 10 0
0 45744 11 0
0 45744 12 0
0 45744 13 0
0 45744 14 0
0 49899 15 0
0 49899 0 0
0 49899 1 0
0 49899 2 0
0 49899 3 0
0 49899 4 0
0 51886 5 0
0 51886 6 0
0 51886 7 0
0 51886 8 0
0 51886 9 0
0 51886 10 0
0 52595 11 0
0 52595 12 0
0 52595 13 0
0 52595 14 0
0 52595 15 0
0 52595 0 0
0 39046 1 0
0 39046 2 0
0 39046 3 0
0 39046 4 0
0 39046 5 0
0 39046 6 0
0 30833 7 0
0 30833 8 0
0 30833 9 0
0 30833 10 0
0 30833 11 0
0 30833 12 0
0 24747 13 0
0 24747 14 0
0 24747 15 0
0 24747 0 0
0 24747 1 0
0 24747 2 0
0 56534 3 0
0 56534 4 0
0 56534 5 0
0 56534 6 0
0 56534 7 0
0 56534 8 0
0 28362 9 0
0 28362 10 0
0 28362 11 0
0 28362 12 0
0 28362 13 0
0 28362 14 0
0 34754 15 0
0 34754 0 0
0 34754 1 0
0 34754 2 0
0 34754 3 0
0 34754 4 0
0 21942 5 0
0 21942 6 0
0 21942 7 0
0 21942 8 0
0 21942 9 0
0 21942 10 0
0 18384 11 0
0 18384 12 0
0 18384 13 0
0 18384 14 0
0 18384 15 0
0 18384 0 0
0 62371 1 0
0 62371 2 0
0 62371 3 0
0 62371 4 0
0 62371 5 0
0 62371 6 0
0 44789 7 0
0 44789 8 0
0 44789 9 0
0 44789 10 0
0 44789 11 0
0 44789 12 0
0 33944 13 0
0 33944 14 0
0 33944 15 0
0 33944 0 0
0 33944 1 0
0 33944 2 0
0 56809 3 0
0 56809 4 0
0 56809 5 0
0 56809 6 0
0 56809 7 0
0 56809 8 0
0 39538 9 0
0 39538 10 0
0 39538 11 0
0 39538 12 0
0 39538 13 0
0 39538 14 0
0 59796 15 0
0 59796 0 0
0 59796 1 0
0 59796 2 0
0 59796 3 0
0 59796 4 0
0 6836 5 0
0 6836 6 0
0 6836 7 0
0 6836 8 0
0 6836 9 0
0 6836 10 0
0 25470 11 0
0 25470 12 0
0 25470 13 0
0 25470 14 0
0 25470 15 0
0 25470 0 0
0 33684 1 0
0 33684 2 0
0 33684 3 0
0 33684 4 0
0 33684 5 0
0 33684 6 0
0 60138 7 0
0 60138 8 0
0 60138 9 0
0 60138 10 0
0 60138 11 0
0 60138 12 0
0 9014 13 0
0 9014 14 0
0 9014 15 0
0 9014 0 0
0 9014 1 0
0 9014 2 0
0 2395 3 0
0 2395 4 0
0 2395 5 0
0 2395 6 0
0 2395 7 0
0 2395 8 0
0 26379 9 0
0 26379 10 0
0 26379 11 0
0 26379 12 0
0 26379 13 0
0 26379 14 0
0 13528 15 0
0 13528 0 0
0 13528 1 0
0 13528 2 0
0 13528 3 0
0 13528 4 0
0 33600 5 0
0 33600 6 0
0 33600 7 0
0 33600 8 0
0 33600 9 0
0 33600 10 0
0 137 11 0
0 137 12 0
0 137 13 0
0 137 14 0
0 137 15 0
0 137 0 0
0 28387 1 0
0 28387 2 0
0 28387 3 0
0 28387 4 0
0 28387 5 0
0 28387 6 0
0 24248 7 0
0 24248 8 0
0 24248 9 0
0 24248 10 0
0 24248 11 0
0 24248 12 0
0 22752 13 0
0 22752 14 0
0 22752 15 0
