0 0 0 0
0 0 1 0
0 0 2 0
0 0 3 0
0 0 4 0
0 20396 5 0
0 20396 6 0
0 20396 7 0
0 20396 8 0
0 20396 9 0
0 20396 10 0
0 27326 11 0
0 27326 12 0
0 27326 13 0
0 27326 14 0
0 27326 15 0
0 27326 0 0
0 7888 1 0
0 7888 2 0
0 7888 3 0
0 7888 4 0
0 7888 5 0
0 7888 6 0
0 22147 7 0
0 22147 8 0
0 22147 9 0
0 22147 10 0
0 22147 11 0
0 22147 12 0
0 34578 13 0
0 34578 14 0
0 34578 15 0
0 34578 0 0
0 34578 1 0
0 34578 2 0
0 54584 3 0
0 54584 4 0
0 54584 5 0
0 54584 6 0
0 54584 7 0
0 54584 8 0
0 28182 9 0
0 28182 10 0
0 28182 11 0
0 28182 12 0
0 28182 13 0
0 28182 14 0
0 17351 15 0
0 17351 0 0
0 17351 1 0
0 17351 2 0
0 17351 3 0
0 17351 4 0
0 39721 5 0
0 39721 6 0
0 39721 7 0
0 39721 8 0
0 39721 9 0
0 39721 10 0
0 41938 11 0
0 41938 12 0
0 41938 13 0
0 41938 14 0
0 41938 15 0
0 41938 0 0
0 29185 1 0
0 29185 2 0
0 29185 3 0
0 29185 4 0
0 29185 5 0
0 29185 6 0
0 38283 7 0
0 38283 8 0
0 38283 9 0
0 38283 10 0
0 38283 11 0
0 38283 12 0
0 35939 13 0
0 35939 14 0
0 35939 15 0
0 35939 0 0
0 35939 1 0
0 35939 2 0
0 13495 3 0
0 13495 4 0
0 13495 5 0
0 13495 6 0
0 13495 7 0
0 13495 8 0
0 41518 9 0
0 41518 10 0
0 41518 11 0
0 41518 12 0
0 41518 13 0
0 41518 14 0
0 44050 15 0
0 44050 0 0
0 44050 1 0
0 44050 2 0
0 44050 3 0
0 44050 4 0
0 4459 5 0
0 4459 6 0
0 4459 7 0
0 4459 8 0
0 4459 9 0
0 4459 10 0
0 30422 11 0
0 30422 12 0
0 30422 13 0
0 30422 14 0
0 30422 15 0
0 30422 0 0
0 38196 1 0
0 38196 2 0
0 38196 3 0
0 38196 4 0
0 38196 5 0
0 38196 6 0
0 55262 7 0
0 55262 8 0
0 55262 9 0
0 55262 10 0
0 55262 11 0
0 55262 12 0
0 56758 13 0
0 56758 14 0
0 56758 15 0
0 56758 0 0
0 56758 1 0
0 56758 2 0
0 49029 3 0
0 49029 4 0
0 49029 5 0
0 49029 6 0
0 49029 7 0
0 49029 8 0
0 4299 9 0
0 4299 10 0
0 4299 11 0
0 4299 12 0
0 4299 13 0
0 4299 14 0
0 62538 15 0
0 62538 0 0
0 62538 1 0
0 62538 2 0
0 62538 3 0
0 62538 4 0
0 3990 5 0
0 3990 6 0
0 3990 7 0
0 3990 8 0
0 3990 9 0
0 3990 10 0
0 10763 11 0
0 10763 12 0
0 10763 13 0
0 10763 14 0
0 10763 15 0
0 10763 0 0
0 25705 1 0
0 25705 2 0
0 25705 3 0
0 25705 4 0
0 25705 5 0
0 25705 6 0
0 53777 7 0
0 53777 8 0
0 53777 9 0
0 53777 10 0
0 53777 11 0
0 53777 12 0
0 19956 13 0
0 19956 14 0
0 19956 15 0
0 19956 0 0
0 19956 1 0
0 19956 2 0
0 31698 3 0
0 31698 4 0
0 31698 5 0
0 31698 6 0
0 31698 7 0
0 31698 8 0
0 50843 9 0
0 50843 10 0
0 50843 11 0
0 50843 12 0
0 50843 13 0
0 50843 14 0
0 39845 15 0
0 39845 0 0
0 39845 1 0
0 39845 2 0
0 39845 3 0
0 39845 4 0
0 32190 5 0
0 32190 6 0
0 32190 7 0
0 32190 8 0
0 32190 9 0
0 32190 10 0
0 63353 11 0
0 63353 12 0
0 63353 13 0
0 63353 14 0
0 63353 15 0
0 63353 0 0
0 42390 1 0
0 42390 2 0
0 42390 3 0
0 42390 4 0
0 42390 5 0
0 42390 6 0
0 45848 7 0
0 45848 8 0
0 45848 9 0
0 45848 10 0
0 45848 11 0
0 45848 12 0
0 33860 13 0
0 33860 14 0
0 33860 15 0
0 33860 0 0
0 33860 1 0
0 33860 2 0
0 39620 3 0
0 39620 4 0
0 39620 5 0
0 39620 6 0
0 39620 7 0
0 39620 8 0
0 39501 9 0
0 39501 10 0
0 39501 11 0
0 39501 12 0
0 39501 13 0
0 39501 14 0
0 24169 15 0
0 24169 0 0
0 24169 1 0
0 24169 2 0
0 24169 3 0
0 24169 4 0
0 53203 5 0
0 53203 6 0
0 53203 7 0
0 53203 8 0
0 53203 9 0
0 53203 10 0
0 32639 11 0
0 32639 12 0
0 32639 13 0
0 32639 14 0
0 32639 15 0
0 32639 0 0
0 38153 1 0
0 38153 2 0
0 38153 3 0
0 38153 4 0
0 38153 5 0
0 38153 6 0
0 27983 7 0
0 27983 8 0
0 27983 9 0
0 27983 10 0
0 27983 11 0
0 27983 12 0
0 17499 13 0
0 17499 14 0
0 17499 15 0
0 17499 0 0
0 17499 1 0
0 17499 2 0
0 53636 3 0
0 53636 4 0
0 53636 5 0
0 53636 6 0
0 53636 7 0
0 53636 8 0
0 45729 9 0
0 45729 10 0
0 45729 11 0
0 45729 12 0
0 45729 13 0
0 45729 14 0
0 6557 15 0
0 6557 0 0
0 6557 1 0
0 6557 2 0
0 6557 3 0
0 6557 4 0
0 48005 5 0
0 48005 6 0
0 48005 7 0
0 48005 8 0
0 48005 9 0
0 48005 10 0
0 60758 11 0
0 60758 12 0
0 60758 13 0
0 60758 14 0
0 60758 15 0
0 60758 0 0
0 14168 1 0
0 14168 2 0
0 14168 3 0
0 14168 4 0
0 14168 5 0
0 14168 6 0
0 17150 7 0
0 17150 8 0
0 17150 9 0
0 17150 10 0
0 17150 11 0
0 17150 12 0
0 19342 13 0
0 19342 14 0
0 19342 15 0
0 19342 0 0
0 19342 1 0
0 19342 2 0
0 19454 3 0
0 19454 4 0
0 19454 5 0
0 19454 6 0
0 19454 7 0
0 19454 8 0
0 28097 9 0
0 28097 10 0
0 28097 11 0
0 28097 12 0
0 28097 13 0
0 28097 14 0
0 46971 15 0
0 46971 0 0
0 46971 1 0
0 46971 2 0
0 46971 3 0
0 46971 4 0
0 4278 5 0
0 4278 6 0
0 4278 7 0
0 4278 8 0
0 4278 9 0
0 4278 10 0
0 522 11 0
0 522 12 0
0 522 13 0
0 522 14 0
0 522 15 0
0 522 0 0
0 24421 1 0
0 24421 2 0
0 24421 3 0
0 24421 4 0
0 24421 5 0
0 24421 6 0
0 189 7 0
0 189 8 0
0 189 9 0
0 189 10 0
0 189 11 0
0 189 12 0
0 8191 13 0
0 8191 14 0
0 8191 15 0
0 8191 0 0
0 8191 1 0
0 8191 2 0
0 9367 3 0
0 9367 4 0
0 9367 5 0
0 9367 6 0
0 9367 7 0
0 9367 8 0
0 52855 9 0
0 52855 10 0
0 52855 11 0
0 52855 12 0
0 52855 13 0
0 52855 14 0
0 45692 15 0
0 45692 0 0
0 45692 1 0
0 45692 2 0
0 45692 3 0
0 45692 4 0
0 35776 5 0
0 35776 6 0
0 35776 7 0
0 35776 8 0
0 35776 9 0
0 35776 10 0
0 15927 11 0
0 15927 12 0
0 15927 13 0
0 15927 14 0
0 15927 15 0
0 15927 0 0
0 32074 1 0
0 32074 2 0
0 32074 3 0
0 32074 4 0
0 32074 5 0
0 32074 6 0
0 50830 7 0
0 50830 8 0
0 50830 9 0
0 50830 10 0
0 50830 11 0
0 50830 12 0
0 28353 13 0
0 28353 14 0
0 28353 15 0
0 28353 0 0
0 28353 1 0
0 28353 2 0
0 27709 3 0
0 27709 4 0
0 27709 5 0
0 27709 6 0
0 27709 7 0
0 27709 8 0
0 36883 9 0
0 36883 10 0
0 36883 11 0
0 36883 12 0
0 36883 13 0
0 36883 14 0
0 30139 15 0
0 30139 0 0
0 30139 1 0
0 30139 2 0
0 30139 3 0
0 30139 4 0
0 44365 5 0
0 44365 6 0
0 44365 7 0
0 44365 8 0
0 44365 9 0
0 44365 10 0
0 16151 11 0
0 16151 12 0
0 16151 13 0
0 16151 14 0
0 16151 15 0
0 16151 0 0
0 40290 1 0
0 40290 2 0
0 40290 3 0
0 40290 4 0
0 40290 5 0
0 40290 6 0
0 25491 7 0
0 25491 8 0
0 25491 9 0
0 25491 10 0
0 25491 11 0
0 25491 12 0
0 1266 13 0
0 1266 14 0
0 1266 15 0
0 1266 0 0
0 1266 1 0
0 1266 2 0
0 30333 3 0
0 30333 4 0
0 30333 5 0
0 30333 6 0
0 30333 7 0
0 30333 8 0
0 8381 9 0
0 8381 10 0
0 8381 11 0
0 8381 12 0
0 8381 13 0
0 8381 14 0
0 31252 15 0
0 31252 0 0
0 31252 1 0
0 31252 2 0
0 31252 3 0
0 31252 4 0
0 22075 5 0
0 22075 6 0
0 22075 7 0
0 22075 8 0
0 22075 9 0
0 22075 10 0
0 18512 11 0
0 18512 12 0
0 18512 13 0
0 18512 14 0
0 18512 15 0
0 18512 0 0
0 41401 1 0
0 41401 2 0
0 41401 3 0
0 41401 4 0
0 41401 5 0
0 41401 6 0
0 27186 7 0
0 27186 8 0
0 27186 9 0
0 27186 10 0
0 27186 11 0
0 27186 12 0
0 14223 13 0
0 14223 14 0
0 14223 15 0
0 14223 0 0
0 14223 1 0
0 14223 2 0
0 29875 3 0
0 29875 4 0
0 29875 5 0
0 29875 6 0
0 29875 7 0
0 29875 8 0
0 53944 9 0
0 53944 10 0
0 53944 11 0
0 53944 12 0
0 53944 13 0
0 53944 14 0
0 47070 15 0
0 47070 0 0
0 47070 1 0
0 47070 2 0
0 47070 3 0
0 47070 4 0
0 20333 5 0
0 20333 6 0
0 20333 7 0
0 20333 8 0
0 20333 9 0
0 20333 10 0
0 41819 11 0
0 41819 12 0
0 41819 13 0
0 41819 14 0
0 41819 15 0
0 41819 0 0
0 25769 1 0
0 25769 2 0
0 25769 3 0
0 25769 4 0
0 25769 5 0
0 25769 6 0
0 25336 7 0
0 25336 8 0
0 25336 9 0
0 25336 10 0
0 25336 11 0
0 25336 12 0
0 43604 13 0
0 43604 14 0
0 43604 15 0
0 43604 0 0
0 43604 1 0
0 43604 2 0
0 52954 3 0
0 52954 4 0
0 52954 5 0
0 52954 6 0
0 52954 7 0
0 52954 8 0
0 30189 9 0
0 30189 10 0
0 30189 11 0
0 30189 12 0
0 30189 13 0
0 30189 14 0
0 35877 15 0
0 35877 0 0
0 35877 1 0
0 35877 2 0
0 35877 3 0
0 35877 4 0
0 5381 5 0
0 5381 6 0
0 5381 7 0
0 5381 8 0
0 5381 9 0
0 5381 10 0
0 30062 11 0
0 30062 12 0
0 30062 13 0
0 30062 14 0
0 30062 15 0
0 30062 0 0
0 31041 1 0
0 31041 2 0
0 31041 3 0
0 31041 4 0
0 31041 5 0
0 31041 6 0
0 41065 7 0
0 41065 8 0
0 41065 9 0
0 41065 10 0
0 41065 11 0
0 41065 12 0
0 48527 13 0
0 48527 14 0
0 48527 15 0
0 48527 0 0
0 48527 1 0
0 48527 2 0
0 56640 3 0
0 56640 4 0
0 56640 5 0
0 56640 6 0
0 56640 7 0
0 56640 8 0
0 351 9 0
0 351 10 0
0 351 11 0
0 351 12 0
0 351 13 0
0 351 14 0
0 18014 15 0
0 18014 0 0
0 18014 1 0
0 18014 2 0
0 18014 3 0
0 18014 4 0
0 51949 5 0
0 51949 6 0
0 51949 7 0
0 51949 8 0
0 51949 9 0
0 51949 10 0
0 41150 11 0
0 41150 12 0
0 41150 13 0
0 41150 14 0
0 41150 15 0
0 41150 0 0
0 12787 1 0
0 12787 2 0
0 12787 3 0
0 12787 4 0
0 12787 5 0
0 12787 6 0
0 6688 7 0
0 6688 8 0
0 6688 9 0
0 6688 10 0
0 6688 11 0
0 6688 12 0
0 5753 13 0
0 5753 14 0
0 5753 15 0
0 5753 0 0
0 5753 1 0
0 5753 2 0
0 8171 3 0
0 8171 4 0
0 8171 5 0
0 8171 6 0
0 8171 7 0
0 8171 8 0
0 61428 9 0
0 61428 10 0
0 61428 11 0
0 61428 12 0
0 61428 13 0
0 61428 14 0
0 35707 15 0
0 35707 0 0
0 35707 1 0
0 35707 2 0
0 35707 3 0
0 35707 4 0
0 50846 5 0
0 50846 6 0
0 50846 7 0
0 50846 8 0
0 50846 9 0
0 50846 10 0
0 21690 11 0
0 21690 12 0
0 21690 13 0
0 21690 14 0
0 21690 15 0
0 21690 0 0
0 22476 1 0
0 22476 2 0
0 22476 3 0
0 22476 4 0
0 22476 5 0
0 22476 6 0
0 64007 7 0
0 64007 8 0
0 64007 9 0
0 64007 10 0
0 64007 11 0
0 64007 12 0
0 28341 13 0
0 28341 14 0
0 28341 15 0
0 28341 0 0
0 28341 1 0
0 28341 2 0
0 17208 3 0
0 17208 4 0
0 17208 5 0
0 17208 6 0
0 17208 7 0
0 17208 8 0
0 57240 9 0
0 57240 10 0
0 57240 11 0
0 57240 12 0
0 57240 13 0
0 57240 14 0
0 45287 15 0
0 45287 0 0
0 45287 1 0
0 45287 2 0
0 45287 3 0
0 45287 4 0
0 39358 5 0
0 39358 6 0
0 39358 7 0
0 39358 8 0
0 39358 9 0
0 39358 10 0
0 60891 11 0
0 60891 12 0
0 60891 13 0
0 60891 14 0
0 60891 15 0
0 60891 0 0
0 42198 1 0
0 42198 2 0
0 42198 3 0
0 42198 4 0
0 42198 5 0
0 42198 6 0
0 52143 7 0
0 52143 8 0
0 52143 9 0
0 52143 10 0
0 52143 11 0
0 52143 12 0
0 60191 13 0
0 60191 14 0
0 60191 15 0
0 60191 0 0
0 60191 1 0
0 60191 2 0
0 37176 3 0
0 37176 4 0
0 37176 5 0
0 37176 6 0
0 37176 7 0
0 37176 8 0
0 13623 9 0
0 13623 10 0
0 13623 11 0
0 13623 12 0
0 13623 13 0
0 13623 14 0
0 5144 15 0
0 5144 0 0
0 5144 1 0
0 5144 2 0
0 5144 3 0
0 5144 4 0
0 3173 5 0
0 3173 6 0
0 3173 7 0
0 3173 8 0
0 3173 9 0
0 3173 10 0
0 43430 11 0
0 43430 12 0
0 43430 13 0
0 43430 14 0
0 43430 15 0
0 43430 0 0
0 7656 1 0
0 7656 2 0
0 7656 3 0
0 7656 4 0
0 7656 5 0
0 7656 6 0
0 46545 7 0
0 46545 8 0
0 46545 9 0
0 46545 10 0
0 46545 11 0
0 46545 12 0
0 43496 13 0
0 43496 14 0
0 43496 15 0
0 43496 0 0
0 43496 1 0
0 43496 2 0
0 12949 3 0
0 12949 4 0
0 12949 5 0
0 12949 6 0
0 12949 7 0
0 12949 8 0
0 39208 9 0
0 39208 10 0
0 39208 11 0
0 39208 12 0
0 39208 13 0
0 39208 14 0
0 58357 15 0
0 58357 0 0
0 58357 1 0
0 58357 2 0
0 58357 3 0
0 58357 4 0
0 35120 5 0
0 35120 6 0
0 35120 7 0
0 35120 8 0
0 35120 9 0
0 35120 10 0
0 29897 11 0
0 29897 12 0
0 29897 13 0
0 29897 14 0
0 29897 15 0
0 29897 0 0
0 43703 1 0
0 43703 2 0
0 43703 3 0
0 43703 4 0
0 43703 5 0
0 43703 6 0
0 42017 7 0
0 42017 8 0
0 42017 9 0
0 42017 10 0
0 42017 11 0
0 42017 12 0
0 26071 13 0
0 26071 14 0
0 26071 15 0
0 26071 0 0
0 26071 1 0
0 26071 2 0
0 7744 3 0
0 7744 4 0
0 7744 5 0
0 7744 6 0
0 7744 7 0
0 7744 8 0
0 33457 9 0
0 33457 10 0
0 33457 11 0
0 33457 12 0
0 33457 13 0
0 33457 14 0
0 18387 15 0
0 18387 0 0
0 18387 1 0
0 18387 2 0
0 18387 3 0
0 18387 4 0
0 64057 5 0
0 64057 6 0
0 64057 7 0
0 64057 8 0
0 64057 9 0
0 64057 10 0
0 14275 11 0
0 14275 12 0
0 14275 13 0
0 14275 14 0
0 14275 15 0
0 14275 0 0
0 9053 1 0
0 9053 2 0
0 9053 3 0
0 9053 4 0
0 9053 5 0
0 9053 6 0
0 58640 7 0
0 58640 8 0
0 58640 9 0
0 58640 10 0
0 58640 11 0
0 58640 12 0
0 34381 13 0
0 34381 14 0
0 34381 15 0
0 34381 0 0
0 34381 1 0
0 34381 2 0
0 46685 3 0
0 46685 4 0
0 46685 5 0
0 46685 6 0
0 46685 7 0
0 46685 8 0
0 49211 9 0
0 49211 10 0
0 49211 11 0
0 49211 12 0
0 49211 13 0
0 49211 14 0
0 46803 15 0
0 46803 0 0
0 46803 1 0
0 46803 2 0
0 46803 3 0
0 46803 4 0
0 35104 5 0
0 35104 6 0
0 35104 7 0
0 35104 8 0
0 35104 9 0
0 35104 10 0
0 39605 11 0
0 39605 12 0
0 39605 13 0
0 39605 14 0
0 39605 15 0
0 39605 0 0
0 55611 1 0
0 55611 2 0
0 55611 3 0
0 55611 4 0
0 55611 5 0
0 55611 6 0
0 44608 7 0
0 44608 8 0
0 44608 9 0
0 44608 10 0
0 44608 11 0
0 44608 12 0
0 10553 13 0
0 10553 14 0
0 10553 15 0
0 10553 0 0
0 10553 1 0
0 10553 2 0
0 14664 3 0
0 14664 4 0
0 14664 5 0
0 14664 6 0
0 14664 7 0
0 14664 8 0
0 31603 9 0
0 31603 10 0
0 31603 11 0
0 31603 12 0
0 31603 13 0
0 31603 14 0
0 26129 15 0
0 26129 0 0
0 26129 1 0
0 26129 2 0
0 26129 3 0
0 26129 4 0
0 51070 5 0
0 51070 6 0
0 51070 7 0
0 51070 8 0
0 51070 9 0
0 51070 10 0
0 23457 11 0
0 23457 12 0
0 23457 13 0
0 23457 14 0
0 23457 15 0
0 23457 0 0
0 748 1 0
0 748 2 0
0 748 3 0
0 748 4 0
0 748 5 0
0 748 6 0
0 2239 7 0
0 2239 8 0
0 2239 9 0
0 2239 10 0
0 2239 11 0
0 2239 12 0
0 34457 13 0
0 34457 14 0
0 34457 15 0
0 34457 0 0
0 34457 1 0
0 34457 2 0
0 54454 3 0
0 54454 4 0
0 54454 5 0
0 54454 6 0
0 54454 7 0
0 54454 8 0
0 61462 9 0
0 61462 10 0
0 61462 11 0
0 61462 12 0
0 61462 13 0
0 61462 14 0
0 30154 15 0
0 30154 0 0
0 30154 1 0
0 30154 2 0
0 30154 3 0
0 30154 4 0
0 49719 5 0
0 49719 6 0
0 49719 7 0
0 49719 8 0
0 49719 9 0
0 49719 10 0
0 1384 11 0
0 1384 12 0
0 1384 13 0
0 1384 14 0
0 1384 15 0
0 1384 0 0
0 34546 1 0
0 34546 2 0
0 34546 3 0
0 34546 4 0
0 34546 5 0
0 34546 6 0
0 50135 7 0
0 50135 8 0
0 50135 9 0
0 50135 10 0
0 50135 11 0
0 50135 12 0
0 30039 13 0
0 30039 14 0
0 30039 15 0
0 30039 0 0
0 30039 1 0
0 30039 2 0
0 53998 3 0
0 53998 4 0
0 53998 5 0
0 53998 6 0
0 53998 7 0
0 53998 8 0
0 10790 9 0
0 10790 10 0
0 10790 11 0
0 10790 12 0
0 10790 13 0
0 10790 14 0
0 7797 15 0
0 7797 0 0
0 7797 1 0
0 7797 2 0
0 7797 3 0
0 7797 4 0
0 60533 5 0
0 60533 6 0
0 60533 7 0
0 60533 8 0
0 60533 9 0
0 60533 10 0
0 28388 11 0
0 28388 12 0
0 28388 13 0
0 28388 14 0
0 28388 15 0
0 28388 0 0
0 29967 1 0
0 29967 2 0
0 29967 3 0
0 29967 4 0
0 29967 5 0
0 29967 6 0
0 10725 7 0
0 10725 8 0
0 10725 9 0
0 10725 10 0
0 10725 11 0
0 10725 12 0
0 22639 13 0
0 22639 14 0
0 22639 15 0
0 22639 0 0
0 22639 1 0
0 22639 2 0
0 35935 3 0
0 35935 4 0
0 35935 5 0
0 35935 6 0
0 35935 7 0
0 35935 8 0
0 9709 9 0
0 9709 10 0
0 9709 11 0
0 9709 12 0
0 9709 13 0
0 9709 14 0
0 15135 15 0
0 15135 0 0
0 15135 1 0
0 15135 2 0
0 15135 3 0
0 15135 4 0
0 38362 5 0
0 38362 6 0
0 38362 7 0
0 38362 8 0
0 38362 9 0
0 38362 10 0
0 8700 11 0
0 8700 12 0
0 8700 13 0
0 8700 14 0
0 8700 15 0
0 8700 0 0
0 57021 1 0
0 57021 2 0
0 57021 3 0
0 57021 4 0
0 57021 5 0
0 57021 6 0
0 17012 7 0
0 17012 8 0
0 17012 9 0
0 17012 10 0
0 17012 11 0
0 17012 12 0
0 54605 13 0
0 54605 14 0
0 54605 15 0
0 54605 0 0
0 54605 1 0
0 54605 2 0
0 47012 3 0
0 47012 4 0
0 47012 5 0
0 47012 6 0
0 47012 7 0
0 47012 8 0
0 5571 9 0
0 5571 10 0
0 5571 11 0
0 5571 12 0
0 5571 13 0
0 5571 14 0
0 12526 15 0
0 12526 0 0
0 12526 1 0
0 12526 2 0
0 12526 3 0
0 12526 4 0
0 2541 5 0
0 2541 6 0
0 2541 7 0
0 2541 8 0
0 2541 9 0
0 2541 10 0
0 18855 11 0
0 18855 12 0
0 18855 13 0
0 18855 14 0
0 18855 15 0
0 18855 0 0
0 30927 1 0
0 30927 2 0
0 30927 3 0
0 30927 4 0
0 30927 5 0
0 30927 6 0
0 21879 7 0
0 21879 8 0
0 21879 9 0
0 21879 10 0
0 21879 11 0
0 21879 12 0
0 54592 13 0
0 54592 14 0
0 54592 15 0
0 54592 0 0
0 54592 1 0
0 54592 2 0
0 62142 3 0
0 62142 4 0
0 62142 5 0
0 62142 6 0
0 62142 7 0
0 62142 8 0
0 12509 9 0
0 12509 10 0
0 12509 11 0
0 12509 12 0
0 12509 13 0
0 12509 14 0
0 32802 15 0
0 32802 0 0
0 32802 1 0
0 32802 2 0
0 32802 3 0
0 32802 4 0
0 37837 5 0
0 37837 6 0
0 37837 7 0
0 37837 8 0
0 37837 9 0
0 37837 10 0
0 35542 11 0
0 35542 12 0
0 35542 13 0
0 35542 14 0
0 35542 15 0
0 35542 0 0
0 52903 1 0
0 52903 2 0
0 52903 3 0
0 52903 4 0
0 52903 5 0
0 52903 6 0
0 33955 7 0
0 33955 8 0
0 33955 9 0
0 33955 10 0
0 33955 11 0
0 33955 12 0
0 10094 13 0
0 10094 14 0
0 10094 15 0
0 10094 0 0
0 10094 1 0
0 10094 2 0
0 56102 3 0
0 56102 4 0
0 56102 5 0
0 56102 6 0
0 56102 7 0
0 56102 8 0
0 19174 9 0
0 19174 10 0
0 19174 11 0
0 19174 12 0
0 19174 13 0
0 19174 14 0
0 2510 15 0
0 2510 0 0
0 2510 1 0
0 2510 2 0
0 2510 3 0
0 2510 4 0
0 12353 5 0
0 12353 6 0
0 12353 7 0
0 12353 8 0
0 12353 9 0
0 12353 10 0
0 3124 11 0
0 3124 12 0
0 3124 13 0
0 3124 14 0
0 3124 15 0
0 3124 0 0
0 32626 1 0
0 32626 2 0
0 32626 3 0
0 32626 4 0
0 32626 5 0
0 32626 6 0
0 19950 7 0
0 19950 8 0
0 19950 9 0
0 19950 10 0
0 19950 11 0
0 19950 12 0
0 53678 13 0
0 53678 14 0
0 53678 15 0
0 53678 0 0
0 53678 1 0
0 53678 2 0
0 4069 3 0
0 4069 4 0
0 4069 5 0
0 4069 6 0
0 4069 7 0
0 4069 8 0
0 55942 9 0
0 55942 10 0
0 55942 11 0
0 55942 12 0
0 55942 13 0
0 55942 14 0
0 26358 15 0
0 26358 0 0
0 26358 1 0
0 26358 2 0
0 26358 3 0
0 26358 4 0
0 22720 5 0
0 22720 6 0
0 22720 7 0
0 22720 8 0
0 22720 9 0
0 22720 10 0
0 57676 11 0
0 57676 12 0
0 57676 13 0
0 57676 14 0
0 57676 15 0
0 57676 0 0
0 469 1 0
0 469 2 0
0 469 3 0
0 469 4 0
0 469 5 0
0 469 6 0
0 64883 7 0
0 64883 8 0
0 64883 9 0
0 64883 10 0
0 64883 11 0
0 64883 12 0
0 30124 13 0
0 30124 14 0
0 30124 15 0
0 30124 0 0
0 30124 1 0
0 30124 2 0
0 33777 3 0
0 33777 4 0
0 33777 5 0
0 33777 6 0
0 33777 7 0
0 33777 8 0
0 62894 9 0
0 62894 10 0
0 62894 11 0
0 62894 12 0
0 62894 13 0
0 62894 14 0
0 14701 15 0
0 14701 0 0
0 14701 1 0
0 14701 2 0
0 14701 3 0
0 14701 4 0
0 11997 5 0
0 11997 6 0
0 11997 7 0
0 11997 8 0
0 11997 9 0
0 11997 10 0
0 57950 11 0
0 57950 12 0
0 57950 13 0
0 57950 14 0
0 57950 15 0
0 57950 0 0
0 27509 1 0
0 27509 2 0
0 27509 3 0
0 27509 4 0
0 27509 5 0
0 27509 6 0
0 56940 7 0
0 56940 8 0
0 56940 9 0
0 56940 10 0
0 56940 11 0
0 56940 12 0
0 65392 13 0
0 65392 14 0
0 65392 15 0
0 65392 0 0
0 65392 1 0
0 65392 2 0
0 8244 3 0
0 8244 4 0
0 8244 5 0
0 8244 6 0
0 8244 7 0
0 8244 8 0
0 35483 9 0
0 35483 10 0
0 35483 11 0
0 35483 12 0
0 35483 13 0
0 35483 14 0
0 63453 15 0
0 63453 0 0
0 63453 1 0
0 63453 2 0
0 63453 3 0
0 63453 4 0
0 52373 5 0
0 52373 6 0
0 52373 7 0
0 52373 8 0
0 52373 9 0
0 52373 10 0
0 33209 11 0
0 33209 12 0
0 33209 13 0
0 33209 14 0
0 33209 15 0
0 33209 0 0
0 36560 1 0
0 36560 2 0
0 36560 3 0
0 36560 4 0
0 36560 5 0
0 36560 6 0
0 39276 7 0
0 39276 8 0
0 39276 9 0
0 39276 10 0
0 39276 11 0
0 39276 12 0
0 46327 13 0
0 46327 14 0
0 46327 15 0
0 46327 0 0
0 46327 1 0
0 46327 2 0
0 60341 3 0
0 60341 4 0
0 60341 5 0
0 60341 6 0
0 60341 7 0
0 60341 8 0
0 30362 9 0
0 30362 10 0
0 30362 11 0
0 30362 12 0
0 30362 13 0
0 30362 14 0
0 29949 15 0
0 29949 0 0
0 29949 1 0
0 29949 2 0
0 29949 3 0
0 29949 4 0
0 14417 5 0
0 14417 6 0
0 14417 7 0
0 14417 8 0
0 14417 9 0
0 14417 10 0
0 11213 11 0
0 11213 12 0
0 11213 13 0
0 11213 14 0
0 11213 15 0
0 11213 0 0
0 57475 1 0
0 57475 2 0
0 57475 3 0
0 57475 4 0
0 57475 5 0
0 57475 6 0
0 28006 7 0
0 28006 8 0
0 28006 9 0
0 28006 10 0
0 28006 11 0
0 28006 12 0
0 24904 13 0
0 24904 14 0
0 24904 15 0
0 24904 0 0
0 24904 1 0
0 24904 2 0
0 36809 3 0
0 36809 4 0
0 36809 5 0
0 36809 6 0
0 36809 7 0
0 36809 8 0
0 14753 9 0
0 14753 10 0
0 14753 11 0
0 14753 12 0
0 14753 13 0
0 14753 14 0
0 22919 15 0
0 22919 0 0
0 22919 1 0
0 22919 2 0
0 22919 3 0
0 22919 4 0
0 4262 5 0
0 4262 6 0
0 4262 7 0
0 4262 8 0
0 4262 9 0
0 4262 10 0
0 32140 11 0
0 32140 12 0
0 32140 13 0
0 32140 14 0
0 32140 15 0
0 32140 0 0
0 46451 1 0
0 46451 2 0
0 46451 3 0
0 46451 4 0
0 46451 5 0
0 46451 6 0
0 54211 7 0
0 54211 8 0
0 54211 9 0
0 54211 10 0
0 54211 11 0
0 54211 12 0
0 5138 13 0
0 5138 14 0
0 5138 15 0
0 5138 0 0
0 5138 1 0
0 5138 2 0
0 38651 3 0
0 38651 4 0
0 38651 5 0
0 38651 6 0
0 38651 7 0
0 38651 8 0
0 1085 9 0
0 1085 10 0
0 1085 11 0
0 1085 12 0
0 1085 13 0
0 1085 14 0
0 7487 15 0
0 7487 0 0
0 7487 1 0
0 7487 2 0
0 7487 3 0
0 7487 4 0
0 8764 5 0
0 8764 6 0
0 8764 7 0
0 8764 8 0
0 8764 9 0
0 8764 10 0
0 35088 11 0
0 35088 12 0
0 35088 13 0
0 35088 14 0
0 35088 15 0
0 35088 0 0
0 61271 1 0
0 61271 2 0
0 61271 3 0
0 61271 4 0
0 61271 5 0
0 61271 6 0
0 5459 7 0
0 5459 8 0
0 5459 9 0
0 5459 10 0
0 5459 11 0
0 5459 12 0
0 31810 13 0
0 31810 14 0
0 31810 15 0
0 31810 0 0
0 31810 1 0
0 31810 2 0
0 10293 3 0
0 10293 4 0
0 10293 5 0
0 10293 6 0
0 10293 7 0
0 10293 8 0
0 23268 9 0
0 23268 10 0
0 23268 11 0
0 23268 12 0
0 23268 13 0
0 23268 14 0
0 54902 15 0
0 54902 0 0
0 54902 1 0
0 54902 2 0
0 54902 3 0
0 54902 4 0
0 36250 5 0
0 36250 6 0
0 36250 7 0
0 36250 8 0
0 36250 9 0
0 36250 10 0
0 62309 11 0
0 62309 12 0
0 62309 13 0
0 62309 14 0
0 62309 15 0
0 62309 0 0
0 47068 1 0
0 47068 2 0
0 47068 3 0
0 47068 4 0
0 47068 5 0
0 47068 6 0
0 27204 7 0
0 27204 8 0
0 27204 9 0
0 27204 10 0
0 27204 11 0
0 27204 12 0
0 39550 13 0
0 39550 14 0
0 39550 15 0
0 39550 0 0
0 39550 1 0
0 39550 2 0
0 52935 3 0
0 52935 4 0
0 52935 5 0
0 52935 6 0
0 52935 7 0
0 52935 8 0
0 8679 9 0
0 8679 10 0
0 8679 11 0
0 8679 12 0
0 8679 13 0
0 8679 14 0
0 30600 15 0
0 30600 0 0
0 30600 1 0
0 30600 2 0
0 30600 3 0
0 30600 4 0
0 64837 5 0
0 64837 6 0
0 64837 7 0
0 64837 8 0
0 64837 9 0
0 64837 10 0
0 20253 11 0
0 20253 12 0
0 20253 13 0
0 20253 14 0
0 20253 15 0
0 20253 0 0
0 8918 1 0
0 8918 2 0
0 8918 3 0
0 8918 4 0
0 8918 5 0
0 8918 6 0
0 9923 7 0
0 9923 8 0
0 9923 9 0
0 9923 10 0
0 9923 11 0
0 9923 12 0
0 10291 13 0
0 10291 14 0
0 10291 15 0
0 10291 0 0
0 10291 1 0
0 10291 2 0
0 47287 3 0
0 47287 4 0
0 47287 5 0
0 47287 6 0
0 47287 7 0
0 47287 8 0
0 46534 9 0
0 46534 10 0
0 46534 11 0
0 46534 12 0
0 46534 13 0
0 46534 14 0
0 46016 15 0
0 46016 0 0
0 46016 1 0
0 46016 2 0
0 46016 3 0
0 46016 4 0
0 29448 5 0
0 29448 6 0
0 29448 7 0
0 29448 8 0
0 29448 9 0
0 29448 10 0
0 64922 11 0
0 64922 12 0
0 64922 13 0
0 64922 14 0
0 64922 15 0
0 64922 0 0
0 10893 1 0
0 10893 2 0
0 10893 3 0
0 10893 4 0
0 10893 5 0
0 10893 6 0
0 31659 7 0
0 31659 8 0
0 31659 9 0
0 31659 10 0
0 31659 11 0
0 31659 12 0
0 17041 13 0
0 17041 14 0
0 17041 15 0
0 17041 0 0
0 17041 1 0
0 17041 2 0
0 9913 3 0
0 9913 4 0
0 9913 5 0
0 9913 6 0
0 9913 7 0
0 9913 8 0
0 30654 9 0
0 30654 10 0
0 30654 11 0
0 30654 12 0
0 30654 13 0
0 30654 14 0
0 16654 15 0
0 16654 0 0
0 16654 1 0
0 16654 2 0
0 16654 3 0
0 16654 4 0
0 37690 5 0
0 37690 6 0
0 37690 7 0
0 37690 8 0
0 37690 9 0
0 37690 10 0
0 60865 11 0
0 60865 12 0
0 60865 13 0
0 60865 14 0
0 60865 15 0
0 60865 0 0
0 63892 1 0
0 63892 2 0
0 63892 3 0
0 63892 4 0
0 63892 5 0
0 63892 6 0
0 36640 7 0
0 36640 8 0
0 36640 9 0
0 36640 10 0
0 36640 11 0
0 36640 12 0
0 43369 13 0
0 43369 14 0
0 43369 15 0
0 43369 0 0
0 43369 1 0
0 43369 2 0
0 37589 3 0
0 37589 4 0
0 37589 5 0
0 37589 6 0
0 37589 7 0
0 37589 8 0
0 54672 9 0
0 54672 10 0
0 54672 11 0
0 54672 12 0
0 54672 13 0
0 54672 14 0
0 40866 15 0
0 40866 0 0
0 40866 1 0
0 40866 2 0
0 40866 3 0
0 40866 4 0
0 11838 5 0
0 11838 6 0
0 11838 7 0
0 11838 8 0
0 11838 9 0
0 11838 10 0
0 24703 11 0
0 24703 12 0
0 24703 13 0
0 24703 14 0
0 24703 15 0
0 24703 0 0
0 60522 1 0
0 60522 2 0
0 60522 3 0
0 60522 4 0
0 60522 5 0
0 60522 6 0
0 24651 7 0
0 24651 8 0
0 24651 9 0
0 24651 10 0
0 24651 11 0
0 24651 12 0
0 38941 13 0
0 38941 14 0
0 38941 15 0
0 38941 0 0
0 38941 1 0
0 38941 2 0
0 61739 3 0
0 61739 4 0
0 61739 5 0
0 61739 6 0
0 61739 7 0
0 61739 8 0
0 54716 9 0
0 54716 10 0
0 54716 11 0
0 54716 12 0
0 54716 13 0
0 54716 14 0
0 4536 15 0
0 4536 0 0
0 4536 1 0
0 4536 2 0
0 4536 3 0
0 4536 4 0
0 58005 5 0
0 58005 6 0
0 58005 7 0
0 58005 8 0
0 58005 9 0
0 58005 10 0
0 57562 11 0
0 57562 12 0
0 57562 13 0
0 57562 14 0
0 57562 15 0
0 57562 0 0
0 55152 1 0
0 55152 2 0
0 55152 3 0
0 55152 4 0
0 55152 5 0
0 55152 6 0
0 17737 7 0
0 17737 8 0
0 17737 9 0
0 17737 10 0
0 17737 11 0
0 17737 12 0
0 42867 13 0
0 42867 14 0
0 42867 15 0
0 42867 0 0
0 42867 1 0
0 42867 2 0
0 58403 3 0
0 58403 4 0
0 58403 5 0
0 58403 6 0
0 58403 7 0
0 58403 8 0
0 62166 9 0
0 62166 10 0
0 62166 11 0
0 62166 12 0
0 62166 13 0
0 62166 14 0
0 33333 15 0
0 33333 0 0
0 33333 1 0
0 33333 2 0
0 33333 3 0
0 33333 4 0
0 25050 5 0
0 25050 6 0
0 25050 7 0
0 25050 8 0
0 25050 9 0
0 25050 10 0
0 12107 11 0
0 12107 12 0
0 12107 13 0
0 12107 14 0
0 12107 15 0
0 12107 0 0
0 16850 1 0
0 16850 2 0
0 16850 3 0
0 16850 4 0
0 16850 5 0
0 16850 6 0
0 6975 7 0
0 6975 8 0
0 6975 9 0
0 6975 10 0
0 6975 11 0
0 6975 12 0
0 55776 13 0
0 55776 14 0
0 55776 15 0
0 55776 0 0
0 55776 1 0
0 55776 2 0
0 36578 3 0
0 36578 4 0
0 36578 5 0
0 36578 6 0
0 36578 7 0
0 36578 8 0
0 30900 9 0
0 30900 10 0
0 30900 11 0
0 30900 12 0
0 30900 13 0
0 30900 14 0
0 54703 15 0
0 54703 0 0
0 54703 1 0
0 54703 2 0
0 54703 3 0
0 54703 4 0
0 27483 5 0
0 27483 6 0
0 27483 7 0
0 27483 8 0
0 27483 9 0
0 27483 10 0
0 26769 11 0
0 26769 12 0
0 26769 13 0
0 26769 14 0
0 26769 15 0
0 26769 0 0
0 29782 1 0
0 29782 2 0
0 29782 3 0
0 29782 4 0
0 29782 5 0
0 29782 6 0
0 61469 7 0
0 61469 8 0
0 61469 9 0
0 61469 10 0
0 61469 11 0
0 61469 12 0
0 49924 13 0
0 49924 14 0
0 49924 15 0
0 49924 0 0
0 49924 1 0
0 49924 2 0
0 33695 3 0
0 33695 4 0
0 33695 5 0
0 33695 6 0
0 33695 7 0
0 33695 8 0
0 484 9 0
0 484 10 0
0 484 11 0
0 484 12 0
0 484 13 0
0 484 14 0
0 5870 15 0
0 5870 0 0
0 5870 1 0
0 5870 2 0
0 5870 3 0
0 5870 4 0
0 24696 5 0
0 24696 6 0
0 24696 7 0
0 24696 8 0
0 24696 9 0
0 24696 10 0
0 28232 11 0
0 28232 12 0
0 28232 13 0
0 28232 14 0
0 28232 15 0
0 28232 0 0
0 13337 1 0
0 13337 2 0
0 13337 3 0
0 13337 4 0
0 13337 5 0
0 13337 6 0
0 35044 7 0
0 35044 8 0
0 35044 9 0
0 35044 10 0
0 35044 11 0
0 35044 12 0
0 17911 13 0
0 17911 14 0
0 17911 15 0
