0 0 0 0
0 0 1 0
0 0 2 0
0 0 3 0
0 0 4 0
0 27075 5 0
0 27075 6 0
0 27075 7 0
0 27075 8 0
0 27075 9 0
0 27075 10 0
0 12519 11 0
0 12519 12 0
0 12519 13 0
0 12519 14 0
0 12519 15 0
0 12519 0 0
0 53584 1 0
0 53584 2 0
0 53584 3 0
0 53584 4 0
0 53584 5 0
0 53584 6 0
0 39519 7 0
0 39519 8 0
0 39519 9 0
0 39519 10 0
0 39519 11 0
0 39519 12 0
0 55189 13 0
0 55189 14 0
0 55189 15 0
0 55189 0 0
0 55189 1 0
0 55189 2 0
0 27556 3 0
0 27556 4 0
0 27556 5 0
0 27556 6 0
0 27556 7 0
0 27556 8 0
0 3637 9 0
0 3637 10 0
0 3637 11 0
0 3637 12 0
0 3637 13 0
0 3637 14 0
0 31267 15 0
0 31267 0 0
0 31267 1 0
0 31267 2 0
0 31267 3 0
0 31267 4 0
0 12299 5 0
0 12299 6 0
0 12299 7 0
0 12299 8 0
0 12299 9 0
0 12299 10 0
0 3555 11 0
0 3555 12 0
0 3555 13 0
0 3555 14 0
0 3555 15 0
0 3555 0 0
0 46464 1 0
0 46464 2 0
0 46464 3 0
0 46464 4 0
0 46464 5 0
0 46464 6 0
0 60550 7 0
0 60550 8 0
0 60550 9 0
0 60550 10 0
0 60550 11 0
0 60550 12 0
0 24687 13 0
0 24687 14 0
0 24687 15 0
0 24687 0 0
0 24687 1 0
0 24687 2 0
0 42921 3 0
0 42921 4 0
0 42921 5 0
0 42921 6 0
0 42921 7 0
0 42921 8 0
0 1476 9 0
0 1476 10 0
0 1476 11 0
0 1476 12 0
0 1476 13 0
0 1476 14 0
0 34764 15 0
0 34764 0 0
0 34764 1 0
0 34764 2 0
0 34764 3 0
0 34764 4 0
0 16954 5 0
0 16954 6 0
0 16954 7 0
0 16954 8 0
0 16954 9 0
0 16954 10 0
0 19339 11 0
0 19339 12 0
0 19339 13 0
0 19339 14 0
0 19339 15 0
0 19339 0 0
0 37465 1 0
0 37465 2 0
0 37465 3 0
0 37465 4 0
0 37465 5 0
0 37465 6 0
0 8120 7 0
0 8120 8 0
0 8120 9 0
0 8120 10 0
0 8120 11 0
0 8120 12 0
0 26641 13 0
0 26641 14 0
0 26641 15 0
0 26641 0 0
0 26641 1 0
0 26641 2 0
0 36353 3 0
0 36353 4 0
0 36353 5 0
0 36353 6 0
0 36353 7 0
0 36353 8 0
0 6680 9 0
0 6680 10 0
0 6680 11 0
0 6680 12 0
0 6680 13 0
0 6680 14 0
0 37027 15 0
0 37027 0 0
0 37027 1 0
0 37027 2 0
0 37027 3 0
0 37027 4 0
0 34033 5 0
0 34033 6 0
0 34033 7 0
0 34033 8 0
0 34033 9 0
0 34033 10 0
0 10013 11 0
0 10013 12 0
0 10013 13 0
0 10013 14 0
0 10013 15 0
0 10013 0 0
0 10899 1 0
0 10899 2 0
0 10899 3 0
0 10899 4 0
0 10899 5 0
0 10899 6 0
0 49279 7 0
0 49279 8 0
0 49279 9 0
0 49279 10 0
0 49279 11 0
0 49279 12 0
0 53792 13 0
0 53792 14 0
0 53792 15 0
0 53792 0 0
0 53792 1 0
0 53792 2 0
0 65425 3 0
0 65425 4 0
0 65425 5 0
0 65425 6 0
0 65425 7 0
0 65425 8 0
0 48213 9 0
0 48213 10 0
0 48213 11 0
0 48213 12 0
0 48213 13 0
0 48213 14 0
0 36457 15 0
0 36457 0 0
0 36457 1 0
0 36457 2 0
0 36457 3 0
0 36457 4 0
0 13455 5 0
0 13455 6 0
0 13455 7 0
0 13455 8 0
0 13455 9 0
0 13455 10 0
0 21452 11 0
0 21452 12 0
0 21452 13 0
0 21452 14 0
0 21452 15 0
0 21452 0 0
0 40296 1 0
0 40296 2 0
0 40296 3 0
0 40296 4 0
0 40296 5 0
0 40296 6 0
0 1066 7 0
0 1066 8 0
0 1066 9 0
0 1066 10 0
0 1066 11 0
0 1066 12 0
0 20691 13 0
0 20691 14 0
0 20691 15 0
0 20691 0 0
0 20691 1 0
0 20691 2 0
0 52003 3 0
0 52003 4 0
0 52003 5 0
0 52003 6 0
0 52003 7 0
0 52003 8 0
0 31070 9 0
0 31070 10 0
0 31070 11 0
0 31070 12 0
0 31070 13 0
0 31070 14 0
0 55747 15 0
0 55747 0 0
0 55747 1 0
0 55747 2 0
0 55747 3 0
0 55747 4 0
0 21959 5 0
0 21959 6 0
0 21959 7 0
0 21959 8 0
0 21959 9 0
0 21959 10 0
0 54623 11 0
0 54623 12 0
0 54623 13 0
0 54623 14 0
0 54623 15 0
0 54623 0 0
0 19734 1 0
0 19734 2 0
0 19734 3 0
0 19734 4 0
0 19734 5 0
0 19734 6 0
0 15571 7 0
0 15571 8 0
0 15571 9 0
0 15571 10 0
0 15571 11 0
0 15571 12 0
0 58061 13 0
0 58061 14 0
0 58061 15 0
0 58061 0 0
0 58061 1 0
0 58061 2 0
0 46172 3 0
0 46172 4 0
0 46172 5 0
0 46172 6 0
0 46172 7 0
0 46172 8 0
0 39819 9 0
0 39819 10 0
0 39819 11 0
0 39819 12 0
0 39819 13 0
0 39819 14 0
0 22474 15 0
0 22474 0 0
0 22474 1 0
0 22474 2 0
0 22474 3 0
0 22474 4 0
0 2011 5 0
0 2011 6 0
0 2011 7 0
0 2011 8 0
0 2011 9 0
0 2011 10 0
0 8101 11 0
0 8101 12 0
0 8101 13 0
0 8101 14 0
0 8101 15 0
0 8101 0 0
0 52749 1 0
0 52749 2 0
0 52749 3 0
0 52749 4 0
0 52749 5 0
0 52749 6 0
0 53500 7 0
0 53500 8 0
0 53500 9 0
0 53500 10 0
0 53500 11 0
0 53500 12 0
0 42944 13 0
0 42944 14 0
0 42944 15 0
0 42944 0 0
0 42944 1 0
0 42944 2 0
0 33879 3 0
0 33879 4 0
0 33879 5 0
0 33879 6 0
0 33879 7 0
0 33879 8 0
0 57852 9 0
0 57852 10 0
0 57852 11 0
0 57852 12 0
0 57852 13 0
0 57852 14 0
0 46996 15 0
0 46996 0 0
0 46996 1 0
0 46996 2 0
0 46996 3 0
0 46996 4 0
0 14961 5 0
0 14961 6 0
0 14961 7 0
0 14961 8 0
0 14961 9 0
0 14961 10 0
0 44890 11 0
0 44890 12 0
0 44890 13 0
0 44890 14 0
0 44890 15 0
0 44890 0 0
0 50543 1 0
0 50543 2 0
0 50543 3 0
0 50543 4 0
0 50543 5 0
0 50543 6 0
0 26596 7 0
0 26596 8 0
0 26596 9 0
0 26596 10 0
0 26596 11 0
0 26596 12 0
0 25799 13 0
0 25799 14 0
0 25799 15 0
0 25799 0 0
0 25799 1 0
0 25799 2 0
0 48208 3 0
0 48208 4 0
0 48208 5 0
0 48208 6 0
0 48208 7 0
0 48208 8 0
0 732 9 0
0 732 10 0
0 732 11 0
0 732 12 0
0 732 13 0
0 732 14 0
0 48810 15 0
0 48810 0 0
0 48810 1 0
0 48810 2 0
0 48810 3 0
0 48810 4 0
0 45143 5 0
0 45143 6 0
0 45143 7 0
0 45143 8 0
0 45143 9 0
0 45143 10 0
0 25914 11 0
0 25914 12 0
0 25914 13 0
0 25914 14 0
0 25914 15 0
0 25914 0 0
0 32277 1 0
0 32277 2 0
0 32277 3 0
0 32277 4 0
0 32277 5 0
0 32277 6 0
0 45209 7 0
0 45209 8 0
0 45209 9 0
0 45209 10 0
0 45209 11 0
0 45209 12 0
0 19565 13 0
0 19565 14 0
0 19565 15 0
0 19565 0 0
0 19565 1 0
0 19565 2 0
0 49779 3 0
0 49779 4 0
0 49779 5 0
0 49779 6 0
0 49779 7 0
0 49779 8 0
0 11730 9 0
0 11730 10 0
0 11730 11 0
0 11730 12 0
0 11730 13 0
0 11730 14 0
0 52594 15 0
0 52594 0 0
0 52594 1 0
0 52594 2 0
0 52594 3 0
0 52594 4 0
0 63516 5 0
0 63516 6 0
0 63516 7 0
0 63516 8 0
0 63516 9 0
0 63516 10 0
0 24613 11 0
0 24613 12 0
0 24613 13 0
0 24613 14 0
0 24613 15 0
0 24613 0 0
0 52204 1 0
0 52204 2 0
0 52204 3 0
0 52204 4 0
0 52204 5 0
0 52204 6 0
0 65059 7 0
0 65059 8 0
0 65059 9 0
0 65059 10 0
0 65059 11 0
0 65059 12 0
0 53730 13 0
0 53730 14 0
0 53730 15 0
0 53730 0 0
0 53730 1 0
0 53730 2 0
0 36101 3 0
0 36101 4 0
0 36101 5 0
0 36101 6 0
0 36101 7 0
0 36101 8 0
0 5275 9 0
0 5275 10 0
0 5275 11 0
0 5275 12 0
0 5275 13 0
0 5275 14 0
0 23212 15 0
0 23212 0 0
0 23212 1 0
0 23212 2 0
0 23212 3 0
0 23212 4 0
0 54220 5 0
0 54220 6 0
0 54220 7 0
0 54220 8 0
0 54220 9 0
0 54220 10 0
0 14492 11 0
0 14492 12 0
0 14492 13 0
0 14492 14 0
0 14492 15 0
0 14492 0 0
0 54467 1 0
0 54467 2 0
0 54467 3 0
0 54467 4 0
0 54467 5 0
0 54467 6 0
0 29029 7 0
0 29029 8 0
0 29029 9 0
0 29029 10 0
0 29029 11 0
0 29029 12 0
0 23254 13 0
0 23254 14 0
0 23254 15 0
0 23254 0 0
0 23254 1 0
0 23254 2 0
0 51806 3 0
0 51806 4 0
0 51806 5 0
0 51806 6 0
0 51806 7 0
0 51806 8 0
0 48101 9 0
0 48101 10 0
0 48101 11 0
0 48101 12 0
0 48101 13 0
0 48101 14 0
0 65186 15 0
0 65186 0 0
0 65186 1 0
0 65186 2 0
0 65186 3 0
0 65186 4 0
0 3836 5 0
0 3836 6 0
0 3836 7 0
0 3836 8 0
0 3836 9 0
0 3836 10 0
0 21603 11 0
0 21603 12 0
0 21603 13 0
0 21603 14 0
0 21603 15 0
0 21603 0 0
0 63997 1 0
0 63997 2 0
0 63997 3 0
0 63997 4 0
0 63997 5 0
0 63997 6 0
0 46167 7 0
0 46167 8 0
0 46167 9 0
0 46167 10 0
0 46167 11 0
0 46167 12 0
0 9504 13 0
0 9504 14 0
0 9504 15 0
0 9504 0 0
0 9504 1 0
0 9504 2 0
0 42344 3 0
0 42344 4 0
0 42344 5 0
0 42344 6 0
0 42344 7 0
0 42344 8 0
0 29039 9 0
0 29039 10 0
0 29039 11 0
0 29039 12 0
0 29039 13 0
0 29039 14 0
0 4942 15 0
0 4942 0 0
0 4942 1 0
0 4942 2 0
0 4942 3 0
0 4942 4 0
0 38389 5 0
0 38389 6 0
0 38389 7 0
0 38389 8 0
0 38389 9 0
0 38389 10 0
0 5303 11 0
0 5303 12 0
0 5303 13 0
0 5303 14 0
0 5303 15 0
0 5303 0 0
0 56393 1 0
0 56393 2 0
0 56393 3 0
0 56393 4 0
0 56393 5 0
0 56393 6 0
0 34435 7 0
0 34435 8 0
0 34435 9 0
0 34435 10 0
0 34435 11 0
0 34435 12 0
0 47136 13 0
0 47136 14 0
0 47136 15 0
0 47136 0 0
0 47136 1 0
0 47136 2 0
0 8616 3 0
0 8616 4 0
0 8616 5 0
0 8616 6 0
0 8616 7 0
0 8616 8 0
0 42977 9 0
0 42977 10 0
0 42977 11 0
0 42977 12 0
0 42977 13 0
0 42977 14 0
0 11832 15 0
0 11832 0 0
0 11832 1 0
0 11832 2 0
0 11832 3 0
0 11832 4 0
0 5080 5 0
0 5080 6 0
0 5080 7 0
0 5080 8 0
0 5080 9 0
0 5080 10 0
0 50706 11 0
0 50706 12 0
0 50706 13 0
0 50706 14 0
0 50706 15 0
0 50706 0 0
0 12061 1 0
0 12061 2 0
0 12061 3 0
0 12061 4 0
0 12061 5 0
0 12061 6 0
0 52845 7 0
0 52845 8 0
0 52845 9 0
0 52845 10 0
0 52845 11 0
0 52845 12 0
0 59317 13 0
0 59317 14 0
0 59317 15 0
0 59317 0 0
0 59317 1 0
0 59317 2 0
0 27824 3 0
0 27824 4 0
0 27824 5 0
0 27824 6 0
0 27824 7 0
0 27824 8 0
0 47266 9 0
0 47266 10 0
0 47266 11 0
0 47266 12 0
0 47266 13 0
0 47266 14 0
0 3524 15 0
0 3524 0 0
0 3524 1 0
0 3524 2 0
0 3524 3 0
0 3524 4 0
0 51648 5 0
0 51648 6 0
0 51648 7 0
0 51648 8 0
0 51648 9 0
0 51648 10 0
0 58436 11 0
0 58436 12 0
0 58436 13 0
0 58436 14 0
0 58436 15 0
0 58436 0 0
0 50405 1 0
0 50405 2 0
0 50405 3 0
0 50405 4 0
0 50405 5 0
0 50405 6 0
0 25642 7 0
0 25642 8 0
0 25642 9 0
0 25642 10 0
0 25642 11 0
0 25642 12 0
0 4748 13 0
0 4748 14 0
0 4748 15 0
0 4748 0 0
0 4748 1 0
0 4748 2 0
0 30764 3 0
0 30764 4 0
0 30764 5 0
0 30764 6 0
0 30764 7 0
0 30764 8 0
0 7252 9 0
0 7252 10 0
0 7252 11 0
0 7252 12 0
0 7252 13 0
0 7252 14 0
0 38171 15 0
0 38171 0 0
0 38171 1 0
0 38171 2 0
0 38171 3 0
0 38171 4 0
0 37560 5 0
0 37560 6 0
0 37560 7 0
0 37560 8 0
0 37560 9 0
0 37560 10 0
0 49718 11 0
0 49718 12 0
0 49718 13 0
0 49718 14 0
0 49718 15 0
0 49718 0 0
0 60523 1 0
0 60523 2 0
0 60523 3 0
0 60523 4 0
0 60523 5 0
0 60523 6 0
0 43651 7 0
0 43651 8 0
0 43651 9 0
0 43651 10 0
0 43651 11 0
0 43651 12 0
0 54229 13 0
0 54229 14 0
0 54229 15 0
0 54229 0 0
0 54229 1 0
0 54229 2 0
0 50142 3 0
0 50142 4 0
0 50142 5 0
0 50142 6 0
0 50142 7 0
0 50142 8 0
0 14855 9 0
0 14855 10 0
0 14855 11 0
0 14855 12 0
0 14855 13 0
0 14855 14 0
0 53823 15 0
0 53823 0 0
0 53823 1 0
0 53823 2 0
0 53823 3 0
0 53823 4 0
0 59576 5 0
0 59576 6 0
0 59576 7 0
0 59576 8 0
0 59576 9 0
0 59576 10 0
0 38241 11 0
0 38241 12 0
0 38241 13 0
0 38241 14 0
0 38241 15 0
0 38241 0 0
0 61553 1 0
0 61553 2 0
0 61553 3 0
0 61553 4 0
0 61553 5 0
0 61553 6 0
0 27616 7 0
0 27616 8 0
0 27616 9 0
0 27616 10 0
0 27616 11 0
0 27616 12 0
0 781 13 0
0 781 14 0
0 781 15 0
0 781 0 0
0 781 1 0
0 781 2 0
0 35917 3 0
0 35917 4 0
0 35917 5 0
0 35917 6 0
0 35917 7 0
0 35917 8 0
0 53032 9 0
0 53032 10 0
0 53032 11 0
0 53032 12 0
0 53032 13 0
0 53032 14 0
0 27620 15 0
0 27620 0 0
0 27620 1 0
0 27620 2 0
0 27620 3 0
0 27620 4 0
0 56103 5 0
0 56103 6 0
0 56103 7 0
0 56103 8 0
0 56103 9 0
0 56103 10 0
0 8540 11 0
0 8540 12 0
0 8540 13 0
0 8540 14 0
0 8540 15 0
0 8540 0 0
0 41004 1 0
0 41004 2 0
0 41004 3 0
0 41004 4 0
0 41004 5 0
0 41004 6 0
0 53103 7 0
0 53103 8 0
0 53103 9 0
0 53103 10 0
0 53103 11 0
0 53103 12 0
0 62477 13 0
0 62477 14 0
0 62477 15 0
0 62477 0 0
0 62477 1 0
0 62477 2 0
0 1362 3 0
0 1362 4 0
0 1362 5 0
0 1362 6 0
0 1362 7 0
0 1362 8 0
0 51261 9 0
0 51261 10 0
0 51261 11 0
0 51261 12 0
0 51261 13 0
0 51261 14 0
0 59321 15 0
0 59321 0 0
0 59321 1 0
0 59321 2 0
0 59321 3 0
0 59321 4 0
0 30682 5 0
0 30682 6 0
0 30682 7 0
0 30682 8 0
0 30682 9 0
0 30682 10 0
0 1379 11 0
0 1379 12 0
0 1379 13 0
0 1379 14 0
0 1379 15 0
0 1379 0 0
0 21868 1 0
0 21868 2 0
0 21868 3 0
0 21868 4 0
0 21868 5 0
0 21868 6 0
0 31736 7 0
0 31736 8 0
0 31736 9 0
0 31736 10 0
0 31736 11 0
0 31736 12 0
0 27445 13 0
0 27445 14 0
0 27445 15 0
0 27445 0 0
0 27445 1 0
0 27445 2 0
0 64088 3 0
0 64088 4 0
0 64088 5 0
0 64088 6 0
0 64088 7 0
0 64088 8 0
0 38482 9 0
0 38482 10 0
0 38482 11 0
0 38482 12 0
0 38482 13 0
0 38482 14 0
0 61803 15 0
0 61803 0 0
0 61803 1 0
0 61803 2 0
0 61803 3 0
0 61803 4 0
0 31893 5 0
0 31893 6 0
0 31893 7 0
0 31893 8 0
0 31893 9 0
0 31893 10 0
0 12366 11 0
0 12366 12 0
0 12366 13 0
0 12366 14 0
0 12366 15 0
0 12366 0 0
0 25105 1 0
0 25105 2 0
0 25105 3 0
0 25105 4 0
0 25105 5 0
0 25105 6 0
0 29958 7 0
0 29958 8 0
0 29958 9 0
0 29958 10 0
0 29958 11 0
0 29958 12 0
0 48670 13 0
0 48670 14 0
0 48670 15 0
0 48670 0 0
0 48670 1 0
0 48670 2 0
0 28252 3 0
0 28252 4 0
0 28252 5 0
0 28252 6 0
0 28252 7 0
0 28252 8 0
0 60008 9 0
0 60008 10 0
0 60008 11 0
0 60008 12 0
0 60008 13 0
0 60008 14 0
0 47861 15 0
0 47861 0 0
0 47861 1 0
0 47861 2 0
0 47861 3 0
0 47861 4 0
0 40814 5 0
0 40814 6 0
0 40814 7 0
0 40814 8 0
0 40814 9 0
0 40814 10 0
0 16594 11 0
0 16594 12 0
0 16594 13 0
0 16594 14 0
0 16594 15 0
0 16594 0 0
0 11852 1 0
0 11852 2 0
0 11852 3 0
0 11852 4 0
0 11852 5 0
0 11852 6 0
0 39601 7 0
0 39601 8 0
0 39601 9 0
0 39601 10 0
0 39601 11 0
0 39601 12 0
0 34362 13 0
0 34362 14 0
0 34362 15 0
0 34362 0 0
0 34362 1 0
0 34362 2 0
0 37727 3 0
0 37727 4 0
0 37727 5 0
0 37727 6 0
0 37727 7 0
0 37727 8 0
0 52438 9 0
0 52438 10 0
0 52438 11 0
0 52438 12 0
0 52438 13 0
0 52438 14 0
0 14478 15 0
0 14478 0 0
0 14478 1 0
0 14478 2 0
0 14478 3 0
0 14478 4 0
0 63321 5 0
0 63321 6 0
0 63321 7 0
0 63321 8 0
0 63321 9 0
0 63321 10 0
0 61133 11 0
0 61133 12 0
0 61133 13 0
0 61133 14 0
0 61133 15 0
0 61133 0 0
0 55426 1 0
0 55426 2 0
0 55426 3 0
0 55426 4 0
0 55426 5 0
0 55426 6 0
0 48009 7 0
0 48009 8 0
0 48009 9 0
0 48009 10 0
0 48009 11 0
0 48009 12 0
0 9396 13 0
0 9396 14 0
0 9396 15 0
0 9396 0 0
0 9396 1 0
0 9396 2 0
0 52583 3 0
0 52583 4 0
0 52583 5 0
0 52583 6 0
0 52583 7 0
0 52583 8 0
0 34272 9 0
0 34272 10 0
0 34272 11 0
0 34272 12 0
0 34272 13 0
0 34272 14 0
0 15894 15 0
0 15894 0 0
0 15894 1 0
0 15894 2 0
0 15894 3 0
0 15894 4 0
0 34211 5 0
0 34211 6 0
0 34211 7 0
0 34211 8 0
0 34211 9 0
0 34211 10 0
0 5731 11 0
0 5731 12 0
0 5731 13 0
0 5731 14 0
0 5731 15 0
0 5731 0 0
0 36038 1 0
0 36038 2 0
0 36038 3 0
0 36038 4 0
0 36038 5 0
0 36038 6 0
0 13213 7 0
0 13213 8 0
0 13213 9 0
0 13213 10 0
0 13213 11 0
0 13213 12 0
0 9015 13 0
0 9015 14 0
0 9015 15 0
0 9015 0 0
0 9015 1 0
0 9015 2 0
0 29620 3 0
0 29620 4 0
0 29620 5 0
0 29620 6 0
0 29620 7 0
0 29620 8 0
0 58920 9 0
0 58920 10 0
0 58920 11 0
0 58920 12 0
0 58920 13 0
0 58920 14 0
0 17393 15 0
0 17393 0 0
0 17393 1 0
0 17393 2 0
0 17393 3 0
0 17393 4 0
0 50256 5 0
0 50256 6 0
0 50256 7 0
0 50256 8 0
0 50256 9 0
0 50256 10 0
0 26521 11 0
0 26521 12 0
0 26521 13 0
0 26521 14 0
0 26521 15 0
0 26521 0 0
0 49038 1 0
0 49038 2 0
0 49038 3 0
0 49038 4 0
0 49038 5 0
0 49038 6 0
0 61375 7 0
0 61375 8 0
0 61375 9 0
0 61375 10 0
0 61375 11 0
0 61375 12 0
0 34230 13 0
0 34230 14 0
0 34230 15 0
0 34230 0 0
0 34230 1 0
0 34230 2 0
0 45502 3 0
0 45502 4 0
0 45502 5 0
0 45502 6 0
0 45502 7 0
0 45502 8 0
0 17508 9 0
0 17508 10 0
0 17508 11 0
0 17508 12 0
0 17508 13 0
0 17508 14 0
0 63821 15 0
0 63821 0 0
0 63821 1 0
0 63821 2 0
0 63821 3 0
0 63821 4 0
0 21776 5 0
0 21776 6 0
0 21776 7 0
0 21776 8 0
0 21776 9 0
0 21776 10 0
0 37763 11 0
0 37763 12 0
0 37763 13 0
0 37763 14 0
0 37763 15 0
0 37763 0 0
0 19902 1 0
0 19902 2 0
0 19902 3 0
0 19902 4 0
0 19902 5 0
0 19902 6 0
0 3053 7 0
0 3053 8 0
0 3053 9 0
0 3053 10 0
0 3053 11 0
0 3053 12 0
0 36373 13 0
0 36373 14 0
0 36373 15 0
0 36373 0 0
0 36373 1 0
0 36373 2 0
0 49626 3 0
0 49626 4 0
0 49626 5 0
0 49626 6 0
0 49626 7 0
0 49626 8 0
0 17115 9 0
0 17115 10 0
0 17115 11 0
0 17115 12 0
0 17115 13 0
0 17115 14 0
0 5108 15 0
0 5108 0 0
0 5108 1 0
0 5108 2 0
0 5108 3 0
0 5108 4 0
0 50856 5 0
0 50856 6 0
0 50856 7 0
0 50856 8 0
0 50856 9 0
0 50856 10 0
0 51362 11 0
0 51362 12 0
0 51362 13 0
0 51362 14 0
0 51362 15 0
0 51362 0 0
0 2476 1 0
0 2476 2 0
0 2476 3 0
0 2476 4 0
0 2476 5 0
0 2476 6 0
0 25454 7 0
0 25454 8 0
0 25454 9 0
0 25454 10 0
0 25454 11 0
0 25454 12 0
0 43964 13 0
0 43964 14 0
0 43964 15 0
0 43964 0 0
0 43964 1 0
0 43964 2 0
0 45836 3 0
0 45836 4 0
0 45836 5 0
0 45836 6 0
0 45836 7 0
0 45836 8 0
0 50976 9 0
0 50976 10 0
0 50976 11 0
0 50976 12 0
0 50976 13 0
0 50976 14 0
0 50353 15 0
0 50353 0 0
0 50353 1 0
0 50353 2 0
0 50353 3 0
0 50353 4 0
0 42059 5 0
0 42059 6 0
0 42059 7 0
0 42059 8 0
0 42059 9 0
0 42059 10 0
0 35827 11 0
0 35827 12 0
0 35827 13 0
0 35827 14 0
0 35827 15 0
0 35827 0 0
0 29240 1 0
0 29240 2 0
0 29240 3 0
0 29240 4 0
0 29240 5 0
0 29240 6 0
0 64419 7 0
0 64419 8 0
0 64419 9 0
0 64419 10 0
0 64419 11 0
0 64419 12 0
0 42244 13 0
0 42244 14 0
0 42244 15 0
0 42244 0 0
0 42244 1 0
0 42244 2 0
0 39306 3 0
0 39306 4 0
0 39306 5 0
0 39306 6 0
0 39306 7 0
0 39306 8 0
0 41436 9 0
0 41436 10 0
0 41436 11 0
0 41436 12 0
0 41436 13 0
0 41436 14 0
0 23971 15 0
0 23971 0 0
0 23971 1 0
0 23971 2 0
0 23971 3 0
0 23971 4 0
0 1877 5 0
0 1877 6 0
0 1877 7 0
0 1877 8 0
0 1877 9 0
0 1877 10 0
0 587 11 0
0 587 12 0
0 587 13 0
0 587 14 0
0 587 15 0
0 587 0 0
0 33409 1 0
0 33409 2 0
0 33409 3 0
0 33409 4 0
0 33409 5 0
0 33409 6 0
0 22132 7 0
0 22132 8 0
0 22132 9 0
0 22132 10 0
0 22132 11 0
0 22132 12 0
0 4584 13 0
0 4584 14 0
0 4584 15 0
0 4584 0 0
0 4584 1 0
0 4584 2 0
0 15516 3 0
0 15516 4 0
0 15516 5 0
0 15516 6 0
0 15516 7 0
0 15516 8 0
0 49821 9 0
0 49821 10 0
0 49821 11 0
0 49821 12 0
0 49821 13 0
0 49821 14 0
0 23092 15 0
0 23092 0 0
0 23092 1 0
0 23092 2 0
0 23092 3 0
0 23092 4 0
0 21959 5 0
0 21959 6 0
0 21959 7 0
0 21959 8 0
0 21959 9 0
0 21959 10 0
0 63932 11 0
0 63932 12 0
0 63932 13 0
0 63932 14 0
0 63932 15 0
0 63932 0 0
0 15063 1 0
0 15063 2 0
0 15063 3 0
0 15063 4 0
0 15063 5 0
0 15063 6 0
0 37776 7 0
0 37776 8 0
0 37776 9 0
0 37776 10 0
0 37776 11 0
0 37776 12 0
0 25024 13 0
0 25024 14 0
0 25024 15 0
0 25024 0 0
0 25024 1 0
0 25024 2 0
0 35302 3 0
0 35302 4 0
0 35302 5 0
0 35302 6 0
0 35302 7 0
0 35302 8 0
0 18037 9 0
0 18037 10 0
0 18037 11 0
0 18037 12 0
0 18037 13 0
0 18037 14 0
0 46873 15 0
0 46873 0 0
0 46873 1 0
0 46873 2 0
0 46873 3 0
0 46873 4 0
0 27386 5 0
0 27386 6 0
0 27386 7 0
0 27386 8 0
0 27386 9 0
0 27386 10 0
0 17083 11 0
0 17083 12 0
0 17083 13 0
0 17083 14 0
0 17083 15 0
0 17083 0 0
0 30282 1 0
0 30282 2 0
0 30282 3 0
0 30282 4 0
0 30282 5 0
0 30282 6 0
0 7793 7 0
0 7793 8 0
0 7793 9 0
0 7793 10 0
0 7793 11 0
0 7793 12 0
0 28811 13 0
0 28811 14 0
0 28811 15 0
0 28811 0 0
0 28811 1 0
0 28811 2 0
0 49814 3 0
0 49814 4 0
0 49814 5 0
0 49814 6 0
0 49814 7 0
0 49814 8 0
0 7631 9 0
0 7631 10 0
0 7631 11 0
0 7631 12 0
0 7631 13 0
0 7631 14 0
0 34530 15 0
0 34530 0 0
0 34530 1 0
0 34530 2 0
0 34530 3 0
0 34530 4 0
0 58564 5 0
0 58564 6 0
0 58564 7 0
0 58564 8 0
0 58564 9 0
0 58564 10 0
0 63028 11 0
0 63028 12 0
0 63028 13 0
0 63028 14 0
0 63028 15 0
0 63028 0 0
0 41424 1 0
0 41424 2 0
0 41424 3 0
0 41424 4 0
0 41424 5 0
0 41424 6 0
0 48876 7 0
0 48876 8 0
0 48876 9 0
0 48876 10 0
0 48876 11 0
0 48876 12 0
0 62823 13 0
0 62823 14 0
0 62823 15 0
0 62823 0 0
0 62823 1 0
0 62823 2 0
0 62368 3 0
0 62368 4 0
0 62368 5 0
0 62368 6 0
0 62368 7 0
0 62368 8 0
0 14016 9 0
0 14016 10 0
0 14016 11 0
0 14016 12 0
0 14016 13 0
0 14016 14 0
0 40317 15 0
0 40317 0 0
0 40317 1 0
0 40317 2 0
0 40317 3 0
0 40317 4 0
0 13023 5 0
0 13023 6 0
0 13023 7 0
0 13023 8 0
0 13023 9 0
0 13023 10 0
0 32936 11 0
0 32936 12 0
0 32936 13 0
0 32936 14 0
0 32936 15 0
0 32936 0 0
0 5946 1 0
0 5946 2 0
0 5946 3 0
0 5946 4 0
0 5946 5 0
0 5946 6 0
0 15259 7 0
0 15259 8 0
0 15259 9 0
0 15259 10 0
0 15259 11 0
0 15259 12 0
0 8120 13 0
0 8120 14 0
0 8120 15 0
0 8120 0 0
0 8120 1 0
0 8120 2 0
0 6305 3 0
0 6305 4 0
0 6305 5 0
0 6305 6 0
0 6305 7 0
0 6305 8 0
0 8467 9 0
0 8467 10 0
0 8467 11 0
0 8467 12 0
0 8467 13 0
0 8467 14 0
0 60901 15 0
0 60901 0 0
0 60901 1 0
0 60901 2 0
0 60901 3 0
0 60901 4 0
0 42876 5 0
0 42876 6 0
0 42876 7 0
0 42876 8 0
0 42876 9 0
0 42876 10 0
0 62812 11 0
0 62812 12 0
0 62812 13 0
0 62812 14 0
0 62812 15 0
0 62812 0 0
0 44984 1 0
0 44984 2 0
0 44984 3 0
0 44984 4 0
0 44984 5 0
0 44984 6 0
0 61935 7 0
0 61935 8 0
0 61935 9 0
0 61935 10 0
0 61935 11 0
0 61935 12 0
0 37953 13 0
0 37953 14 0
0 37953 15 0
0 37953 0 0
0 37953 1 0
0 37953 2 0
0 57872 3 0
0 57872 4 0
0 57872 5 0
0 57872 6 0
0 57872 7 0
0 57872 8 0
0 42801 9 0
0 42801 10 0
0 42801 11 0
0 42801 12 0
0 42801 13 0
0 42801 14 0
0 2106 15 0
0 2106 0 0
0 2106 1 0
0 2106 2 0
0 2106 3 0
0 2106 4 0
0 54665 5 0
0 54665 6 0
0 54665 7 0
0 54665 8 0
0 54665 9 0
0 54665 10 0
0 51741 11 0
0 51741 12 0
0 51741 13 0
0 51741 14 0
0 51741 15 0
0 51741 0 0
0 6233 1 0
0 6233 2 0
0 6233 3 0
0 6233 4 0
0 6233 5 0
0 6233 6 0
0 17854 7 0
0 17854 8 0
0 17854 9 0
0 17854 10 0
0 17854 11 0
0 17854 12 0
0 62821 13 0
0 62821 14 0
0 62821 15 0
0 62821 0 0
0 62821 1 0
0 62821 2 0
0 26723 3 0
0 26723 4 0
0 26723 5 0
0 26723 6 0
0 26723 7 0
0 26723 8 0
0 37920 9 0
0 37920 10 0
0 37920 11 0
0 37920 12 0
0 37920 13 0
0 37920 14 0
0 33308 15 0
0 33308 0 0
0 33308 1 0
0 33308 2 0
0 33308 3 0
0 33308 4 0
0 24862 5 0
0 24862 6 0
0 24862 7 0
0 24862 8 0
0 24862 9 0
0 24862 10 0
0 63234 11 0
0 63234 12 0
0 63234 13 0
0 63234 14 0
0 63234 15 0
0 63234 0 0
0 47075 1 0
0 47075 2 0
0 47075 3 0
0 47075 4 0
0 47075 5 0
0 47075 6 0
0 45743 7 0
0 45743 8 0
0 45743 9 0
0 45743 10 0
0 45743 11 0
0 45743 12 0
0 64077 13 0
0 64077 14 0
0 64077 15 0
0 64077 0 0
0 64077 1 0
0 64077 2 0
0 54375 3 0
0 54375 4 0
0 54375 5 0
0 54375 6 0
0 54375 7 0
0 54375 8 0
0 24090 9 0
0 24090 10 0
0 24090 11 0
0 24090 12 0
0 24090 13 0
0 24090 14 0
0 13051 15 0
0 13051 0 0
0 13051 1 0
0 13051 2 0
0 13051 3 0
0 13051 4 0
0 53447 5 0
0 53447 6 0
0 53447 7 0
0 53447 8 0
0 53447 9 0
0 53447 10 0
0 61460 11 0
0 61460 12 0
0 61460 13 0
0 61460 14 0
0 61460 15 0
0 61460 0 0
0 8199 1 0
0 8199 2 0
0 8199 3 0
0 8199 4 0
0 8199 5 0
0 8199 6 0
0 26234 7 0
0 26234 8 0
0 26234 9 0
0 26234 10 0
0 26234 11 0
0 26234 12 0
0 33754 13 0
0 33754 14 0
0 33754 15 0
0 33754 0 0
0 33754 1 0
0 33754 2 0
0 53602 3 0
0 53602 4 0
0 53602 5 0
0 53602 6 0
0 53602 7 0
0 53602 8 0
0 27591 9 0
0 27591 10 0
0 27591 11 0
0 27591 12 0
0 27591 13 0
0 27591 14 0
0 15497 15 0
0 15497 0 0
0 15497 1 0
0 15497 2 0
0 15497 3 0
0 15497 4 0
0 57278 5 0
0 57278 6 0
0 57278 7 0
0 57278 8 0
0 57278 9 0
0 57278 10 0
0 29653 11 0
0 29653 12 0
0 29653 13 0
0 29653 14 0
0 29653 15 0
0 29653 0 0
0 60305 1 0
0 60305 2 0
0 60305 3 0
0 60305 4 0
0 60305 5 0
0 60305 6 0
0 29623 7 0
0 29623 8 0
0 29623 9 0
0 29623 10 0
0 29623 11 0
0 29623 12 0
0 33339 13 0
0 33339 14 0
0 33339 15 0
0 33339 0 0
0 33339 1 0
0 33339 2 0
0 2408 3 0
0 2408 4 0
0 2408 5 0
0 2408 6 0
0 2408 7 0
0 2408 8 0
0 39791 9 0
0 39791 10 0
0 39791 11 0
0 39791 12 0
0 39791 13 0
0 39791 14 0
0 53488 15 0
0 53488 0 0
0 53488 1 0
0 53488 2 0
0 53488 3 0
0 53488 4 0
0 50446 5 0
0 50446 6 0
0 50446 7 0
0 50446 8 0
0 50446 9 0
0 50446 10 0
0 45092 11 0
0 45092 12 0
0 45092 13 0
0 45092 14 0
0 45092 15 0
0 45092 0 0
0 40928 1 0
0 40928 2 0
0 40928 3 0
0 40928 4 0
0 40928 5 0
0 40928 6 0
0 412 7 0
0 412 8 0
0 412 9 0
0 412 10 0
0 412 11 0
0 412 12 0
0 30476 13 0
0 30476 14 0
0 30476 15 0
0 30476 0 0
0 30476 1 0
0 30476 2 0
0 34062 3 0
0 34062 4 0
0 34062 5 0
0 34062 6 0
0 34062 7 0
0 34062 8 0
0 52402 9 0
0 52402 10 0
0 52402 11 0
0 52402 12 0
0 52402 13 0
0 52402 14 0
0 28259 15 0
0 28259 0 0
0 28259 1 0
0 28259 2 0
0 28259 3 0
0 28259 4 0
0 8997 5 0
0 8997 6 0
0 8997 7 0
0 8997 8 0
0 8997 9 0
0 8997 10 0
0 46865 11 0
0 46865 12 0
0 46865 13 0
0 46865 14 0
0 46865 15 0
0 46865 0 0
0 96 1 0
0 96 2 0
0 96 3 0
0 96 4 0
0 96 5 0
0 96 6 0
0 17881 7 0
0 17881 8 0
0 17881 9 0
0 17881 10 0
0 17881 11 0
0 17881 12 0
0 57488 13 0
0 57488 14 0
0 57488 15 0
0 57488 0 0
0 57488 1 0
0 57488 2 0
0 42630 3 0
0 42630 4 0
0 42630 5 0
0 42630 6 0
0 42630 7 0
0 42630 8 0
0 395 9 0
0 395 10 0
0 395 11 0
0 395 12 0
0 395 13 0
0 395 14 0
0 10683 15 0
0 10683 0 0
0 10683 1 0
0 10683 2 0
0 10683 3 0
0 10683 4 0
0 7448 5 0
0 7448 6 0
0 7448 7 0
0 7448 8 0
0 7448 9 0
0 7448 10 0
0 35785 11 0
0 35785 12 0
0 35785 13 0
0 35785 14 0
0 35785 15 0
0 35785 0 0
0 50186 1 0
0 50186 2 0
0 50186 3 0
0 50186 4 0
0 50186 5 0
0 50186 6 0
0 57550 7 0
0 57550 8 0
0 57550 9 0
0 57550 10 0
0 57550 11 0
0 57550 12 0
0 49895 13 0
0 49895 14 0
0 49895 15 0
0 49895 0 0
0 49895 1 0
0 49895 2 0
0 57567 3 0
0 57567 4 0
0 57567 5 0
0 57567 6 0
0 57567 7 0
0 57567 8 0
0 20379 9 0
0 20379 10 0
0 20379 11 0
0 20379 12 0
0 20379 13 0
0 20379 14 0
0 15261 15 0
0 15261 0 0
0 15261 1 0
0 15261 2 0
0 15261 3 0
0 15261 4 0
0 1890 5 0
0 1890 6 0
0 1890 7 0
0 1890 8 0
0 1890 9 0
0 1890 10 0
0 54561 11 0
0 54561 12 0
0 54561 13 0
0 54561 14 0
0 54561 15 0
0 54561 0 0
0 44133 1 0
0 44133 2 0
0 44133 3 0
0 44133 4 0
0 44133 5 0
0 44133 6 0
0 27584 7 0
0 27584 8 0
0 27584 9 0
0 27584 10 0
0 27584 11 0
0 27584 12 0
0 34824 13 0
0 34824 14 0
0 34824 15 0
0 34824 0 0
0 34824 1 0
0 34824 2 0
0 47144 3 0
0 47144 4 0
0 47144 5 0
0 47144 6 0
0 47144 7 0
0 47144 8 0
0 42149 9 0
0 42149 10 0
0 42149 11 0
0 42149 12 0
0 42149 13 0
0 42149 14 0
0 58028 15 0
0 58028 0 0
0 58028 1 0
0 58028 2 0
0 58028 3 0
0 58028 4 0
0 23620 5 0
0 23620 6 0
0 23620 7 0
0 23620 8 0
0 23620 9 0
0 23620 10 0
0 6419 11 0
0 6419 12 0
0 6419 13 0
0 6419 14 0
0 6419 15 0
0 6419 0 0
0 59807 1 0
0 59807 2 0
0 59807 3 0
0 59807 4 0
0 59807 5 0
0 59807 6 0
0 39152 7 0
0 39152 8 0
0 39152 9 0
0 39152 10 0
0 39152 11 0
0 39152 12 0
0 29205 13 0
0 29205 14 0
0 29205 15 0
