7 134217728 0
15 134217856 0
23 134217984 0
31 134218112 0
39 134218240 0
47 134218368 0
55 134218496 0
63 134218624 0
71 134218752 0
79 134218880 0
81 134219008 0
83 134219136 0
85 134219264 0
87 134219392 0
89 134219520 0
91 134219648 0
107 134219776 0
109 134219904 0
111 134220032 0
113 134220160 0
115 134220288 0
117 134220416 0
119 134220544 0
121 134220672 0
123 134220800 0
125 134220928 0
127 134221056 0
129 134221184 0
131 134221312 0
133 134221440 0
135 134221568 0
137 134221696 0
153 134221824 0
155 134221952 0
157 134222080 0
159 134222208 0
161 134222336 0
163 134222464 0
165 134222592 0
167 134222720 0
169 134222848 0
171 134222976 0
173 134223104 0
175 134223232 0
177 134223360 0
179 134223488 0
181 134223616 0
183 134223744 0
199 134223872 0
201 134224000 0
203 134224128 0
205 134224256 0
207 134224384 0
209 134224512 0
211 134224640 0
213 134224768 0
215 134224896 0
217 134225024 0
219 134225152 0
221 134225280 0
223 134225408 0
225 134225536 0
227 134225664 0
229 134225792 0
245 134225920 0
247 134226048 0
249 134226176 0
251 134226304 0
253 134226432 0
255 134226560 0
257 134226688 0
259 134226816 0
261 134226944 0
263 134227072 0
265 134227200 0
267 134227328 0
269 134227456 0
271 134227584 0
273 134227712 0
275 134227840 0
291 134227968 0
293 134228096 0
295 134228224 0
297 134228352 0
299 134228480 0
301 134228608 0
303 134228736 0
305 134228864 0
307 134228992 0
309 134229120 0
311 134229248 0
313 134229376 0
315 134229504 0
317 134229632 0
319 134229760 0
321 134229888 0
337 134230016 0
339 134230144 0
341 134230272 0
343 134230400 0
345 134230528 0
347 134230656 0
349 134230784 0
351 134230912 0
353 134231040 0
355 134231168 0
357 134231296 0
359 134231424 0
361 134231552 0
363 134231680 0
365 134231808 0
367 134231936 0
383 134232064 0
385 134232192 0
387 134232320 0
389 134232448 0
391 134232576 0
393 134232704 0
395 134232832 0
397 134232960 0
399 134233088 0
401 134233216 0
403 134233344 0
405 134233472 0
407 134233600 0
409 134233728 0
411 134233856 0
413 134233984 0
429 134234112 0
431 134234240 0
433 134234368 0
435 134234496 0
437 134234624 0
439 134234752 0
441 134234880 0
443 134235008 0
445 134235136 0
447 134235264 0
449 134235392 0
451 134235520 0
453 134235648 0
455 134235776 0
457 134235904 0
459 134236032 0
475 134236160 0
477 134236288 0
479 134236416 0
481 134236544 0
483 134236672 0
485 134236800 0
487 134236928 0
489 134237056 0
491 134237184 0
493 134237312 0
495 134237440 0
497 134237568 0
499 134237696 0
501 134237824 0
503 134237952 0
505 134238080 0
521 134238208 0
523 134238336 0
525 134238464 0
527 134238592 0
529 134238720 0
531 134238848 0
533 134238976 0
535 134239104 0
537 134239232 0
539 134239360 0
541 134239488 0
543 134239616 0
545 134239744 0
547 134239872 0
549 134240000 0
551 134240128 0
567 134240256 0
569 134240384 0
571 134240512 0
573 134240640 0
575 134240768 0
577 134240896 0
579 134241024 0
581 134241152 0
583 134241280 0
585 134241408 0
587 134241536 0
589 134241664 0
591 134241792 0
593 134241920 0
595 134242048 0
597 134242176 0
613 134242304 0
615 134242432 0
617 134242560 0
619 134242688 0
621 134242816 0
623 134242944 0
625 134243072 0
627 134243200 0
629 134243328 0
631 134243456 0
633 134243584 0
635 134243712 0
637 134243840 0
639 134243968 0
641 134244096 0
643 134244224 0
659 134244352 0
661 134244480 0
663 134244608 0
665 134244736 0
667 134244864 0
669 134244992 0
671 134245120 0
673 134245248 0
675 134245376 0
677 134245504 0
679 134245632 0
681 134245760 0
683 134245888 0
685 134246016 0
687 134246144 0
689 134246272 0
705 134246400 0
707 134246528 0
709 134246656 0
711 134246784 0
713 134246912 0
715 134247040 0
717 134247168 0
719 134247296 0
721 134247424 0
723 134247552 0
725 134247680 0
727 134247808 0
729 134247936 0
731 134248064 0
733 134248192 0
735 134248320 0
751 134248448 0
753 134248576 0
755 134248704 0
757 134248832 0
759 134248960 0
761 134249088 0
763 134249216 0
765 134249344 0
767 134249472 0
769 134249600 0
771 134249728 0
773 134249856 0
775 134249984 0
777 134250112 0
779 134250240 0
781 134250368 0
797 134250496 0
799 134250624 0
801 134250752 0
803 134250880 0
805 134251008 0
807 134251136 0
809 134251264 0
811 134251392 0
813 134251520 0
815 134251648 0
817 134251776 0
819 134251904 0
821 134252032 0
823 134252160 0
825 134252288 0
827 134252416 0
843 134252544 0
845 134252672 0
847 134252800 0
849 134252928 0
851 134253056 0
853 134253184 0
855 134253312 0
857 134253440 0
859 134253568 0
861 134253696 0
863 134253824 0
865 134253952 0
867 134254080 0
869 134254208 0
871 134254336 0
873 134254464 0
889 134254592 0
891 134254720 0
893 134254848 0
895 134254976 0
897 134255104 0
899 134255232 0
901 134255360 0
903 134255488 0
905 134255616 0
907 134255744 0
909 134255872 0
911 134256000 0
913 134256128 0
915 134256256 0
917 134256384 0
919 134256512 0
935 134256640 0
937 134256768 0
939 134256896 0
941 134257024 0
943 134257152 0
945 134257280 0
947 134257408 0
949 134257536 0
951 134257664 0
953 134257792 0
955 134257920 0
957 134258048 0
959 134258176 0
961 134258304 0
963 134258432 0
965 134258560 0
981 134258688 0
983 134258816 0
985 134258944 0
987 134259072 0
989 134259200 0
991 134259328 0
993 134259456 0
995 134259584 0
997 134259712 0
999 134259840 0
1001 134259968 0
1003 134260096 0
1005 134260224 0
1007 134260352 0
1009 134260480 0
1011 134260608 0
1027 134260736 0
1029 134260864 0
1031 134260992 0
1033 134261120 0
1035 134261248 0
1037 134261376 0
1039 134261504 0
1041 134261632 0
1043 134261760 0
1045 134261888 0
1047 134262016 0
1049 134262144 0
1051 134262272 0
1053 134262400 0
1055 134262528 0
1057 134262656 0
1073 134262784 0
1075 134262912 0
1077 134263040 0
1079 134263168 0
1081 134263296 0
1083 134263424 0
1085 134263552 0
1087 134263680 0
1089 134263808 0
1091 134263936 0
1093 134264064 0
1095 134264192 0
1097 134264320 0
1099 134264448 0
1101 134264576 0
1103 134264704 0
1119 134264832 0
1121 134264960 0
1123 134265088 0
1125 134265216 0
1127 134265344 0
1129 134265472 0
1131 134265600 0
1133 134265728 0
1135 134265856 0
1137 134265984 0
1139 134266112 0
1141 134266240 0
1143 134266368 0
1145 134266496 0
1147 134266624 0
1149 134266752 0
1165 134266880 0
1167 134267008 0
1169 134267136 0
1171 134267264 0
1173 134267392 0
1175 134267520 0
1177 134267648 0
1179 134267776 0
1181 134267904 0
1183 134268032 0
1185 134268160 0
1187 134268288 0
1189 134268416 0
1191 134268544 0
1193 134268672 0
1195 134268800 0
1211 134268928 0
1213 134269056 0
1215 134269184 0
1217 134269312 0
1219 134269440 0
1221 134269568 0
1223 134269696 0
1225 134269824 0
1227 134269952 0
1229 134270080 0
1231 134270208 0
1233 134270336 0
1235 134270464 0
1237 134270592 0
1239 134270720 0
1241 134270848 0
1257 134270976 0
1259 134271104 0
1261 134271232 0
1263 134271360 0
1265 134271488 0
1267 134271616 0
1269 134271744 0
1271 134271872 0
1273 134272000 0
1275 134272128 0
1277 134272256 0
1279 134272384 0
1281 134272512 0
1283 134272640 0
1285 134272768 0
1287 134272896 0
1303 134273024 0
1305 134273152 0
1307 134273280 0
1309 134273408 0
1311 134273536 0
1313 134273664 0
1315 134273792 0
1317 134273920 0
1319 134274048 0
1321 134274176 0
1323 134274304 0
1325 134274432 0
1327 134274560 0
1329 134274688 0
1331 134274816 0
1333 134274944 0
1349 134275072 0
1351 134275200 0
1353 134275328 0
1355 134275456 0
1357 134275584 0
1359 134275712 0
1361 134275840 0
1363 134275968 0
1365 134276096 0
1367 134276224 0
1369 134276352 0
1371 134276480 0
1373 134276608 0
1375 134276736 0
1377 134276864 0
1379 134276992 0
1395 134277120 0
1397 134277248 0
1399 134277376 0
1401 134277504 0
1403 134277632 0
1405 134277760 0
1407 134277888 0
1409 134278016 0
1411 134278144 0
1413 134278272 0
1415 134278400 0
1417 134278528 0
1419 134278656 0
1421 134278784 0
1423 134278912 0
1425 134279040 0
1441 134279168 0
1443 134279296 0
1445 134279424 0
1447 134279552 0
1449 134279680 0
1451 134279808 0
1453 134279936 0
1455 134280064 0
1457 134280192 0
1459 134280320 0
1461 134280448 0
1463 134280576 0
1465 134280704 0
1467 134280832 0
1469 134280960 0
1471 134281088 0
1487 134281216 0
1489 134281344 0
1491 134281472 0
1493 134281600 0
1495 134281728 0
1497 134281856 0
1499 134281984 0
1501 134282112 0
1503 134282240 0
1505 134282368 0
1507 134282496 0
1509 134282624 0
1511 134282752 0
1513 134282880 0
1515 134283008 0
1517 134283136 0
1533 134283264 0
1535 134283392 0
1537 134283520 0
1539 134283648 0
1541 134283776 0
1543 134283904 0
1545 134284032 0
1547 134284160 0
1549 134284288 0
1551 134284416 0
1553 134284544 0
1555 134284672 0
1557 134284800 0
1559 134284928 0
1561 134285056 0
1563 134285184 0
1579 134285312 0
1581 134285440 0
1583 134285568 0
1585 134285696 0
1587 134285824 0
1589 134285952 0
1591 134286080 0
1593 134286208 0
1595 134286336 0
1597 134286464 0
1599 134286592 0
1601 134286720 0
1603 134286848 0
1605 134286976 0
1607 134287104 0
1609 134287232 0
1625 134287360 0
1627 134287488 0
1629 134287616 0
1631 134287744 0
1633 134287872 0
1635 134288000 0
1637 134288128 0
1639 134288256 0
1641 134288384 0
1643 134288512 0
1645 134288640 0
1647 134288768 0
1649 134288896 0
1651 134289024 0
1653 134289152 0
1655 134289280 0
1671 134289408 0
1673 134289536 0
1675 134289664 0
1677 134289792 0
1679 134289920 0
1681 134290048 0
1683 134290176 0
1685 134290304 0
1687 134290432 0
1689 134290560 0
1691 134290688 0
1693 134290816 0
1695 134290944 0
1697 134291072 0
1699 134291200 0
1701 134291328 0
1717 134291456 0
1719 134291584 0
1721 134291712 0
1723 134291840 0
1725 134291968 0
1727 134292096 0
1729 134292224 0
1731 134292352 0
1733 134292480 0
1735 134292608 0
1737 134292736 0
1739 134292864 0
1741 134292992 0
1743 134293120 0
1745 134293248 0
1747 134293376 0
1763 134293504 0
1765 134293632 0
1767 134293760 0
1769 134293888 0
1771 134294016 0
1773 134294144 0
1775 134294272 0
1777 134294400 0
1779 134294528 0
1781 134294656 0
1783 134294784 0
1785 134294912 0
1787 134295040 0
1789 134295168 0
1791 134295296 0
1793 134295424 0
1809 134295552 0
1811 134295680 0
1813 134295808 0
1815 134295936 0
1817 134296064 0
1819 134296192 0
1821 134296320 0
1823 134296448 0
1825 134296576 0
1827 134296704 0
1829 134296832 0
1831 134296960 0
1833 134297088 0
1835 134297216 0
1837 134297344 0
1839 134297472 0
1855 134297600 0
1857 134297728 0
1859 134297856 0
1861 134297984 0
1863 134298112 0
1865 134298240 0
1867 134298368 0
1869 134298496 0
1871 134298624 0
1873 134298752 0
1875 134298880 0
1877 134299008 0
1879 134299136 0
1881 134299264 0
1883 134299392 0
1885 134299520 0
1901 134299648 0
1903 134299776 0
1905 134299904 0
1907 134300032 0
1909 134300160 0
1911 134300288 0
1913 134300416 0
1915 134300544 0
1917 134300672 0
1919 134300800 0
1921 134300928 0
1923 134301056 0
1925 134301184 0
1927 134301312 0
1929 134301440 0
1931 134301568 0
1947 134301696 0
1949 134301824 0
1951 134301952 0
1953 134302080 0
1955 134302208 0
1957 134302336 0
1959 134302464 0
1961 134302592 0
1963 134302720 0
1965 134302848 0
1967 134302976 0
1969 134303104 0
1971 134303232 0
1973 134303360 0
1975 134303488 0
1977 134303616 0
1993 134303744 0
1995 134303872 0
1997 134304000 0
1999 134304128 0
2001 134304256 0
2003 134304384 0
2005 134304512 0
2007 134304640 0
2009 134304768 0
2011 134304896 0
2013 134305024 0
2015 134305152 0
2017 134305280 0
2019 134305408 0
2021 134305536 0
2023 134305664 0
2039 134305792 0
2041 134305920 0
2043 134306048 0
2045 134306176 0
2047 134306304 0
2049 134306432 0
2051 134306560 0
2053 134306688 0
2055 134306816 0
2057 134306944 0
2059 134307072 0
2061 134307200 0
2063 134307328 0
2065 134307456 0
2067 134307584 0
2069 134307712 0
2085 134307840 0
2087 134307968 0
2089 134308096 0
2091 134308224 0
2093 134308352 0
2095 134308480 0
2097 134308608 0
2099 134308736 0
2101 134308864 0
2103 134308992 0
2105 134309120 0
2107 134309248 0
2109 134309376 0
2111 134309504 0
2113 134309632 0
2115 134309760 0
2131 134309888 0
2133 134310016 0
2135 134310144 0
2137 134310272 0
2139 134310400 0
2141 134310528 0
2143 134310656 0
2145 134310784 0
2147 134310912 0
2149 134311040 0
2151 134311168 0
2153 134311296 0
2155 134311424 0
2157 134311552 0
2159 134311680 0
2161 134311808 0
2177 134311936 0
2179 134312064 0
2181 134312192 0
2183 134312320 0
2185 134312448 0
2187 134312576 0
2189 134312704 0
2191 134312832 0
2193 134312960 0
2195 134313088 0
2197 134313216 0
2199 134313344 0
2201 134313472 0
2203 134313600 0
2205 134313728 0
2207 134313856 0
2223 134313984 0
2225 134314112 0
2227 134314240 0
2229 134314368 0
2231 134314496 0
2233 134314624 0
2235 134314752 0
2237 134314880 0
2239 134315008 0
2241 134315136 0
2243 134315264 0
2245 134315392 0
2247 134315520 0
2249 134315648 0
2251 134315776 0
2253 134315904 0
2269 134316032 0
2271 134316160 0
2273 134316288 0
2275 134316416 0
2277 134316544 0
2279 134316672 0
2281 134316800 0
2283 134316928 0
2285 134317056 0
2287 134317184 0
2289 134317312 0
2291 134317440 0
2293 134317568 0
2295 134317696 0
2297 134317824 0
2299 134317952 0
2315 134318080 0
2317 134318208 0
2319 134318336 0
2321 134318464 0
2323 134318592 0
2325 134318720 0
2327 134318848 0
2329 134318976 0
2331 134319104 0
2333 134319232 0
2335 134319360 0
2337 134319488 0
2339 134319616 0
2341 134319744 0
2343 134319872 0
2345 134320000 0
2361 134320128 0
2363 134320256 0
2365 134320384 0
2367 134320512 0
2369 134320640 0
2371 134320768 0
2373 134320896 0
2375 134321024 0
2377 134321152 0
2379 134321280 0
2381 134321408 0
2383 134321536 0
2385 134321664 0
2387 134321792 0
2389 134321920 0
2391 134322048 0
2407 134322176 0
2409 134322304 0
2411 134322432 0
2413 134322560 0
2415 134322688 0
2417 134322816 0
2419 134322944 0
2421 134323072 0
2423 134323200 0
2425 134323328 0
2427 134323456 0
2429 134323584 0
2431 134323712 0
2433 134323840 0
2435 134323968 0
2437 134324096 0
2453 134324224 0
2455 134324352 0
2457 134324480 0
2459 134324608 0
2461 134324736 0
2463 134324864 0
2465 134324992 0
2467 134325120 0
2469 134325248 0
2471 134325376 0
2473 134325504 0
2475 134325632 0
2477 134325760 0
2479 134325888 0
2481 134326016 0
2483 134326144 0
2499 134326272 0
2501 134326400 0
2503 134326528 0
2505 134326656 0
2507 134326784 0
2509 134326912 0
2511 134327040 0
2513 134327168 0
2515 134327296 0
2517 134327424 0
2519 134327552 0
2521 134327680 0
2523 134327808 0
2525 134327936 0
2527 134328064 0
2529 134328192 0
2545 134328320 0
2547 134328448 0
2549 134328576 0
2551 134328704 0
2553 134328832 0
2555 134328960 0
2557 134329088 0
2559 134329216 0
2561 134329344 0
2563 134329472 0
2565 134329600 0
2567 134329728 0
2569 134329856 0
2571 134329984 0
2573 134330112 0
2575 134330240 0
2591 134330368 0
2593 134330496 0
2595 134330624 0
2597 134330752 0
2599 134330880 0
2601 134331008 0
2603 134331136 0
2605 134331264 0
2607 134331392 0
2609 134331520 0
2611 134331648 0
2613 134331776 0
2615 134331904 0
2617 134332032 0
2619 134332160 0
2621 134332288 0
2637 134332416 0
2639 134332544 0
2641 134332672 0
2643 134332800 0
2645 134332928 0
2647 134333056 0
2649 134333184 0
2651 134333312 0
2653 134333440 0
2655 134333568 0
2657 134333696 0
2659 134333824 0
2661 134333952 0
2663 134334080 0
2665 134334208 0
2667 134334336 0
2683 134334464 0
2685 134334592 0
2687 134334720 0
2689 134334848 0
2691 134334976 0
2693 134335104 0
2695 134335232 0
2697 134335360 0
2699 134335488 0
2701 134335616 0
2703 134335744 0
2705 134335872 0
2707 134336000 0
2709 134336128 0
2711 134336256 0
2713 134336384 0
2729 134336512 0
2731 134336640 0
2733 134336768 0
2735 134336896 0
2737 134337024 0
2739 134337152 0
2741 134337280 0
2743 134337408 0
2745 134337536 0
2747 134337664 0
2749 134337792 0
2751 134337920 0
2753 134338048 0
2755 134338176 0
2757 134338304 0
2759 134338432 0
2775 134338560 0
2777 134338688 0
2779 134338816 0
2781 134338944 0
2783 134339072 0
2785 134339200 0
2787 134339328 0
2789 134339456 0
2791 134339584 0
2793 134339712 0
2795 134339840 0
2797 134339968 0
2799 134340096 0
2801 134340224 0
2803 134340352 0
2805 134340480 0
2821 134340608 0
2823 134340736 0
2825 134340864 0
2827 134340992 0
2829 134341120 0
2831 134341248 0
2833 134341376 0
2835 134341504 0
2837 134341632 0
2839 134341760 0
2841 134341888 0
2843 134342016 0
2845 134342144 0
2847 134342272 0
2849 134342400 0
2851 134342528 0
2867 134342656 0
2869 134342784 0
2871 134342912 0
2873 134343040 0
2875 134343168 0
2877 134343296 0
2879 134343424 0
2881 134343552 0
2883 134343680 0
2885 134343808 0
2887 134343936 0
2889 134344064 0
2891 134344192 0
2893 134344320 0
2895 134344448 0
2897 134344576 0
2913 134344704 0
2915 134344832 0
2917 134344960 0
2919 134345088 0
2921 134345216 0
2923 134345344 0
2925 134345472 0
2927 134345600 0
2929 134345728 0
2931 134345856 0
2933 134345984 0
2935 134346112 0
2937 134346240 0
2939 134346368 0
2941 134346496 0
2943 134346624 0
2959 134346752 0
2961 134346880 0
2963 134347008 0
2965 134347136 0
2967 134347264 0
2969 134347392 0
2971 134347520 0
2973 134347648 0
2975 134347776 0
2977 134347904 0
2979 134348032 0
2981 134348160 0
2983 134348288 0
2985 134348416 0
2987 134348544 0
2989 134348672 0
3005 134348800 0
3007 134348928 0
3009 134349056 0
3011 134349184 0
3013 134349312 0
3015 134349440 0
3017 134349568 0
3019 134349696 0
3021 134349824 0
3023 134349952 0
3025 134350080 0
