9 134217728 1
17 134217856 1
25 134217984 1
33 134218112 1
41 134218240 1
49 134218368 1
57 134218496 1
65 134218624 1
73 134218752 1
3041 134218880 1
3043 134219008 1
3045 134219136 1
3047 134219264 1
3049 134219392 1
3051 134219520 1
3053 134219648 1
3069 134219776 1
3071 134219904 1
3073 134220032 1
3075 134220160 1
3077 134220288 1
3079 134220416 1
3081 134220544 1
3083 134220672 1
3085 134220800 1
3087 134220928 1
3089 134221056 1
3091 134221184 1
3093 134221312 1
3095 134221440 1
3097 134221568 1
3099 134221696 1
3115 134221824 1
3117 134221952 1
3119 134222080 1
3121 134222208 1
3123 134222336 1
3227 134222464 1
3229 134222592 1
3231 134222720 1
3233 134222848 1
3235 134222976 1
3237 134223104 1
3239 134223232 1
3241 134223360 1
3243 134223488 1
3245 134223616 1
3247 134223744 1
3263 134223872 1
3265 134224000 1
3267 134224128 1
3269 134224256 1
3271 134224384 1
3273 134224512 1
3275 134224640 1
3277 134224768 1
3279 134224896 1
3281 134225024 1
3283 134225152 1
3285 134225280 1
3287 134225408 1
3289 134225536 1
3291 134225664 1
3293 134225792 1
3309 134225920 1
3311 134226048 1
3313 134226176 1
3315 134226304 1
3317 134226432 1
3319 134226560 1
3321 134226688 1
3323 134226816 1
3325 134226944 1
3327 134227072 1
3329 134227200 1
3331 134227328 1
3333 134227456 1
3335 134227584 1
3337 134227712 1
3339 134227840 1
3355 134227968 1
3357 134228096 1
3359 134228224 1
3361 134228352 1
3363 134228480 1
3365 134228608 1
3367 134228736 1
3369 134228864 1
3371 134228992 1
3373 134229120 1
3375 134229248 1
3377 134229376 1
3379 134229504 1
3381 134229632 1
3383 134229760 1
3385 134229888 1
3401 134230016 1
3403 134230144 1
3405 134230272 1
3407 134230400 1
3409 134230528 1
3411 134230656 1
3413 134230784 1
3415 134230912 1
3417 134231040 1
3419 134231168 1
3421 134231296 1
3423 134231424 1
3425 134231552 1
3427 134231680 1
3429 134231808 1
3431 134231936 1
3447 134232064 1
3449 134232192 1
3451 134232320 1
3453 134232448 1
3455 134232576 1
3457 134232704 1
3459 134232832 1
3461 134232960 1
3463 134233088 1
3465 134233216 1
3467 134233344 1
3469 134233472 1
3471 134233600 1
3473 134233728 1
3475 134233856 1
3477 134233984 1
3493 134234112 1
3495 134234240 1
3497 134234368 1
3499 134234496 1
3501 134234624 1
3503 134234752 1
3505 134234880 1
3507 134235008 1
3509 134235136 1
3511 134235264 1
3513 134235392 1
3515 134235520 1
3517 134235648 1
3519 134235776 1
3521 134235904 1
3523 134236032 1
3539 134236160 1
3541 134236288 1
3543 134236416 1
3545 134236544 1
3547 134236672 1
3549 134236800 1
3551 134236928 1
3553 134237056 1
3555 134237184 1
3557 134237312 1
3559 134237440 1
3561 134237568 1
3563 134237696 1
3565 134237824 1
3567 134237952 1
3569 134238080 1
3585 134238208 1
3587 134238336 1
3589 134238464 1
3591 134238592 1
3593 134238720 1
3595 134238848 1
3597 134238976 1
3599 134239104 1
3601 134239232 1
3603 134239360 1
3605 134239488 1
3607 134239616 1
3609 134239744 1
3611 134239872 1
3613 134240000 1
3615 134240128 1
3631 134240256 1
3633 134240384 1
3635 134240512 1
3637 134240640 1
3639 134240768 1
3641 134240896 1
3643 134241024 1
3645 134241152 1
3647 134241280 1
3649 134241408 1
3651 134241536 1
3653 134241664 1
3655 134241792 1
3657 134241920 1
3659 134242048 1
3661 134242176 1
3677 134242304 1
3679 134242432 1
3681 134242560 1
3683 134242688 1
3685 134242816 1
3687 134242944 1
3689 134243072 1
3691 134243200 1
3693 134243328 1
3695 134243456 1
3697 134243584 1
3699 134243712 1
3701 134243840 1
3703 134243968 1
3705 134244096 1
3707 134244224 1
3723 134244352 1
3725 134244480 1
3727 134244608 1
3729 134244736 1
3731 134244864 1
3733 134244992 1
3735 134245120 1
3737 134245248 1
3739 134245376 1
3741 134245504 1
3743 134245632 1
3745 134245760 1
3747 134245888 1
3749 134246016 1
3751 134246144 1
3753 134246272 1
3769 134246400 1
3771 134246528 1
3773 134246656 1
3775 134246784 1
3777 134246912 1
3779 134247040 1
3781 134247168 1
3783 134247296 1
3785 134247424 1
3787 134247552 1
3789 134247680 1
3791 134247808 1
3793 134247936 1
3795 134248064 1
3797 134248192 1
3799 134248320 1
3815 134248448 1
3817 134248576 1
3819 134248704 1
3821 134248832 1
3823 134248960 1
3825 134249088 1
3827 134249216 1
3829 134249344 1
3831 134249472 1
3833 134249600 1
3835 134249728 1
3837 134249856 1
3839 134249984 1
3841 134250112 1
3843 134250240 1
3845 134250368 1
3861 134250496 1
3863 134250624 1
3865 134250752 1
3867 134250880 1
3869 134251008 1
3871 134251136 1
3873 134251264 1
3875 134251392 1
3877 134251520 1
3879 134251648 1
3881 134251776 1
3883 134251904 1
3885 134252032 1
3887 134252160 1
3889 134252288 1
3891 134252416 1
3907 134252544 1
3909 134252672 1
3911 134252800 1
3913 134252928 1
3915 134253056 1
3917 134253184 1
3919 134253312 1
3921 134253440 1
3923 134253568 1
3925 134253696 1
3927 134253824 1
3929 134253952 1
3931 134254080 1
3933 134254208 1
3935 134254336 1
3937 134254464 1
3953 134254592 1
3955 134254720 1
3957 134254848 1
3959 134254976 1
3961 134255104 1
3963 134255232 1
3965 134255360 1
3967 134255488 1
3969 134255616 1
3971 134255744 1
3973 134255872 1
3975 134256000 1
3977 134256128 1
3979 134256256 1
3981 134256384 1
3983 134256512 1
3999 134256640 1
4001 134256768 1
4003 134256896 1
4005 134257024 1
4007 134257152 1
4009 134257280 1
4011 134257408 1
4013 134257536 1
4015 134257664 1
4017 134257792 1
4019 134257920 1
4021 134258048 1
4023 134258176 1
4025 134258304 1
4027 134258432 1
4029 134258560 1
4045 134258688 1
4047 134258816 1
4049 134258944 1
4051 134259072 1
4053 134259200 1
4055 134259328 1
4057 134259456 1
4059 134259584 1
4061 134259712 1
4063 134259840 1
4065 134259968 1
4067 134260096 1
4069 134260224 1
4071 134260352 1
4073 134260480 1
4075 134260608 1
4091 134260736 1
4093 134260864 1
4095 134260992 1
4097 134261120 1
4099 134261248 1
4101 134261376 1
4103 134261504 1
4105 134261632 1
4107 134261760 1
4109 134261888 1
4111 134262016 1
4113 134262144 1
4115 134262272 1
4117 134262400 1
4119 134262528 1
4121 134262656 1
4137 134262784 1
4139 134262912 1
4141 134263040 1
4143 134263168 1
4145 134263296 1
4147 134263424 1
4149 134263552 1
4151 134263680 1
4153 134263808 1
4155 134263936 1
4157 134264064 1
4159 134264192 1
4161 134264320 1
4163 134264448 1
4165 134264576 1
4167 134264704 1
4183 134264832 1
4185 134264960 1
4187 134265088 1
4189 134265216 1
4191 134265344 1
4193 134265472 1
4195 134265600 1
4197 134265728 1
4199 134265856 1
4201 134265984 1
4203 134266112 1
4205 134266240 1
4207 134266368 1
4209 134266496 1
4211 134266624 1
4213 134266752 1
4229 134266880 1
4231 134267008 1
4233 134267136 1
4235 134267264 1
4237 134267392 1
4239 134267520 1
4241 134267648 1
4243 134267776 1
4245 134267904 1
4247 134268032 1
4249 134268160 1
4251 134268288 1
4253 134268416 1
4255 134268544 1
4257 134268672 1
4259 134268800 1
4275 134268928 1
4277 134269056 1
4279 134269184 1
4281 134269312 1
4283 134269440 1
4285 134269568 1
4287 134269696 1
4289 134269824 1
4291 134269952 1
4293 134270080 1
4295 134270208 1
4297 134270336 1
4299 134270464 1
4301 134270592 1
4303 134270720 1
4305 134270848 1
4321 134270976 1
4323 134271104 1
4325 134271232 1
4327 134271360 1
4329 134271488 1
4331 134271616 1
4333 134271744 1
4335 134271872 1
4337 134272000 1
4339 134272128 1
4341 134272256 1
4343 134272384 1
4345 134272512 1
4347 134272640 1
4349 134272768 1
4351 134272896 1
4367 134273024 1
4369 134273152 1
4371 134273280 1
4373 134273408 1
4375 134273536 1
4377 134273664 1
4379 134273792 1
4381 134273920 1
4383 134274048 1
4385 134274176 1
4387 134274304 1
4389 134274432 1
4391 134274560 1
4393 134274688 1
4395 134274816 1
4397 134274944 1
4413 134275072 1
4415 134275200 1
4417 134275328 1
4419 134275456 1
4421 134275584 1
4423 134275712 1
4425 134275840 1
4427 134275968 1
4429 134276096 1
4431 134276224 1
4433 134276352 1
4435 134276480 1
4437 134276608 1
4439 134276736 1
4441 134276864 1
4443 134276992 1
4459 134277120 1
4461 134277248 1
4463 134277376 1
4465 134277504 1
4467 134277632 1
4469 134277760 1
4471 134277888 1
4473 134278016 1
4475 134278144 1
4477 134278272 1
4479 134278400 1
4481 134278528 1
4483 134278656 1
4485 134278784 1
4487 134278912 1
4489 134279040 1
4505 134279168 1
4507 134279296 1
4509 134279424 1
4511 134279552 1
4513 134279680 1
4515 134279808 1
4517 134279936 1
4519 134280064 1
4521 134280192 1
4523 134280320 1
4525 134280448 1
4527 134280576 1
4529 134280704 1
4531 134280832 1
4533 134280960 1
4535 134281088 1
4551 134281216 1
4553 134281344 1
4555 134281472 1
4557 134281600 1
4559 134281728 1
4561 134281856 1
4563 134281984 1
4565 134282112 1
4567 134282240 1
4569 134282368 1
4571 134282496 1
4573 134282624 1
4575 134282752 1
4577 134282880 1
4579 134283008 1
4581 134283136 1
4597 134283264 1
4599 134283392 1
4601 134283520 1
4603 134283648 1
4605 134283776 1
4607 134283904 1
4609 134284032 1
4611 134284160 1
4613 134284288 1
4615 134284416 1
4617 134284544 1
4619 134284672 1
4621 134284800 1
4623 134284928 1
4625 134285056 1
4627 134285184 1
4643 134285312 1
4645 134285440 1
4647 134285568 1
4649 134285696 1
4651 134285824 1
4653 134285952 1
4655 134286080 1
4657 134286208 1
4659 134286336 1
4661 134286464 1
4663 134286592 1
4665 134286720 1
4667 134286848 1
4669 134286976 1
4671 134287104 1
4673 134287232 1
4689 134287360 1
4691 134287488 1
4693 134287616 1
4695 134287744 1
4697 134287872 1
4699 134288000 1
4701 134288128 1
4703 134288256 1
4705 134288384 1
4707 134288512 1
4709 134288640 1
4711 134288768 1
4713 134288896 1
4715 134289024 1
4717 134289152 1
4719 134289280 1
4735 134289408 1
4737 134289536 1
4739 134289664 1
4741 134289792 1
4743 134289920 1
4745 134290048 1
4747 134290176 1
4749 134290304 1
4751 134290432 1
4753 134290560 1
4755 134290688 1
4757 134290816 1
4759 134290944 1
4761 134291072 1
4763 134291200 1
4765 134291328 1
4781 134291456 1
4783 134291584 1
4785 134291712 1
4787 134291840 1
4789 134291968 1
4791 134292096 1
4793 134292224 1
4795 134292352 1
4797 134292480 1
4799 134292608 1
4801 134292736 1
4803 134292864 1
4805 134292992 1
4807 134293120 1
4809 134293248 1
4811 134293376 1
4827 134293504 1
4829 134293632 1
4831 134293760 1
4833 134293888 1
4835 134294016 1
4837 134294144 1
4839 134294272 1
4841 134294400 1
4843 134294528 1
4845 134294656 1
4847 134294784 1
4849 134294912 1
4851 134295040 1
4853 134295168 1
4855 134295296 1
4857 134295424 1
4873 134295552 1
4875 134295680 1
4877 134295808 1
4879 134295936 1
4881 134296064 1
4883 134296192 1
4885 134296320 1
4887 134296448 1
4889 134296576 1
4891 134296704 1
4893 134296832 1
4895 134296960 1
4897 134297088 1
4899 134297216 1
4901 134297344 1
4903 134297472 1
4919 134297600 1
4921 134297728 1
4923 134297856 1
4925 134297984 1
4927 134298112 1
4929 134298240 1
4931 134298368 1
4933 134298496 1
4935 134298624 1
4937 134298752 1
4939 134298880 1
4941 134299008 1
4943 134299136 1
4945 134299264 1
4947 134299392 1
4949 134299520 1
4965 134299648 1
4967 134299776 1
4969 134299904 1
4971 134300032 1
4973 134300160 1
4975 134300288 1
4977 134300416 1
4979 134300544 1
4981 134300672 1
4983 134300800 1
4985 134300928 1
4987 134301056 1
4989 134301184 1
4991 134301312 1
4993 134301440 1
4995 134301568 1
5011 134301696 1
5013 134301824 1
5015 134301952 1
5017 134302080 1
5019 134302208 1
5021 134302336 1
5023 134302464 1
5025 134302592 1
5027 134302720 1
5029 134302848 1
5031 134302976 1
5033 134303104 1
5035 134303232 1
5037 134303360 1
5039 134303488 1
5041 134303616 1
5057 134303744 1
5059 134303872 1
5061 134304000 1
5063 134304128 1
5065 134304256 1
5067 134304384 1
5069 134304512 1
5071 134304640 1
5073 134304768 1
5075 134304896 1
5077 134305024 1
5079 134305152 1
5081 134305280 1
5083 134305408 1
5085 134305536 1
5087 134305664 1
5103 134305792 1
5105 134305920 1
5107 134306048 1
5109 134306176 1
5111 134306304 1
5113 134306432 1
5115 134306560 1
5117 134306688 1
5119 134306816 1
5121 134306944 1
5123 134307072 1
5125 134307200 1
5127 134307328 1
5129 134307456 1
5131 134307584 1
5133 134307712 1
5149 134307840 1
5151 134307968 1
5153 134308096 1
5155 134308224 1
5157 134308352 1
5159 134308480 1
5161 134308608 1
5163 134308736 1
5165 134308864 1
5167 134308992 1
5169 134309120 1
5171 134309248 1
5173 134309376 1
5175 134309504 1
5177 134309632 1
5179 134309760 1
5195 134309888 1
5197 134310016 1
5199 134310144 1
5201 134310272 1
5203 134310400 1
5205 134310528 1
5207 134310656 1
5209 134310784 1
5211 134310912 1
5213 134311040 1
5215 134311168 1
5217 134311296 1
5219 134311424 1
5221 134311552 1
5223 134311680 1
5225 134311808 1
5241 134311936 1
5243 134312064 1
5245 134312192 1
5247 134312320 1
5249 134312448 1
5251 134312576 1
5253 134312704 1
5255 134312832 1
5257 134312960 1
5259 134313088 1
5261 134313216 1
5263 134313344 1
5265 134313472 1
5267 134313600 1
5269 134313728 1
5271 134313856 1
5287 134313984 1
5289 134314112 1
5291 134314240 1
5293 134314368 1
5295 134314496 1
5297 134314624 1
5299 134314752 1
5301 134314880 1
5303 134315008 1
5305 134315136 1
5307 134315264 1
5309 134315392 1
5311 134315520 1
5313 134315648 1
5315 134315776 1
5317 134315904 1
5333 134316032 1
5335 134316160 1
5337 134316288 1
5339 134316416 1
5341 134316544 1
5343 134316672 1
5345 134316800 1
5347 134316928 1
5349 134317056 1
5351 134317184 1
5353 134317312 1
5355 134317440 1
5357 134317568 1
5359 134317696 1
5361 134317824 1
5363 134317952 1
5379 134318080 1
5381 134318208 1
5383 134318336 1
5385 134318464 1
5387 134318592 1
5389 134318720 1
5391 134318848 1
5393 134318976 1
5395 134319104 1
5397 134319232 1
5399 134319360 1
5401 134319488 1
5403 134319616 1
5405 134319744 1
5407 134319872 1
5409 134320000 1
5425 134320128 1
5427 134320256 1
5429 134320384 1
5431 134320512 1
5433 134320640 1
5435 134320768 1
5437 134320896 1
5439 134321024 1
5441 134321152 1
5443 134321280 1
5445 134321408 1
5447 134321536 1
5449 134321664 1
5451 134321792 1
5453 134321920 1
5455 134322048 1
5471 134322176 1
5473 134322304 1
5475 134322432 1
5477 134322560 1
5479 134322688 1
5481 134322816 1
5483 134322944 1
5485 134323072 1
5487 134323200 1
5489 134323328 1
5491 134323456 1
5493 134323584 1
5495 134323712 1
5497 134323840 1
5499 134323968 1
5501 134324096 1
5517 134324224 1
5519 134324352 1
5521 134324480 1
5523 134324608 1
5525 134324736 1
5527 134324864 1
5529 134324992 1
5531 134325120 1
5533 134325248 1
5535 134325376 1
5537 134325504 1
5539 134325632 1
5541 134325760 1
5543 134325888 1
5545 134326016 1
5547 134326144 1
5563 134326272 1
5565 134326400 1
5567 134326528 1
5569 134326656 1
5571 134326784 1
5573 134326912 1
5575 134327040 1
5577 134327168 1
5579 134327296 1
5581 134327424 1
5583 134327552 1
5585 134327680 1
5587 134327808 1
5589 134327936 1
5591 134328064 1
5593 134328192 1
5609 134328320 1
5611 134328448 1
5613 134328576 1
5615 134328704 1
5617 134328832 1
5619 134328960 1
5621 134329088 1
5623 134329216 1
5625 134329344 1
5627 134329472 1
5629 134329600 1
5631 134329728 1
5633 134329856 1
5635 134329984 1
5637 134330112 1
5639 134330240 1
5655 134330368 1
5657 134330496 1
5659 134330624 1
5661 134330752 1
5663 134330880 1
5665 134331008 1
5667 134331136 1
5669 134331264 1
5671 134331392 1
5673 134331520 1
5675 134331648 1
5677 134331776 1
5679 134331904 1
5681 134332032 1
5683 134332160 1
5685 134332288 1
5701 134332416 1
5703 134332544 1
5705 134332672 1
5707 134332800 1
5709 134332928 1
5711 134333056 1
5713 134333184 1
5715 134333312 1
5717 134333440 1
5719 134333568 1
5721 134333696 1
5723 134333824 1
5725 134333952 1
5727 134334080 1
5729 134334208 1
5731 134334336 1
5747 134334464 1
5749 134334592 1
5751 134334720 1
5753 134334848 1
5755 134334976 1
5757 134335104 1
5759 134335232 1
5761 134335360 1
5763 134335488 1
5765 134335616 1
5767 134335744 1
5769 134335872 1
5771 134336000 1
5773 134336128 1
5775 134336256 1
5777 134336384 1
5793 134336512 1
5795 134336640 1
5797 134336768 1
5799 134336896 1
5801 134337024 1
5803 134337152 1
5805 134337280 1
5807 134337408 1
5809 134337536 1
5811 134337664 1
5813 134337792 1
5815 134337920 1
5817 134338048 1
5819 134338176 1
5821 134338304 1
5823 134338432 1
5839 134338560 1
5841 134338688 1
5843 134338816 1
5845 134338944 1
5847 134339072 1
5849 134339200 1
5851 134339328 1
5853 134339456 1
5855 134339584 1
5857 134339712 1
5859 134339840 1
5861 134339968 1
5863 134340096 1
5865 134340224 1
5867 134340352 1
5869 134340480 1
5885 134340608 1
5887 134340736 1
5889 134340864 1
5891 134340992 1
5893 134341120 1
5895 134341248 1
5897 134341376 1
5899 134341504 1
5901 134341632 1
5903 134341760 1
5905 134341888 1
5907 134342016 1
5909 134342144 1
5911 134342272 1
5913 134342400 1
5915 134342528 1
5931 134342656 1
5933 134342784 1
5935 134342912 1
5937 134343040 1
5939 134343168 1
5941 134343296 1
5943 134343424 1
5945 134343552 1
5947 134343680 1
5949 134343808 1
5951 134343936 1
5953 134344064 1
5955 134344192 1
5957 134344320 1
5959 134344448 1
5961 134344576 1
5977 134344704 1
5979 134344832 1
5981 134344960 1
5983 134345088 1
5985 134345216 1
5987 134345344 1
5989 134345472 1
5991 134345600 1
5993 134345728 1
5995 134345856 1
5997 134345984 1
5999 134346112 1
6001 134346240 1
6003 134346368 1
6005 134346496 1
6007 134346624 1
6023 134346752 1
6025 134346880 1
6027 134347008 1
6029 134347136 1
6031 134347264 1
6033 134347392 1
6035 134347520 1
6037 134347648 1
6039 134347776 1
6041 134347904 1
6043 134348032 1
6045 134348160 1
6047 134348288 1
6049 134348416 1
6051 134348544 1
6053 134348672 1
6069 134348800 1
6071 134348928 1
6073 134349056 1
6075 134349184 1
6077 134349312 1
6079 134349440 1
6081 134349568 1
6083 134349696 1
6085 134349824 1
6087 134349952 1
6089 134350080 1
