11 134217728 2
19 134217856 2
27 134217984 2
35 134218112 2
43 134218240 2
51 134218368 2
59 134218496 2
67 134218624 2
75 134218752 2
6105 134218880 2
6107 134219008 2
6109 134219136 2
6111 134219264 2
6113 134219392 2
6115 134219520 2
6117 134219648 2
6133 134219776 2
6135 134219904 2
6137 134220032 2
6139 134220160 2
6141 134220288 2
6143 134220416 2
6145 134220544 2
6147 134220672 2
6149 134220800 2
6151 134220928 2
6153 134221056 2
6155 134221184 2
6157 134221312 2
6159 134221440 2
6161 134221568 2
6163 134221696 2
6179 134221824 2
6181 134221952 2
6183 134222080 2
6185 134222208 2
6187 134222336 2
6189 134222464 2
6191 134222592 2
6193 134222720 2
6195 134222848 2
6197 134222976 2
6199 134223104 2
6201 134223232 2
6203 134223360 2
6205 134223488 2
6207 134223616 2
6209 134223744 2
6225 134223872 2
6227 134224000 2
6229 134224128 2
6231 134224256 2
6233 134224384 2
6235 134224512 2
6237 134224640 2
6239 134224768 2
6241 134224896 2
6243 134225024 2
6347 134225152 2
6349 134225280 2
6351 134225408 2
6353 134225536 2
6355 134225664 2
6357 134225792 2
6373 134225920 2
6375 134226048 2
6377 134226176 2
6379 134226304 2
6381 134226432 2
6383 134226560 2
6385 134226688 2
6387 134226816 2
6389 134226944 2
6391 134227072 2
6393 134227200 2
6395 134227328 2
6397 134227456 2
6399 134227584 2
6401 134227712 2
6403 134227840 2
6419 134227968 2
6421 134228096 2
6423 134228224 2
6425 134228352 2
6427 134228480 2
6429 134228608 2
6431 134228736 2
6433 134228864 2
6435 134228992 2
6437 134229120 2
6439 134229248 2
6441 134229376 2
6443 134229504 2
6445 134229632 2
6447 134229760 2
6449 134229888 2
6465 134230016 2
6467 134230144 2
6469 134230272 2
6471 134230400 2
6473 134230528 2
6475 134230656 2
6477 134230784 2
6479 134230912 2
6481 134231040 2
6483 134231168 2
6485 134231296 2
6487 134231424 2
6489 134231552 2
6491 134231680 2
6493 134231808 2
6495 134231936 2
6511 134232064 2
6513 134232192 2
6515 134232320 2
6517 134232448 2
6519 134232576 2
6521 134232704 2
6523 134232832 2
6525 134232960 2
6527 134233088 2
6529 134233216 2
6531 134233344 2
6533 134233472 2
6535 134233600 2
6537 134233728 2
6539 134233856 2
6541 134233984 2
6557 134234112 2
6559 134234240 2
6561 134234368 2
6563 134234496 2
6565 134234624 2
6567 134234752 2
6569 134234880 2
6571 134235008 2
6573 134235136 2
6575 134235264 2
6577 134235392 2
6579 134235520 2
6581 134235648 2
6583 134235776 2
6585 134235904 2
6587 134236032 2
6603 134236160 2
6605 134236288 2
6607 134236416 2
6609 134236544 2
6611 134236672 2
6613 134236800 2
6615 134236928 2
6617 134237056 2
6619 134237184 2
6621 134237312 2
6623 134237440 2
6625 134237568 2
6627 134237696 2
6629 134237824 2
6631 134237952 2
6633 134238080 2
6649 134238208 2
6651 134238336 2
6653 134238464 2
6655 134238592 2
6657 134238720 2
6659 134238848 2
6661 134238976 2
6663 134239104 2
6665 134239232 2
6667 134239360 2
6669 134239488 2
6671 134239616 2
6673 134239744 2
6675 134239872 2
6677 134240000 2
6679 134240128 2
6695 134240256 2
6697 134240384 2
6699 134240512 2
6701 134240640 2
6703 134240768 2
6705 134240896 2
6707 134241024 2
6709 134241152 2
6711 134241280 2
6713 134241408 2
6715 134241536 2
6717 134241664 2
6719 134241792 2
6721 134241920 2
6723 134242048 2
6725 134242176 2
6741 134242304 2
6743 134242432 2
6745 134242560 2
6747 134242688 2
6749 134242816 2
6751 134242944 2
6753 134243072 2
6755 134243200 2
6757 134243328 2
6759 134243456 2
6761 134243584 2
6763 134243712 2
6765 134243840 2
6767 134243968 2
6769 134244096 2
6771 134244224 2
6787 134244352 2
6789 134244480 2
6791 134244608 2
6793 134244736 2
6795 134244864 2
6797 134244992 2
6799 134245120 2
6801 134245248 2
6803 134245376 2
6805 134245504 2
6807 134245632 2
6809 134245760 2
6811 134245888 2
6813 134246016 2
6815 134246144 2
6817 134246272 2
6833 134246400 2
6835 134246528 2
6837 134246656 2
6839 134246784 2
6841 134246912 2
6843 134247040 2
6845 134247168 2
6847 134247296 2
6849 134247424 2
6851 134247552 2
6853 134247680 2
6855 134247808 2
6857 134247936 2
6859 134248064 2
6861 134248192 2
6863 134248320 2
6879 134248448 2
6881 134248576 2
6883 134248704 2
6885 134248832 2
6887 134248960 2
6889 134249088 2
6891 134249216 2
6893 134249344 2
6895 134249472 2
6897 134249600 2
6899 134249728 2
6901 134249856 2
6903 134249984 2
6905 134250112 2
6907 134250240 2
6909 134250368 2
6925 134250496 2
6927 134250624 2
6929 134250752 2
6931 134250880 2
6933 134251008 2
6935 134251136 2
6937 134251264 2
6939 134251392 2
6941 134251520 2
6943 134251648 2
6945 134251776 2
6947 134251904 2
6949 134252032 2
6951 134252160 2
6953 134252288 2
6955 134252416 2
6971 134252544 2
6973 134252672 2
6975 134252800 2
6977 134252928 2
6979 134253056 2
6981 134253184 2
6983 134253312 2
6985 134253440 2
6987 134253568 2
6989 134253696 2
6991 134253824 2
6993 134253952 2
6995 134254080 2
6997 134254208 2
6999 134254336 2
7001 134254464 2
7017 134254592 2
7019 134254720 2
7021 134254848 2
7023 134254976 2
7025 134255104 2
7027 134255232 2
7029 134255360 2
7031 134255488 2
7033 134255616 2
7035 134255744 2
7037 134255872 2
7039 134256000 2
7041 134256128 2
7043 134256256 2
7045 134256384 2
7047 134256512 2
7063 134256640 2
7065 134256768 2
7067 134256896 2
7069 134257024 2
7071 134257152 2
7073 134257280 2
7075 134257408 2
7077 134257536 2
7079 134257664 2
7081 134257792 2
7083 134257920 2
7085 134258048 2
7087 134258176 2
7089 134258304 2
7091 134258432 2
7093 134258560 2
7109 134258688 2
7111 134258816 2
7113 134258944 2
7115 134259072 2
7117 134259200 2
7119 134259328 2
7121 134259456 2
7123 134259584 2
7125 134259712 2
7127 134259840 2
7129 134259968 2
7131 134260096 2
7133 134260224 2
7135 134260352 2
7137 134260480 2
7139 134260608 2
7155 134260736 2
7157 134260864 2
7159 134260992 2
7161 134261120 2
7163 134261248 2
7165 134261376 2
7167 134261504 2
7169 134261632 2
7171 134261760 2
7173 134261888 2
7175 134262016 2
7177 134262144 2
7179 134262272 2
7181 134262400 2
7183 134262528 2
7185 134262656 2
7201 134262784 2
7203 134262912 2
7205 134263040 2
7207 134263168 2
7209 134263296 2
7211 134263424 2
7213 134263552 2
7215 134263680 2
7217 134263808 2
7219 134263936 2
7221 134264064 2
7223 134264192 2
7225 134264320 2
7227 134264448 2
7229 134264576 2
7231 134264704 2
7247 134264832 2
7249 134264960 2
7251 134265088 2
7253 134265216 2
7255 134265344 2
7257 134265472 2
7259 134265600 2
7261 134265728 2
7263 134265856 2
7265 134265984 2
7267 134266112 2
7269 134266240 2
7271 134266368 2
7273 134266496 2
7275 134266624 2
7277 134266752 2
7293 134266880 2
7295 134267008 2
7297 134267136 2
7299 134267264 2
7301 134267392 2
7303 134267520 2
7305 134267648 2
7307 134267776 2
7309 134267904 2
7311 134268032 2
7313 134268160 2
7315 134268288 2
7317 134268416 2
7319 134268544 2
7321 134268672 2
7323 134268800 2
7339 134268928 2
7341 134269056 2
7343 134269184 2
7345 134269312 2
7347 134269440 2
7349 134269568 2
7351 134269696 2
7353 134269824 2
7355 134269952 2
7357 134270080 2
7359 134270208 2
7361 134270336 2
7363 134270464 2
7365 134270592 2
7367 134270720 2
7369 134270848 2
7385 134270976 2
7387 134271104 2
7389 134271232 2
7391 134271360 2
7393 134271488 2
7395 134271616 2
7397 134271744 2
7399 134271872 2
7401 134272000 2
7403 134272128 2
7405 134272256 2
7407 134272384 2
7409 134272512 2
7411 134272640 2
7413 134272768 2
7415 134272896 2
7431 134273024 2
7433 134273152 2
7435 134273280 2
7437 134273408 2
7439 134273536 2
7441 134273664 2
7443 134273792 2
7445 134273920 2
7447 134274048 2
7449 134274176 2
7451 134274304 2
7453 134274432 2
7455 134274560 2
7457 134274688 2
7459 134274816 2
7461 134274944 2
7477 134275072 2
7479 134275200 2
7481 134275328 2
7483 134275456 2
7485 134275584 2
7487 134275712 2
7489 134275840 2
7491 134275968 2
7493 134276096 2
7495 134276224 2
7497 134276352 2
7499 134276480 2
7501 134276608 2
7503 134276736 2
7505 134276864 2
7507 134276992 2
7523 134277120 2
7525 134277248 2
7527 134277376 2
7529 134277504 2
7531 134277632 2
7533 134277760 2
7535 134277888 2
7537 134278016 2
7539 134278144 2
7541 134278272 2
7543 134278400 2
7545 134278528 2
7547 134278656 2
7549 134278784 2
7551 134278912 2
7553 134279040 2
7569 134279168 2
7571 134279296 2
7573 134279424 2
7575 134279552 2
7577 134279680 2
7579 134279808 2
7581 134279936 2
7583 134280064 2
7585 134280192 2
7587 134280320 2
7589 134280448 2
7591 134280576 2
7593 134280704 2
7595 134280832 2
7597 134280960 2
7599 134281088 2
7615 134281216 2
7617 134281344 2
7619 134281472 2
7621 134281600 2
7623 134281728 2
7625 134281856 2
7627 134281984 2
7629 134282112 2
7631 134282240 2
7633 134282368 2
7635 134282496 2
7637 134282624 2
7639 134282752 2
7641 134282880 2
7643 134283008 2
7645 134283136 2
7661 134283264 2
7663 134283392 2
7665 134283520 2
7667 134283648 2
7669 134283776 2
7671 134283904 2
7673 134284032 2
7675 134284160 2
7677 134284288 2
7679 134284416 2
7681 134284544 2
7683 134284672 2
7685 134284800 2
7687 134284928 2
7689 134285056 2
7691 134285184 2
7707 134285312 2
7709 134285440 2
7711 134285568 2
7713 134285696 2
7715 134285824 2
7717 134285952 2
7719 134286080 2
7721 134286208 2
7723 134286336 2
7725 134286464 2
7727 134286592 2
7729 134286720 2
7731 134286848 2
7733 134286976 2
7735 134287104 2
7737 134287232 2
7753 134287360 2
7755 134287488 2
7757 134287616 2
7759 134287744 2
7761 134287872 2
7763 134288000 2
7765 134288128 2
7767 134288256 2
7769 134288384 2
7771 134288512 2
7773 134288640 2
7775 134288768 2
7777 134288896 2
7779 134289024 2
7781 134289152 2
7783 134289280 2
7799 134289408 2
7801 134289536 2
7803 134289664 2
7805 134289792 2
7807 134289920 2
7809 134290048 2
7811 134290176 2
7813 134290304 2
7815 134290432 2
7817 134290560 2
7819 134290688 2
7821 134290816 2
7823 134290944 2
7825 134291072 2
7827 134291200 2
7829 134291328 2
7845 134291456 2
7847 134291584 2
7849 134291712 2
7851 134291840 2
7853 134291968 2
7855 134292096 2
7857 134292224 2
7859 134292352 2
7861 134292480 2
7863 134292608 2
7865 134292736 2
7867 134292864 2
7869 134292992 2
7871 134293120 2
7873 134293248 2
7875 134293376 2
7891 134293504 2
7893 134293632 2
7895 134293760 2
7897 134293888 2
7899 134294016 2
7901 134294144 2
7903 134294272 2
7905 134294400 2
7907 134294528 2
7909 134294656 2
7911 134294784 2
7913 134294912 2
7915 134295040 2
7917 134295168 2
7919 134295296 2
7921 134295424 2
7937 134295552 2
7939 134295680 2
7941 134295808 2
7943 134295936 2
7945 134296064 2
7947 134296192 2
7949 134296320 2
7951 134296448 2
7953 134296576 2
7955 134296704 2
7957 134296832 2
7959 134296960 2
7961 134297088 2
7963 134297216 2
7965 134297344 2
7967 134297472 2
7983 134297600 2
7985 134297728 2
7987 134297856 2
7989 134297984 2
7991 134298112 2
7993 134298240 2
7995 134298368 2
7997 134298496 2
7999 134298624 2
8001 134298752 2
8003 134298880 2
8005 134299008 2
8007 134299136 2
8009 134299264 2
8011 134299392 2
8013 134299520 2
8029 134299648 2
8031 134299776 2
8033 134299904 2
8035 134300032 2
8037 134300160 2
8039 134300288 2
8041 134300416 2
8043 134300544 2
8045 134300672 2
8047 134300800 2
8049 134300928 2
8051 134301056 2
8053 134301184 2
8055 134301312 2
8057 134301440 2
8059 134301568 2
8075 134301696 2
8077 134301824 2
8079 134301952 2
8081 134302080 2
8083 134302208 2
8085 134302336 2
8087 134302464 2
8089 134302592 2
8091 134302720 2
8093 134302848 2
8095 134302976 2
8097 134303104 2
8099 134303232 2
8101 134303360 2
8103 134303488 2
8105 134303616 2
8121 134303744 2
8123 134303872 2
8125 134304000 2
8127 134304128 2
8129 134304256 2
8131 134304384 2
8133 134304512 2
8135 134304640 2
8137 134304768 2
8139 134304896 2
8141 134305024 2
8143 134305152 2
8145 134305280 2
8147 134305408 2
8149 134305536 2
8151 134305664 2
8167 134305792 2
8169 134305920 2
8171 134306048 2
8173 134306176 2
8175 134306304 2
8177 134306432 2
8179 134306560 2
8181 134306688 2
8183 134306816 2
8185 134306944 2
8187 134307072 2
8189 134307200 2
8191 134307328 2
8193 134307456 2
8195 134307584 2
8197 134307712 2
8213 134307840 2
8215 134307968 2
8217 134308096 2
8219 134308224 2
8221 134308352 2
8223 134308480 2
8225 134308608 2
8227 134308736 2
8229 134308864 2
8231 134308992 2
8233 134309120 2
8235 134309248 2
8237 134309376 2
8239 134309504 2
8241 134309632 2
8243 134309760 2
8259 134309888 2
8261 134310016 2
8263 134310144 2
8265 134310272 2
8267 134310400 2
8269 134310528 2
8271 134310656 2
8273 134310784 2
8275 134310912 2
8277 134311040 2
8279 134311168 2
8281 134311296 2
8283 134311424 2
8285 134311552 2
8287 134311680 2
8289 134311808 2
8305 134311936 2
8307 134312064 2
8309 134312192 2
8311 134312320 2
8313 134312448 2
8315 134312576 2
8317 134312704 2
8319 134312832 2
8321 134312960 2
8323 134313088 2
8325 134313216 2
8327 134313344 2
8329 134313472 2
8331 134313600 2
8333 134313728 2
8335 134313856 2
8351 134313984 2
8353 134314112 2
8355 134314240 2
8357 134314368 2
8359 134314496 2
8361 134314624 2
8363 134314752 2
8365 134314880 2
8367 134315008 2
8369 134315136 2
8371 134315264 2
8373 134315392 2
8375 134315520 2
8377 134315648 2
8379 134315776 2
8381 134315904 2
8397 134316032 2
8399 134316160 2
8401 134316288 2
8403 134316416 2
8405 134316544 2
8407 134316672 2
8409 134316800 2
8411 134316928 2
8413 134317056 2
8415 134317184 2
8417 134317312 2
8419 134317440 2
8421 134317568 2
8423 134317696 2
8425 134317824 2
8427 134317952 2
8443 134318080 2
8445 134318208 2
8447 134318336 2
8449 134318464 2
8451 134318592 2
8453 134318720 2
8455 134318848 2
8457 134318976 2
8459 134319104 2
8461 134319232 2
8463 134319360 2
8465 134319488 2
8467 134319616 2
8469 134319744 2
8471 134319872 2
8473 134320000 2
8489 134320128 2
8491 134320256 2
8493 134320384 2
8495 134320512 2
8497 134320640 2
8499 134320768 2
8501 134320896 2
8503 134321024 2
8505 134321152 2
8507 134321280 2
8509 134321408 2
8511 134321536 2
8513 134321664 2
8515 134321792 2
8517 134321920 2
8519 134322048 2
8535 134322176 2
8537 134322304 2
8539 134322432 2
8541 134322560 2
8543 134322688 2
8545 134322816 2
8547 134322944 2
8549 134323072 2
8551 134323200 2
8553 134323328 2
8555 134323456 2
8557 134323584 2
8559 134323712 2
8561 134323840 2
8563 134323968 2
8565 134324096 2
8581 134324224 2
8583 134324352 2
8585 134324480 2
8587 134324608 2
8589 134324736 2
8591 134324864 2
8593 134324992 2
8595 134325120 2
8597 134325248 2
8599 134325376 2
8601 134325504 2
8603 134325632 2
8605 134325760 2
8607 134325888 2
8609 134326016 2
8611 134326144 2
8627 134326272 2
8629 134326400 2
8631 134326528 2
8633 134326656 2
8635 134326784 2
8637 134326912 2
8639 134327040 2
8641 134327168 2
8643 134327296 2
8645 134327424 2
8647 134327552 2
8649 134327680 2
8651 134327808 2
8653 134327936 2
8655 134328064 2
8657 134328192 2
8673 134328320 2
8675 134328448 2
8677 134328576 2
8679 134328704 2
8681 134328832 2
8683 134328960 2
8685 134329088 2
8687 134329216 2
8689 134329344 2
8691 134329472 2
8693 134329600 2
8695 134329728 2
8697 134329856 2
8699 134329984 2
8701 134330112 2
8703 134330240 2
8719 134330368 2
8721 134330496 2
8723 134330624 2
8725 134330752 2
8727 134330880 2
8729 134331008 2
8731 134331136 2
8733 134331264 2
8735 134331392 2
8737 134331520 2
8739 134331648 2
8741 134331776 2
8743 134331904 2
8745 134332032 2
8747 134332160 2
8749 134332288 2
8765 134332416 2
8767 134332544 2
8769 134332672 2
8771 134332800 2
8773 134332928 2
8775 134333056 2
8777 134333184 2
8779 134333312 2
8781 134333440 2
8783 134333568 2
8785 134333696 2
8787 134333824 2
8789 134333952 2
8791 134334080 2
8793 134334208 2
8795 134334336 2
8811 134334464 2
8813 134334592 2
8815 134334720 2
8817 134334848 2
8819 134334976 2
8821 134335104 2
8823 134335232 2
8825 134335360 2
8827 134335488 2
8829 134335616 2
8831 134335744 2
8833 134335872 2
8835 134336000 2
8837 134336128 2
8839 134336256 2
8841 134336384 2
8857 134336512 2
8859 134336640 2
8861 134336768 2
8863 134336896 2
8865 134337024 2
8867 134337152 2
8869 134337280 2
8871 134337408 2
8873 134337536 2
8875 134337664 2
8877 134337792 2
8879 134337920 2
8881 134338048 2
8883 134338176 2
8885 134338304 2
8887 134338432 2
8903 134338560 2
8905 134338688 2
8907 134338816 2
8909 134338944 2
8911 134339072 2
8913 134339200 2
8915 134339328 2
8917 134339456 2
8919 134339584 2
8921 134339712 2
8923 134339840 2
8925 134339968 2
8927 134340096 2
8929 134340224 2
8931 134340352 2
8933 134340480 2
8949 134340608 2
8951 134340736 2
8953 134340864 2
8955 134340992 2
8957 134341120 2
8959 134341248 2
8961 134341376 2
8963 134341504 2
8965 134341632 2
8967 134341760 2
8969 134341888 2
8971 134342016 2
8973 134342144 2
8975 134342272 2
8977 134342400 2
8979 134342528 2
8995 134342656 2
8997 134342784 2
8999 134342912 2
9001 134343040 2
9003 134343168 2
9005 134343296 2
9007 134343424 2
9009 134343552 2
9011 134343680 2
9013 134343808 2
9015 134343936 2
9017 134344064 2
9019 134344192 2
9021 134344320 2
9023 134344448 2
9025 134344576 2
9041 134344704 2
9043 134344832 2
9045 134344960 2
9047 134345088 2
9049 134345216 2
9051 134345344 2
9053 134345472 2
9055 134345600 2
9057 134345728 2
9059 134345856 2
9061 134345984 2
9063 134346112 2
9065 134346240 2
9067 134346368 2
9069 134346496 2
9071 134346624 2
9087 134346752 2
9089 134346880 2
9091 134347008 2
9093 134347136 2
9095 134347264 2
9097 134347392 2
9099 134347520 2
9101 134347648 2
9103 134347776 2
9105 134347904 2
9107 134348032 2
9109 134348160 2
9111 134348288 2
9113 134348416 2
9115 134348544 2
9117 134348672 2
9133 134348800 2
9135 134348928 2
9137 134349056 2
9139 134349184 2
9141 134349312 2
9143 134349440 2
9145 134349568 2
9147 134349696 2
9149 134349824 2
9151 134349952 2
9153 134350080 2
