13 134217728 3
21 134217856 3
29 134217984 3
37 134218112 3
45 134218240 3
53 134218368 3
61 134218496 3
69 134218624 3
77 134218752 3
9169 134218880 3
9171 134219008 3
9173 134219136 3
9175 134219264 3
9177 134219392 3
9179 134219520 3
9181 134219648 3
9197 134219776 3
9199 134219904 3
9201 134220032 3
9203 134220160 3
9205 134220288 3
9207 134220416 3
9209 134220544 3
9211 134220672 3
9213 134220800 3
9215 134220928 3
9217 134221056 3
9219 134221184 3
9221 134221312 3
9223 134221440 3
9225 134221568 3
9227 134221696 3
9243 134221824 3
9245 134221952 3
9247 134222080 3
9249 134222208 3
9251 134222336 3
9253 134222464 3
9255 134222592 3
9257 134222720 3
9259 134222848 3
9261 134222976 3
9263 134223104 3
9265 134223232 3
9267 134223360 3
9269 134223488 3
9271 134223616 3
9273 134223744 3
9289 134223872 3
9291 134224000 3
9293 134224128 3
9295 134224256 3
9297 134224384 3
9299 134224512 3
9301 134224640 3
9303 134224768 3
9305 134224896 3
9307 134225024 3
9309 134225152 3
9311 134225280 3
9313 134225408 3
9315 134225536 3
9317 134225664 3
9319 134225792 3
9335 134225920 3
9337 134226048 3
9339 134226176 3
9341 134226304 3
9343 134226432 3
9345 134226560 3
9347 134226688 3
9349 134226816 3
9351 134226944 3
9353 134227072 3
9355 134227200 3
9357 134227328 3
9359 134227456 3
9361 134227584 3
9363 134227712 3
9467 134227840 3
9491 134227968 3
9493 134228096 3
9495 134228224 3
9497 134228352 3
9499 134228480 3
9501 134228608 3
9503 134228736 3
9505 134228864 3
9507 134228992 3
9509 134229120 3
9511 134229248 3
9513 134229376 3
9515 134229504 3
9517 134229632 3
9519 134229760 3
9521 134229888 3
9537 134230016 3
9539 134230144 3
9541 134230272 3
9543 134230400 3
9545 134230528 3
9547 134230656 3
9549 134230784 3
9551 134230912 3
9553 134231040 3
9555 134231168 3
9557 134231296 3
9559 134231424 3
9561 134231552 3
9563 134231680 3
9565 134231808 3
9567 134231936 3
9583 134232064 3
9585 134232192 3
9587 134232320 3
9589 134232448 3
9591 134232576 3
9593 134232704 3
9595 134232832 3
9597 134232960 3
9599 134233088 3
9601 134233216 3
9603 134233344 3
9605 134233472 3
9607 134233600 3
9609 134233728 3
9611 134233856 3
9613 134233984 3
9629 134234112 3
9631 134234240 3
9633 134234368 3
9635 134234496 3
9637 134234624 3
9639 134234752 3
9641 134234880 3
9643 134235008 3
9645 134235136 3
9647 134235264 3
9649 134235392 3
9651 134235520 3
9653 134235648 3
9655 134235776 3
9657 134235904 3
9659 134236032 3
9675 134236160 3
9677 134236288 3
9679 134236416 3
9681 134236544 3
9683 134236672 3
9685 134236800 3
9687 134236928 3
9689 134237056 3
9691 134237184 3
9693 134237312 3
9695 134237440 3
9697 134237568 3
9699 134237696 3
9701 134237824 3
9703 134237952 3
9705 134238080 3
9721 134238208 3
9723 134238336 3
9725 134238464 3
9727 134238592 3
9729 134238720 3
9731 134238848 3
9733 134238976 3
9735 134239104 3
9737 134239232 3
9739 134239360 3
9741 134239488 3
9743 134239616 3
9745 134239744 3
9747 134239872 3
9749 134240000 3
9751 134240128 3
9767 134240256 3
9769 134240384 3
9771 134240512 3
9773 134240640 3
9775 134240768 3
9777 134240896 3
9779 134241024 3
9781 134241152 3
9783 134241280 3
9785 134241408 3
9787 134241536 3
9789 134241664 3
9791 134241792 3
9793 134241920 3
9795 134242048 3
9797 134242176 3
9813 134242304 3
9815 134242432 3
9817 134242560 3
9819 134242688 3
9821 134242816 3
9823 134242944 3
9825 134243072 3
9827 134243200 3
9829 134243328 3
9831 134243456 3
9833 134243584 3
9835 134243712 3
9837 134243840 3
9839 134243968 3
9841 134244096 3
9843 134244224 3
9859 134244352 3
9861 134244480 3
9863 134244608 3
9865 134244736 3
9867 134244864 3
9869 134244992 3
9871 134245120 3
9873 134245248 3
9875 134245376 3
9877 134245504 3
9879 134245632 3
9881 134245760 3
9883 134245888 3
9885 134246016 3
9887 134246144 3
9889 134246272 3
9905 134246400 3
9907 134246528 3
9909 134246656 3
9911 134246784 3
9913 134246912 3
9915 134247040 3
9917 134247168 3
9919 134247296 3
9921 134247424 3
9923 134247552 3
9925 134247680 3
9927 134247808 3
9929 134247936 3
9931 134248064 3
9933 134248192 3
9935 134248320 3
9951 134248448 3
9953 134248576 3
9955 134248704 3
9957 134248832 3
9959 134248960 3
9961 134249088 3
9963 134249216 3
9965 134249344 3
9967 134249472 3
9969 134249600 3
9971 134249728 3
9973 134249856 3
9975 134249984 3
9977 134250112 3
9979 134250240 3
9981 134250368 3
9997 134250496 3
9999 134250624 3
10001 134250752 3
10003 134250880 3
10005 134251008 3
10007 134251136 3
10009 134251264 3
10011 134251392 3
10013 134251520 3
10015 134251648 3
10017 134251776 3
10019 134251904 3
10021 134252032 3
10023 134252160 3
10025 134252288 3
10027 134252416 3
10043 134252544 3
10045 134252672 3
10047 134252800 3
10049 134252928 3
10051 134253056 3
10053 134253184 3
10055 134253312 3
10057 134253440 3
10059 134253568 3
10061 134253696 3
10063 134253824 3
10065 134253952 3
10067 134254080 3
10069 134254208 3
10071 134254336 3
10073 134254464 3
10089 134254592 3
10091 134254720 3
10093 134254848 3
10095 134254976 3
10097 134255104 3
10099 134255232 3
10101 134255360 3
10103 134255488 3
10105 134255616 3
10107 134255744 3
10109 134255872 3
10111 134256000 3
10113 134256128 3
10115 134256256 3
10117 134256384 3
10119 134256512 3
10135 134256640 3
10137 134256768 3
10139 134256896 3
10141 134257024 3
10143 134257152 3
10145 134257280 3
10147 134257408 3
10149 134257536 3
10151 134257664 3
10153 134257792 3
10155 134257920 3
10157 134258048 3
10159 134258176 3
10161 134258304 3
10163 134258432 3
10165 134258560 3
10181 134258688 3
10183 134258816 3
10185 134258944 3
10187 134259072 3
10189 134259200 3
10191 134259328 3
10193 134259456 3
10195 134259584 3
10197 134259712 3
10199 134259840 3
10201 134259968 3
10203 134260096 3
10205 134260224 3
10207 134260352 3
10209 134260480 3
10211 134260608 3
10227 134260736 3
10229 134260864 3
10231 134260992 3
10233 134261120 3
10235 134261248 3
10237 134261376 3
10239 134261504 3
10241 134261632 3
10243 134261760 3
10245 134261888 3
10247 134262016 3
10249 134262144 3
10251 134262272 3
10253 134262400 3
10255 134262528 3
10257 134262656 3
10273 134262784 3
10275 134262912 3
10277 134263040 3
10279 134263168 3
10281 134263296 3
10283 134263424 3
10285 134263552 3
10287 134263680 3
10289 134263808 3
10291 134263936 3
10293 134264064 3
10295 134264192 3
10297 134264320 3
10299 134264448 3
10301 134264576 3
10303 134264704 3
10319 134264832 3
10321 134264960 3
10323 134265088 3
10325 134265216 3
10327 134265344 3
10329 134265472 3
10331 134265600 3
10333 134265728 3
10335 134265856 3
10337 134265984 3
10339 134266112 3
10341 134266240 3
10343 134266368 3
10345 134266496 3
10347 134266624 3
10349 134266752 3
10365 134266880 3
10367 134267008 3
10369 134267136 3
10371 134267264 3
10373 134267392 3
10375 134267520 3
10377 134267648 3
10379 134267776 3
10381 134267904 3
10383 134268032 3
10385 134268160 3
10387 134268288 3
10389 134268416 3
10391 134268544 3
10393 134268672 3
10395 134268800 3
10411 134268928 3
10413 134269056 3
10415 134269184 3
10417 134269312 3
10419 134269440 3
10421 134269568 3
10423 134269696 3
10425 134269824 3
10427 134269952 3
10429 134270080 3
10431 134270208 3
10433 134270336 3
10435 134270464 3
10437 134270592 3
10439 134270720 3
10441 134270848 3
10457 134270976 3
10459 134271104 3
10461 134271232 3
10463 134271360 3
10465 134271488 3
10467 134271616 3
10469 134271744 3
10471 134271872 3
10473 134272000 3
10475 134272128 3
10477 134272256 3
10479 134272384 3
10481 134272512 3
10483 134272640 3
10485 134272768 3
10487 134272896 3
10503 134273024 3
10505 134273152 3
10507 134273280 3
10509 134273408 3
10511 134273536 3
10513 134273664 3
10515 134273792 3
10517 134273920 3
10519 134274048 3
10521 134274176 3
10523 134274304 3
10525 134274432 3
10527 134274560 3
10529 134274688 3
10531 134274816 3
10533 134274944 3
10549 134275072 3
10551 134275200 3
10553 134275328 3
10555 134275456 3
10557 134275584 3
10559 134275712 3
10561 134275840 3
10563 134275968 3
10565 134276096 3
10567 134276224 3
10569 134276352 3
10571 134276480 3
10573 134276608 3
10575 134276736 3
10577 134276864 3
10579 134276992 3
10595 134277120 3
10597 134277248 3
10599 134277376 3
10601 134277504 3
10603 134277632 3
10605 134277760 3
10607 134277888 3
10609 134278016 3
10611 134278144 3
10613 134278272 3
10615 134278400 3
10617 134278528 3
10619 134278656 3
10621 134278784 3
10623 134278912 3
10625 134279040 3
10641 134279168 3
10643 134279296 3
10645 134279424 3
10647 134279552 3
10649 134279680 3
10651 134279808 3
10653 134279936 3
10655 134280064 3
10657 134280192 3
10659 134280320 3
10661 134280448 3
10663 134280576 3
10665 134280704 3
10667 134280832 3
10669 134280960 3
10671 134281088 3
10687 134281216 3
10689 134281344 3
10691 134281472 3
10693 134281600 3
10695 134281728 3
10697 134281856 3
10699 134281984 3
10701 134282112 3
10703 134282240 3
10705 134282368 3
10707 134282496 3
10709 134282624 3
10711 134282752 3
10713 134282880 3
10715 134283008 3
10717 134283136 3
10733 134283264 3
10735 134283392 3
10737 134283520 3
10739 134283648 3
10741 134283776 3
10743 134283904 3
10745 134284032 3
10747 134284160 3
10749 134284288 3
10751 134284416 3
10753 134284544 3
10755 134284672 3
10757 134284800 3
10759 134284928 3
10761 134285056 3
10763 134285184 3
10779 134285312 3
10781 134285440 3
10783 134285568 3
10785 134285696 3
10787 134285824 3
10789 134285952 3
10791 134286080 3
10793 134286208 3
10795 134286336 3
10797 134286464 3
10799 134286592 3
10801 134286720 3
10803 134286848 3
10805 134286976 3
10807 134287104 3
10809 134287232 3
10825 134287360 3
10827 134287488 3
10829 134287616 3
10831 134287744 3
10833 134287872 3
10835 134288000 3
10837 134288128 3
10839 134288256 3
10841 134288384 3
10843 134288512 3
10845 134288640 3
10847 134288768 3
10849 134288896 3
10851 134289024 3
10853 134289152 3
10855 134289280 3
10871 134289408 3
10873 134289536 3
10875 134289664 3
10877 134289792 3
10879 134289920 3
10881 134290048 3
10883 134290176 3
10885 134290304 3
10887 134290432 3
10889 134290560 3
10891 134290688 3
10893 134290816 3
10895 134290944 3
10897 134291072 3
10899 134291200 3
10901 134291328 3
10917 134291456 3
10919 134291584 3
10921 134291712 3
10923 134291840 3
10925 134291968 3
10927 134292096 3
10929 134292224 3
10931 134292352 3
10933 134292480 3
10935 134292608 3
10937 134292736 3
10939 134292864 3
10941 134292992 3
10943 134293120 3
10945 134293248 3
10947 134293376 3
10963 134293504 3
10965 134293632 3
10967 134293760 3
10969 134293888 3
10971 134294016 3
10973 134294144 3
10975 134294272 3
10977 134294400 3
10979 134294528 3
10981 134294656 3
10983 134294784 3
10985 134294912 3
10987 134295040 3
10989 134295168 3
10991 134295296 3
10993 134295424 3
11009 134295552 3
11011 134295680 3
11013 134295808 3
11015 134295936 3
11017 134296064 3
11019 134296192 3
11021 134296320 3
11023 134296448 3
11025 134296576 3
11027 134296704 3
11029 134296832 3
11031 134296960 3
11033 134297088 3
11035 134297216 3
11037 134297344 3
11039 134297472 3
11055 134297600 3
11057 134297728 3
11059 134297856 3
11061 134297984 3
11063 134298112 3
11065 134298240 3
11067 134298368 3
11069 134298496 3
11071 134298624 3
11073 134298752 3
11075 134298880 3
11077 134299008 3
11079 134299136 3
11081 134299264 3
11083 134299392 3
11085 134299520 3
11101 134299648 3
11103 134299776 3
11105 134299904 3
11107 134300032 3
11109 134300160 3
11111 134300288 3
11113 134300416 3
11115 134300544 3
11117 134300672 3
11119 134300800 3
11121 134300928 3
11123 134301056 3
11125 134301184 3
11127 134301312 3
11129 134301440 3
11131 134301568 3
11147 134301696 3
11149 134301824 3
11151 134301952 3
11153 134302080 3
11155 134302208 3
11157 134302336 3
11159 134302464 3
11161 134302592 3
11163 134302720 3
11165 134302848 3
11167 134302976 3
11169 134303104 3
11171 134303232 3
11173 134303360 3
11175 134303488 3
11177 134303616 3
11193 134303744 3
11195 134303872 3
11197 134304000 3
11199 134304128 3
11201 134304256 3
11203 134304384 3
11205 134304512 3
11207 134304640 3
11209 134304768 3
11211 134304896 3
11213 134305024 3
11215 134305152 3
11217 134305280 3
11219 134305408 3
11221 134305536 3
11223 134305664 3
11239 134305792 3
11241 134305920 3
11243 134306048 3
11245 134306176 3
11247 134306304 3
11249 134306432 3
11251 134306560 3
11253 134306688 3
11255 134306816 3
11257 134306944 3
11259 134307072 3
11261 134307200 3
11263 134307328 3
11265 134307456 3
11267 134307584 3
11269 134307712 3
11285 134307840 3
11287 134307968 3
11289 134308096 3
11291 134308224 3
11293 134308352 3
11295 134308480 3
11297 134308608 3
11299 134308736 3
11301 134308864 3
11303 134308992 3
11305 134309120 3
11307 134309248 3
11309 134309376 3
11311 134309504 3
11313 134309632 3
11315 134309760 3
11331 134309888 3
11333 134310016 3
11335 134310144 3
11337 134310272 3
11339 134310400 3
11341 134310528 3
11343 134310656 3
11345 134310784 3
11347 134310912 3
11349 134311040 3
11351 134311168 3
11353 134311296 3
11355 134311424 3
11357 134311552 3
11359 134311680 3
11361 134311808 3
11377 134311936 3
11379 134312064 3
11381 134312192 3
11383 134312320 3
11385 134312448 3
11387 134312576 3
11389 134312704 3
11391 134312832 3
11393 134312960 3
11395 134313088 3
11397 134313216 3
11399 134313344 3
11401 134313472 3
11403 134313600 3
11405 134313728 3
11407 134313856 3
11423 134313984 3
11425 134314112 3
11427 134314240 3
11429 134314368 3
11431 134314496 3
11433 134314624 3
11435 134314752 3
11437 134314880 3
11439 134315008 3
11441 134315136 3
11443 134315264 3
11445 134315392 3
11447 134315520 3
11449 134315648 3
11451 134315776 3
11453 134315904 3
11469 134316032 3
11471 134316160 3
11473 134316288 3
11475 134316416 3
11477 134316544 3
11479 134316672 3
11481 134316800 3
11483 134316928 3
11485 134317056 3
11487 134317184 3
11489 134317312 3
11491 134317440 3
11493 134317568 3
11495 134317696 3
11497 134317824 3
11499 134317952 3
11515 134318080 3
11517 134318208 3
11519 134318336 3
11521 134318464 3
11523 134318592 3
11525 134318720 3
11527 134318848 3
11529 134318976 3
11531 134319104 3
11533 134319232 3
11535 134319360 3
11537 134319488 3
11539 134319616 3
11541 134319744 3
11543 134319872 3
11545 134320000 3
11561 134320128 3
11563 134320256 3
11565 134320384 3
11567 134320512 3
11569 134320640 3
11571 134320768 3
11573 134320896 3
11575 134321024 3
11577 134321152 3
11579 134321280 3
11581 134321408 3
11583 134321536 3
11585 134321664 3
11587 134321792 3
11589 134321920 3
11591 134322048 3
11607 134322176 3
11609 134322304 3
11611 134322432 3
11613 134322560 3
11615 134322688 3
11617 134322816 3
11619 134322944 3
11621 134323072 3
11623 134323200 3
11625 134323328 3
11627 134323456 3
11629 134323584 3
11631 134323712 3
11633 134323840 3
11635 134323968 3
11637 134324096 3
11653 134324224 3
11655 134324352 3
11657 134324480 3
11659 134324608 3
11661 134324736 3
11663 134324864 3
11665 134324992 3
11667 134325120 3
11669 134325248 3
11671 134325376 3
11673 134325504 3
11675 134325632 3
11677 134325760 3
11679 134325888 3
11681 134326016 3
11683 134326144 3
11699 134326272 3
11701 134326400 3
11703 134326528 3
11705 134326656 3
11707 134326784 3
11709 134326912 3
11711 134327040 3
11713 134327168 3
11715 134327296 3
11717 134327424 3
11719 134327552 3
11721 134327680 3
11723 134327808 3
11725 134327936 3
11727 134328064 3
11729 134328192 3
11745 134328320 3
11747 134328448 3
11749 134328576 3
11751 134328704 3
11753 134328832 3
11755 134328960 3
11757 134329088 3
11759 134329216 3
11761 134329344 3
11763 134329472 3
11765 134329600 3
11767 134329728 3
11769 134329856 3
11771 134329984 3
11773 134330112 3
11775 134330240 3
11791 134330368 3
11793 134330496 3
11795 134330624 3
11797 134330752 3
11799 134330880 3
11801 134331008 3
11803 134331136 3
11805 134331264 3
11807 134331392 3
11809 134331520 3
11811 134331648 3
11813 134331776 3
11815 134331904 3
11817 134332032 3
11819 134332160 3
11821 134332288 3
11837 134332416 3
11839 134332544 3
11841 134332672 3
11843 134332800 3
11845 134332928 3
11847 134333056 3
11849 134333184 3
11851 134333312 3
11853 134333440 3
11855 134333568 3
11857 134333696 3
11859 134333824 3
11861 134333952 3
11863 134334080 3
11865 134334208 3
11867 134334336 3
11883 134334464 3
11885 134334592 3
11887 134334720 3
11889 134334848 3
11891 134334976 3
11893 134335104 3
11895 134335232 3
11897 134335360 3
11899 134335488 3
11901 134335616 3
11903 134335744 3
11905 134335872 3
11907 134336000 3
11909 134336128 3
11911 134336256 3
11913 134336384 3
11929 134336512 3
11931 134336640 3
11933 134336768 3
11935 134336896 3
11937 134337024 3
11939 134337152 3
11941 134337280 3
11943 134337408 3
11945 134337536 3
11947 134337664 3
11949 134337792 3
11951 134337920 3
11953 134338048 3
11955 134338176 3
11957 134338304 3
11959 134338432 3
11975 134338560 3
11977 134338688 3
11979 134338816 3
11981 134338944 3
11983 134339072 3
11985 134339200 3
11987 134339328 3
11989 134339456 3
11991 134339584 3
11993 134339712 3
11995 134339840 3
11997 134339968 3
11999 134340096 3
12001 134340224 3
12003 134340352 3
12005 134340480 3
12021 134340608 3
12023 134340736 3
12025 134340864 3
12027 134340992 3
12029 134341120 3
12031 134341248 3
12033 134341376 3
12035 134341504 3
12037 134341632 3
12039 134341760 3
12041 134341888 3
12043 134342016 3
12045 134342144 3
12047 134342272 3
12049 134342400 3
12051 134342528 3
12067 134342656 3
12069 134342784 3
12071 134342912 3
12073 134343040 3
12075 134343168 3
12077 134343296 3
12079 134343424 3
12081 134343552 3
12083 134343680 3
12085 134343808 3
12087 134343936 3
12089 134344064 3
12091 134344192 3
12093 134344320 3
12095 134344448 3
12097 134344576 3
12113 134344704 3
12115 134344832 3
12117 134344960 3
12119 134345088 3
12121 134345216 3
12123 134345344 3
12125 134345472 3
12127 134345600 3
