7 134217728 0 0
9 134217856 0 0
11 134217984 0 0
13 134218112 0 0
31 134218240 0 0
33 134218368 0 0
35 134218496 0 0
37 134218624 0 0
55 134218752 0 0
57 134218880 0 0
59 134219008 0 0
61 134219136 0 0
79 134219264 0 0
81 134219392 0 0
83 134219520 0 0
85 134219648 0 0
103 134219776 0 0
105 134219904 0 0
107 134220032 0 0
109 134220160 0 0
127 134220288 0 0
129 134220416 0 0
131 134220544 0 0
133 134220672 0 0
151 134220800 0 0
153 134220928 0 0
155 134221056 0 0
157 134221184 0 0
175 134221312 0 0
177 134221440 0 0
179 134221568 0 0
181 134221696 0 0
199 134221824 0 0
201 134221952 0 0
203 134222080 0 0
205 134222208 0 0
223 134222336 0 0
225 134222464 0 0
227 134222592 0 0
229 134222720 0 0
247 134222848 0 0
249 134222976 0 0
251 134223104 0 0
253 134223232 0 0
271 134223360 0 0
273 134223488 0 0
275 134223616 0 0
277 134223744 0 0
295 134223872 0 0
297 134224000 0 0
299 134224128 0 0
301 134224256 0 0
319 134224384 0 0
321 134224512 0 0
323 134224640 0 0
325 134224768 0 0
343 134224896 0 0
345 134225024 0 0
347 134225152 0 0
349 134225280 0 0
367 134225408 0 0
369 134225536 0 0
371 134225664 0 0
373 134225792 0 0
391 134225920 0 0
393 134226048 0 0
395 134226176 0 0
397 134226304 0 0
415 134226432 0 0
417 134226560 0 0
419 134226688 0 0
421 134226816 0 0
439 134226944 0 0
441 134227072 0 0
443 134227200 0 0
445 134227328 0 0
463 134227456 0 0
465 134227584 0 0
467 134227712 0 0
469 134227840 0 0
487 134227968 0 0
489 134228096 0 0
491 134228224 0 0
493 134228352 0 0
511 134228480 0 0
513 134228608 0 0
515 134228736 0 0
517 134228864 0 0
535 134228992 0 0
537 134229120 0 0
539 134229248 0 0
541 134229376 0 0
559 134229504 0 0
561 134229632 0 0
563 134229760 0 0
565 134229888 0 0
583 134230016 0 0
585 134230144 0 0
587 134230272 0 0
589 134230400 0 0
607 134230528 0 0
609 134230656 0 0
611 134230784 0 0
613 134230912 0 0
631 134231040 0 0
633 134231168 0 0
635 134231296 0 0
637 134231424 0 0
655 134231552 0 0
657 134231680 0 0
659 134231808 0 0
661 134231936 0 0
679 134232064 0 0
681 134232192 0 0
683 134232320 0 0
685 134232448 0 0
703 134232576 0 0
705 134232704 0 0
707 134232832 0 0
709 134232960 0 0
727 134233088 0 0
729 134233216 0 0
731 134233344 0 0
733 134233472 0 0
751 134233600 0 0
753 134233728 0 0
755 134233856 0 0
757 134233984 0 0
775 134234112 0 0
777 134234240 0 0
779 134234368 0 0
781 134234496 0 0
799 134234624 0 0
801 134234752 0 0
803 134234880 0 0
805 134235008 0 0
823 134235136 0 0
825 134235264 0 0
827 134235392 0 0
829 134235520 0 0
847 134235648 0 0
849 134235776 0 0
851 134235904 0 0
853 134236032 0 0
871 134236160 0 0
873 134236288 0 0
875 134236416 0 0
877 134236544 0 0
895 134236672 0 0
897 134236800 0 0
899 134236928 0 0
901 134237056 0 0
919 134237184 0 0
921 134237312 0 0
923 134237440 0 0
925 134237568 0 0
943 134237696 0 0
945 134237824 0 0
947 134237952 0 0
949 134238080 0 0
967 134238208 0 0
969 134238336 0 0
971 134238464 0 0
973 134238592 0 0
991 134238720 0 0
993 134238848 0 0
995 134238976 0 0
997 134239104 0 0
1015 134239232 0 0
1017 134239360 0 0
1019 134239488 0 0
1021 134239616 0 0
1039 134239744 0 0
1041 134239872 0 0
1043 134240000 0 0
1045 134240128 0 0
1063 134240256 0 0
1065 134240384 0 0
1067 134240512 0 0
1069 134240640 0 0
1087 134240768 0 0
1089 134240896 0 0
1091 134241024 0 0
1093 134241152 0 0
1111 134241280 0 0
1113 134241408 0 0
1115 134241536 0 0
1117 134241664 0 0
1135 134241792 0 0
1137 134241920 0 0
1139 134242048 0 0
1141 134242176 0 0
1159 134242304 0 0
1161 134242432 0 0
1163 134242560 0 0
1165 134242688 0 0
1183 134242816 0 0
1185 134242944 0 0
1187 134243072 0 0
1189 134243200 0 0
1207 134243328 0 0
1209 134243456 0 0
1211 134243584 0 0
1213 134243712 0 0
1231 134243840 0 0
1233 134243968 0 0
1235 134244096 0 0
1237 134244224 0 0
1255 134244352 0 0
1257 134244480 0 0
1259 134244608 0 0
1261 134244736 0 0
1279 134244864 0 0
1281 134244992 0 0
1283 134245120 0 0
1285 134245248 0 0
1303 134245376 0 0
1305 134245504 0 0
1307 134245632 0 0
1309 134245760 0 0
1327 134245888 0 0
1329 134246016 0 0
1331 134246144 0 0
1333 134246272 0 0
1351 134246400 0 0
1353 134246528 0 0
1355 134246656 0 0
1357 134246784 0 0
1375 134246912 0 0
1377 134247040 0 0
1379 134247168 0 0
1381 134247296 0 0
1399 134247424 0 0
1401 134247552 0 0
1403 134247680 0 0
1405 134247808 0 0
1423 134247936 0 0
1425 134248064 0 0
1427 134248192 0 0
1429 134248320 0 0
1447 134248448 0 0
1449 134248576 0 0
1451 134248704 0 0
1453 134248832 0 0
1471 134248960 0 0
1473 134249088 0 0
1475 134249216 0 0
1477 134249344 0 0
1495 134249472 0 0
1497 134249600 0 0
1499 134249728 0 0
1501 134249856 0 0
1519 134249984 0 0
1521 134250112 0 0
1523 134250240 0 0
1525 134250368 0 0
1543 134250496 0 0
1545 134250624 0 0
1547 134250752 0 0
1549 134250880 0 0
1567 134251008 0 0
1569 134251136 0 0
1571 134251264 0 0
1573 134251392 0 0
1591 134251520 0 0
1593 134251648 0 0
1595 134251776 0 0
1597 134251904 0 0
1615 134252032 0 0
1617 134252160 0 0
1619 134252288 0 0
1621 134252416 0 0
1639 134252544 0 0
1641 134252672 0 0
1643 134252800 0 0
1645 134252928 0 0
1663 134253056 0 0
1665 134253184 0 0
1667 134253312 0 0
1669 134253440 0 0
1687 134253568 0 0
1689 134253696 0 0
1691 134253824 0 0
1693 134253952 0 0
1711 134254080 0 0
1713 134254208 0 0
1715 134254336 0 0
1717 134254464 0 0
1735 134254592 0 0
1737 134254720 0 0
1739 134254848 0 0
1741 134254976 0 0
1759 134255104 0 0
1761 134255232 0 0
1763 134255360 0 0
1765 134255488 0 0
1783 134255616 0 0
1785 134255744 0 0
1787 134255872 0 0
1789 134256000 0 0
1807 134256128 0 0
1809 134256256 0 0
1811 134256384 0 0
1813 134256512 0 0
1831 134256640 0 0
1833 134256768 0 0
1835 134256896 0 0
1837 134257024 0 0
1855 134257152 0 0
1857 134257280 0 0
1859 134257408 0 0
1861 134257536 0 0
1879 134257664 0 0
1881 134257792 0 0
1883 134257920 0 0
1885 134258048 0 0
1903 134258176 0 0
1905 134258304 0 0
1907 134258432 0 0
1909 134258560 0 0
1927 134258688 0 0
1929 134258816 0 0
1931 134258944 0 0
1933 134259072 0 0
1951 134259200 0 0
1953 134259328 0 0
1955 134259456 0 0
1957 134259584 0 0
1975 134259712 0 0
1977 134259840 0 0
1979 134259968 0 0
1981 134260096 0 0
1999 134260224 0 0
2001 134260352 0 0
2003 134260480 0 0
2005 134260608 0 0
2023 134260736 0 0
2025 134260864 0 0
2027 134260992 0 0
2029 134261120 0 0
2047 134261248 0 0
2049 134261376 0 0
2051 134261504 0 0
2053 134261632 0 0
2071 134261760 0 0
2073 134261888 0 0
2075 134262016 0 0
2077 134262144 0 0
2095 134262272 0 0
2097 134262400 0 0
2099 134262528 0 0
2101 134262656 0 0
2119 134262784 0 0
2121 134262912 0 0
2123 134263040 0 0
2125 134263168 0 0
2143 134263296 0 0
2145 134263424 0 0
2147 134263552 0 0
2149 134263680 0 0
2167 134263808 0 0
2169 134263936 0 0
2171 134264064 0 0
2173 134264192 0 0
2191 134264320 0 0
2193 134264448 0 0
2195 134264576 0 0
2197 134264704 0 0
2215 134264832 0 0
2217 134264960 0 0
2219 134265088 0 0
2221 134265216 0 0
2239 134265344 0 0
2241 134265472 0 0
2243 134265600 0 0
2245 134265728 0 0
2263 134265856 0 0
2265 134265984 0 0
2267 134266112 0 0
2269 134266240 0 0
2287 134266368 0 0
2289 134266496 0 0
2291 134266624 0 0
2293 134266752 0 0
2311 134266880 0 0
2313 134267008 0 0
2315 134267136 0 0
2317 134267264 0 0
2335 134267392 0 0
2337 134267520 0 0
2339 134267648 0 0
2341 134267776 0 0
2359 134267904 0 0
2361 134268032 0 0
2363 134268160 0 0
2365 134268288 0 0
2383 134268416 0 0
2385 134268544 0 0
2387 134268672 0 0
2389 134268800 0 0
2407 134268928 0 0
2409 134269056 0 0
2411 134269184 0 0
2413 134269312 0 0
2431 134269440 0 0
2433 134269568 0 0
2435 134269696 0 0
2437 134269824 0 0
2455 134269952 0 0
2457 134270080 0 0
2459 134270208 0 0
2461 134270336 0 0
2479 134270464 0 0
2481 134270592 0 0
2483 134270720 0 0
2485 134270848 0 0
2503 134270976 0 0
2505 134271104 0 0
2507 134271232 0 0
2509 134271360 0 0
2527 134271488 0 0
2529 134271616 0 0
2531 134271744 0 0
2533 134271872 0 0
2551 134272000 0 0
2553 134272128 0 0
2555 134272256 0 0
2557 134272384 0 0
2575 134272512 0 0
2577 134272640 0 0
2579 134272768 0 0
2581 134272896 0 0
2599 134273024 0 0
2601 134273152 0 0
2603 134273280 0 0
2605 134273408 0 0
2623 134273536 0 0
2625 134273664 0 0
2627 134273792 0 0
2629 134273920 0 0
2647 134274048 0 0
2649 134274176 0 0
2651 134274304 0 0
2653 134274432 0 0
2671 134274560 0 0
2673 134274688 0 0
2675 134274816 0 0
2677 134274944 0 0
2695 134275072 0 0
2697 134275200 0 0
2699 134275328 0 0
2701 134275456 0 0
2719 134275584 0 0
2721 134275712 0 0
2723 134275840 0 0
2725 134275968 0 0
2743 134276096 0 0
2745 134276224 0 0
2747 134276352 0 0
2749 134276480 0 0
2767 134276608 0 0
2769 134276736 0 0
2771 134276864 0 0
2773 134276992 0 0
2791 134277120 0 0
2793 134277248 0 0
2795 134277376 0 0
2797 134277504 0 0
2815 134277632 0 0
2817 134277760 0 0
2819 134277888 0 0
2821 134278016 0 0
2839 134278144 0 0
2841 134278272 0 0
2843 134278400 0 0
2845 134278528 0 0
2863 134278656 0 0
2865 134278784 0 0
2867 134278912 0 0
2869 134279040 0 0
2887 134279168 0 0
2889 134279296 0 0
2891 134279424 0 0
2893 134279552 0 0
2911 134279680 0 0
2913 134279808 0 0
2915 134279936 0 0
2917 134280064 0 0
2935 134280192 0 0
2937 134280320 0 0
2939 134280448 0 0
2941 134280576 0 0
2959 134280704 0 0
2961 134280832 0 0
2963 134280960 0 0
2965 134281088 0 0
2983 134281216 0 0
2985 134281344 0 0
2987 134281472 0 0
2989 134281600 0 0
3007 134281728 0 0
3009 134281856 0 0
3011 134281984 0 0
3013 134282112 0 0
3031 134282240 0 0
3033 134282368 0 0
3035 134282496 0 0
3037 134282624 0 0
3055 134282752 0 0
3057 134282880 0 0
3059 134283008 0 0
3061 134283136 0 0
3079 134283264 0 0
3081 134283392 0 0
3083 134283520 0 0
3085 134283648 0 0
3103 134283776 0 0
3105 134283904 0 0
3107 134284032 0 0
3109 134284160 0 0
3215 134284288 0 0
3217 134284416 0 0
3219 134284544 0 0
3221 134284672 0 0
3239 134284800 0 0
3241 134284928 0 0
3243 134285056 0 0
3245 134285184 0 0
3263 134285312 0 0
3265 134285440 0 0
3267 134285568 0 0
3269 134285696 0 0
3287 134285824 0 0
3289 134285952 0 0
3291 134286080 0 0
3293 134286208 0 0
3311 134286336 0 0
3313 134286464 0 0
3315 134286592 0 0
3317 134286720 0 0
3335 134286848 0 0
3337 134286976 0 0
3339 134287104 0 0
3341 134287232 0 0
3359 134287360 0 0
3361 134287488 0 0
3363 134287616 0 0
3365 134287744 0 0
3383 134287872 0 0
3385 134288000 0 0
3387 134288128 0 0
3389 134288256 0 0
3407 134288384 0 0
3409 134288512 0 0
3411 134288640 0 0
3413 134288768 0 0
3431 134288896 0 0
3433 134289024 0 0
3435 134289152 0 0
3437 134289280 0 0
3455 134289408 0 0
3457 134289536 0 0
3459 134289664 0 0
3461 134289792 0 0
3479 134289920 0 0
3481 134290048 0 0
3483 134290176 0 0
3485 134290304 0 0
3503 134290432 0 0
3505 134290560 0 0
3507 134290688 0 0
3509 134290816 0 0
3527 134290944 0 0
3529 134291072 0 0
3531 134291200 0 0
3533 134291328 0 0
3551 134291456 0 0
3553 134291584 0 0
3555 134291712 0 0
3557 134291840 0 0
3575 134291968 0 0
3577 134292096 0 0
3579 134292224 0 0
3581 134292352 0 0
3599 134292480 0 0
3601 134292608 0 0
3603 134292736 0 0
3605 134292864 0 0
3623 134292992 0 0
3625 134293120 0 0
3627 134293248 0 0
3629 134293376 0 0
3647 134293504 0 0
3649 134293632 0 0
3651 134293760 0 0
3653 134293888 0 0
3671 134294016 0 0
3673 134294144 0 0
3675 134294272 0 0
3677 134294400 0 0
3695 134294528 0 0
3697 134294656 0 0
3699 134294784 0 0
3701 134294912 0 0
3719 134295040 0 0
3721 134295168 0 0
3723 134295296 0 0
3725 134295424 0 0
3743 134295552 0 0
3745 134295680 0 0
3747 134295808 0 0
3749 134295936 0 0
3767 134296064 0 0
3769 134296192 0 0
3771 134296320 0 0
3773 134296448 0 0
3791 134296576 0 0
3793 134296704 0 0
3795 134296832 0 0
3797 134296960 0 0
3815 134297088 0 0
3817 134297216 0 0
3819 134297344 0 0
3821 134297472 0 0
3839 134297600 0 0
3841 134297728 0 0
3843 134297856 0 0
3845 134297984 0 0
3863 134298112 0 0
3865 134298240 0 0
3867 134298368 0 0
3869 134298496 0 0
3887 134298624 0 0
3889 134298752 0 0
3891 134298880 0 0
3893 134299008 0 0
3911 134299136 0 0
3913 134299264 0 0
3915 134299392 0 0
3917 134299520 0 0
3935 134299648 0 0
3937 134299776 0 0
3939 134299904 0 0
3941 134300032 0 0
3959 134300160 0 0
3961 134300288 0 0
3963 134300416 0 0
3965 134300544 0 0
3983 134300672 0 0
3985 134300800 0 0
3987 134300928 0 0
3989 134301056 0 0
4007 134301184 0 0
4009 134301312 0 0
4011 134301440 0 0
4013 134301568 0 0
4031 134301696 0 0
4033 134301824 0 0
4035 134301952 0 0
4037 134302080 0 0
4055 134302208 0 0
4057 134302336 0 0
4059 134302464 0 0
4061 134302592 0 0
4079 134302720 0 0
4081 134302848 0 0
4083 134302976 0 0
4085 134303104 0 0
4103 134303232 0 0
4105 134303360 0 0
4107 134303488 0 0
4109 134303616 0 0
4127 134303744 0 0
4129 134303872 0 0
4131 134304000 0 0
4133 134304128 0 0
4151 134304256 0 0
4153 134304384 0 0
4155 134304512 0 0
4157 134304640 0 0
4175 134304768 0 0
4177 134304896 0 0
4179 134305024 0 0
4181 134305152 0 0
4199 134305280 0 0
4201 134305408 0 0
4203 134305536 0 0
4205 134305664 0 0
4223 134305792 0 0
4225 134305920 0 0
4227 134306048 0 0
4229 134306176 0 0
4247 134306304 0 0
4249 134306432 0 0
4251 134306560 0 0
4253 134306688 0 0
4271 134306816 0 0
4273 134306944 0 0
4275 134307072 0 0
4277 134307200 0 0
4295 134307328 0 0
4297 134307456 0 0
4299 134307584 0 0
4301 134307712 0 0
4319 134307840 0 0
4321 134307968 0 0
4323 134308096 0 0
4325 134308224 0 0
4343 134308352 0 0
4345 134308480 0 0
4347 134308608 0 0
4349 134308736 0 0
4367 134308864 0 0
4369 134308992 0 0
4371 134309120 0 0
4373 134309248 0 0
4391 134309376 0 0
4393 134309504 0 0
4395 134309632 0 0
4397 134309760 0 0
4415 134309888 0 0
4417 134310016 0 0
4419 134310144 0 0
4421 134310272 0 0
4439 134310400 0 0
4441 134310528 0 0
4443 134310656 0 0
4445 134310784 0 0
4463 134310912 0 0
4465 134311040 0 0
4467 134311168 0 0
4469 134311296 0 0
4487 134311424 0 0
4489 134311552 0 0
4491 134311680 0 0
4493 134311808 0 0
4511 134311936 0 0
4513 134312064 0 0
4515 134312192 0 0
4517 134312320 0 0
4535 134312448 0 0
4537 134312576 0 0
4539 134312704 0 0
4541 134312832 0 0
4559 134312960 0 0
4561 134313088 0 0
4563 134313216 0 0
4565 134313344 0 0
4583 134313472 0 0
4585 134313600 0 0
4587 134313728 0 0
4589 134313856 0 0
4607 134313984 0 0
4609 134314112 0 0
4611 134314240 0 0
4613 134314368 0 0
4631 134314496 0 0
4633 134314624 0 0
4635 134314752 0 0
4637 134314880 0 0
4655 134315008 0 0
4657 134315136 0 0
4659 134315264 0 0
4661 134315392 0 0
4679 134315520 0 0
4681 134315648 0 0
4683 134315776 0 0
4685 134315904 0 0
4703 134316032 0 0
4705 134316160 0 0
4707 134316288 0 0
4709 134316416 0 0
4727 134316544 0 0
4729 134316672 0 0
4731 134316800 0 0
4733 134316928 0 0
4751 134317056 0 0
4753 134317184 0 0
4755 134317312 0 0
4757 134317440 0 0
4775 134317568 0 0
4777 134317696 0 0
4779 134317824 0 0
4781 134317952 0 0
4799 134318080 0 0
4801 134318208 0 0
4803 134318336 0 0
4805 134318464 0 0
4823 134318592 0 0
4825 134318720 0 0
4827 134318848 0 0
4829 134318976 0 0
4847 134319104 0 0
4849 134319232 0 0
4851 134319360 0 0
4853 134319488 0 0
4871 134319616 0 0
4873 134319744 0 0
4875 134319872 0 0
4877 134320000 0 0
4895 134320128 0 0
4897 134320256 0 0
4899 134320384 0 0
4901 134320512 0 0
4919 134320640 0 0
4921 134320768 0 0
4923 134320896 0 0
4925 134321024 0 0
4943 134321152 0 0
4945 134321280 0 0
4947 134321408 0 0
4949 134321536 0 0
4967 134321664 0 0
4969 134321792 0 0
4971 134321920 0 0
4973 134322048 0 0
4991 134322176 0 0
4993 134322304 0 0
4995 134322432 0 0
4997 134322560 0 0
5015 134322688 0 0
5017 134322816 0 0
5019 134322944 0 0
5021 134323072 0 0
5039 134323200 0 0
5041 134323328 0 0
5043 134323456 0 0
5045 134323584 0 0
5063 134323712 0 0
5065 134323840 0 0
5067 134323968 0 0
5069 134324096 0 0
5087 134324224 0 0
5089 134324352 0 0
5091 134324480 0 0
5093 134324608 0 0
5111 134324736 0 0
5113 134324864 0 0
5115 134324992 0 0
5117 134325120 0 0
5135 134325248 0 0
5137 134325376 0 0
5139 134325504 0 0
5141 134325632 0 0
5159 134325760 0 0
5161 134325888 0 0
5163 134326016 0 0
5165 134326144 0 0
5183 134326272 0 0
5185 134326400 0 0
5187 134326528 0 0
5189 134326656 0 0
5207 134326784 0 0
5209 134326912 0 0
5211 134327040 0 0
5213 134327168 0 0
5231 134327296 0 0
5233 134327424 0 0
5235 134327552 0 0
5237 134327680 0 0
5255 134327808 0 0
5257 134327936 0 0
5259 134328064 0 0
5261 134328192 0 0
5279 134328320 0 0
5281 134328448 0 0
5283 134328576 0 0
5285 134328704 0 0
5303 134328832 0 0
5305 134328960 0 0
5307 134329088 0 0
5309 134329216 0 0
5327 134329344 0 0
5329 134329472 0 0
5331 134329600 0 0
5333 134329728 0 0
5351 134329856 0 0
5353 134329984 0 0
5355 134330112 0 0
5357 134330240 0 0
5375 134330368 0 0
5377 134330496 0 0
5379 134330624 0 0
5381 134330752 0 0
5399 134330880 0 0
5401 134331008 0 0
5403 134331136 0 0
5405 134331264 0 0
5423 134331392 0 0
5425 134331520 0 0
5427 134331648 0 0
5429 134331776 0 0
5447 134331904 0 0
5449 134332032 0 0
5451 134332160 0 0
5453 134332288 0 0
5471 134332416 0 0
5473 134332544 0 0
5475 134332672 0 0
5477 134332800 0 0
5495 134332928 0 0
5497 134333056 0 0
5499 134333184 0 0
5501 134333312 0 0
5519 134333440 0 0
5521 134333568 0 0
5523 134333696 0 0
5525 134333824 0 0
5543 134333952 0 0
5545 134334080 0 0
5547 134334208 0 0
5549 134334336 0 0
5567 134334464 0 0
5569 134334592 0 0
5571 134334720 0 0
5573 134334848 0 0
5591 134334976 0 0
5593 134335104 0 0
5595 134335232 0 0
5597 134335360 0 0
5615 134335488 0 0
5617 134335616 0 0
5619 134335744 0 0
5621 134335872 0 0
5639 134336000 0 0
5641 134336128 0 0
5643 134336256 0 0
5645 134336384 0 0
5663 134336512 0 0
5665 134336640 0 0
5667 134336768 0 0
5669 134336896 0 0
5687 134337024 0 0
5689 134337152 0 0
5691 134337280 0 0
5693 134337408 0 0
5711 134337536 0 0
5713 134337664 0 0
5715 134337792 0 0
5717 134337920 0 0
5735 134338048 0 0
5737 134338176 0 0
5739 134338304 0 0
5741 134338432 0 0
5759 134338560 0 0
5761 134338688 0 0
5763 134338816 0 0
5765 134338944 0 0
5783 134339072 0 0
5785 134339200 0 0
5787 134339328 0 0
5789 134339456 0 0
5807 134339584 0 0
5809 134339712 0 0
5811 134339840 0 0
5813 134339968 0 0
5831 134340096 0 0
5833 134340224 0 0
5835 134340352 0 0
5837 134340480 0 0
5855 134340608 0 0
5857 134340736 0 0
5859 134340864 0 0
5861 134340992 0 0
5879 134341120 0 0
5881 134341248 0 0
5883 134341376 0 0
5885 134341504 0 0
5903 134341632 0 0
5905 134341760 0 0
5907 134341888 0 0
5909 134342016 0 0
5927 134342144 0 0
5929 134342272 0 0
5931 134342400 0 0
5933 134342528 0 0
5951 134342656 0 0
5953 134342784 0 0
5955 134342912 0 0
5957 134343040 0 0
5975 134343168 0 0
5977 134343296 0 0
5979 134343424 0 0
5981 134343552 0 0
5999 134343680 0 0
6001 134343808 0 0
6003 134343936 0 0
6005 134344064 0 0
6023 134344192 0 0
6025 134344320 0 0
6027 134344448 0 0
6029 134344576 0 0
6047 134344704 0 0
6049 134344832 0 0
6051 134344960 0 0
6053 134345088 0 0
6071 134345216 0 0
6073 134345344 0 0
6075 134345472 0 0
6077 134345600 0 0
6095 134345728 0 0
6097 134345856 0 0
6099 134345984 0 0
6101 134346112 0 0
6119 134346240 0 0
6121 134346368 0 0
6123 134346496 0 0
6125 134346624 0 0
6143 134346752 0 0
6145 134346880 0 0
6147 134347008 0 0
6149 134347136 0 0
6167 134347264 0 0
6169 134347392 0 0
6171 134347520 0 0
6173 134347648 0 0
6191 134347776 0 0
6193 134347904 0 0
6195 134348032 0 0
6197 134348160 0 0
6215 134348288 0 0
6217 134348416 0 0
6219 134348544 0 0
6221 134348672 0 0
6239 134348800 0 0
6241 134348928 0 0
6243 134349056 0 0
6351 134349184 0 0
6353 134349312 0 0
6355 134349440 0 0
6357 134349568 0 0
6375 134349696 0 0
6377 134349824 0 0
6379 134349952 0 0
6381 134350080 0 0
6399 134350208 0 0
6401 134350336 0 0
6403 134350464 0 0
6405 134350592 0 0
6423 134350720 0 0
6447 134350848 0 0
6449 134350976 0 0
6451 134351104 0 0
6453 134351232 0 0
6471 134351360 0 0
6473 134351488 0 0
6475 134351616 0 0
6477 134351744 0 0
6495 134351872 0 0
6497 134352000 0 0
6499 134352128 0 0
6501 134352256 0 0
6519 134352384 0 0
6521 134352512 0 0
6523 134352640 0 0
6525 134352768 0 0
6543 134352896 0 0
6545 134353024 0 0
6547 134353152 0 0
6549 134353280 0 0
6567 134353408 0 0
6569 134353536 0 0
6571 134353664 0 0
6573 134353792 0 0
6591 134353920 0 0
6593 134354048 0 0
6595 134354176 0 0
6597 134354304 0 0
6615 134354432 0 0
6617 134354560 0 0
6619 134354688 0 0
6621 134354816 0 0
6639 134354944 0 0
6641 134355072 0 0
6643 134355200 0 0
6645 134355328 0 0
6663 134355456 0 0
6665 134355584 0 0
6667 134355712 0 0
6669 134355840 0 0
6687 134355968 0 0
6689 134356096 0 0
6691 134356224 0 0
6693 134356352 0 0
6711 134356480 0 0
6713 134356608 0 0
6715 134356736 0 0
6717 134356864 0 0
6735 134356992 0 0
6737 134357120 0 0
6739 134357248 0 0
6741 134357376 0 0
6759 134357504 0 0
6761 134357632 0 0
6763 134357760 0 0
6765 134357888 0 0
6783 134358016 0 0
6785 134358144 0 0
6787 134358272 0 0
6789 134358400 0 0
6807 134358528 0 0
6809 134358656 0 0
6811 134358784 0 0
6813 134358912 0 0
6831 134359040 0 0
6833 134359168 0 0
6835 134359296 0 0
6837 134359424 0 0
6855 134359552 0 0
6857 134359680 0 0
6859 134359808 0 0
6861 134359936 0 0
6879 134360064 0 0
6881 134360192 0 0
6883 134360320 0 0
6885 134360448 0 0
6903 134360576 0 0
6905 134360704 0 0
6907 134360832 0 0
6909 134360960 0 0
6927 134361088 0 0
6929 134361216 0 0
6931 134361344 0 0
6933 134361472 0 0
6951 134361600 0 0
6953 134361728 0 0
6955 134361856 0 0
6957 134361984 0 0
6975 134362112 0 0
6977 134362240 0 0
6979 134362368 0 0
6981 134362496 0 0
6999 134362624 0 0
7001 134362752 0 0
7003 134362880 0 0
7005 134363008 0 0
7023 134363136 0 0
7025 134363264 0 0
7027 134363392 0 0
7029 134363520 0 0
7047 134363648 0 0
7049 134363776 0 0
7051 134363904 0 0
7053 134364032 0 0
7071 134364160 0 0
7073 134364288 0 0
7075 134364416 0 0
7077 134364544 0 0
7095 134364672 0 0
7097 134364800 0 0
7099 134364928 0 0
7101 134365056 0 0
7119 134365184 0 0
7121 134365312 0 0
7123 134365440 0 0
7125 134365568 0 0
7143 134365696 0 0
7145 134365824 0 0
7147 134365952 0 0
7149 134366080 0 0
7167 134366208 0 0
7169 134366336 0 0
7171 134366464 0 0
7173 134366592 0 0
7191 134366720 0 0
7193 134366848 0 0
7195 134366976 0 0
7197 134367104 0 0
7215 134367232 0 0
7217 134367360 0 0
7219 134367488 0 0
7221 134367616 0 0
7239 134367744 0 0
7241 134367872 0 0
7243 134368000 0 0
7245 134368128 0 0
7263 134368256 0 0
7265 134368384 0 0
7267 134368512 0 0
7269 134368640 0 0
7287 134368768 0 0
7289 134368896 0 0
7291 134369024 0 0
7293 134369152 0 0
7311 134369280 0 0
7313 134369408 0 0
7315 134369536 0 0
7317 134369664 0 0
7335 134369792 0 0
7337 134369920 0 0
7339 134370048 0 0
7341 134370176 0 0
7359 134370304 0 0
7361 134370432 0 0
7363 134370560 0 0
7365 134370688 0 0
7383 134370816 0 0
7385 134370944 0 0
7387 134371072 0 0
7389 134371200 0 0
7407 134371328 0 0
7409 134371456 0 0
7411 134371584 0 0
7413 134371712 0 0
7431 134371840 0 0
7433 134371968 0 0
7435 134372096 0 0
7437 134372224 0 0
7455 134372352 0 0
7457 134372480 0 0
7459 134372608 0 0
7461 134372736 0 0
7479 134372864 0 0
7481 134372992 0 0
7483 134373120 0 0
7485 134373248 0 0
7503 134373376 0 0
7505 134373504 0 0
7507 134373632 0 0
7509 134373760 0 0
7527 134373888 0 0
7529 134374016 0 0
7531 134374144 0 0
7533 134374272 0 0
7551 134374400 0 0
7553 134374528 0 0
7555 134374656 0 0
7557 134374784 0 0
7575 134374912 0 0
7577 134375040 0 0
7579 134375168 0 0
7581 134375296 0 0
7599 134375424 0 0
7601 134375552 0 0
7603 134375680 0 0
7605 134375808 0 0
7623 134375936 0 0
7625 134376064 0 0
7627 134376192 0 0
7629 134376320 0 0
7647 134376448 0 0
7649 134376576 0 0
7651 134376704 0 0
7653 134376832 0 0
7671 134376960 0 0
7673 134377088 0 0
7675 134377216 0 0
7677 134377344 0 0
7695 134377472 0 0
7697 134377600 0 0
7699 134377728 0 0
7701 134377856 0 0
7719 134377984 0 0
7721 134378112 0 0
7723 134378240 0 0
7725 134378368 0 0
7743 134378496 0 0
7745 134378624 0 0
7747 134378752 0 0
7749 134378880 0 0
7767 134379008 0 0
7769 134379136 0 0
7771 134379264 0 0
7773 134379392 0 0
7791 134379520 0 0
7793 134379648 0 0
7795 134379776 0 0
7797 134379904 0 0
7815 134380032 0 0
7817 134380160 0 0
7819 134380288 0 0
7821 134380416 0 0
7839 134380544 0 0
7841 134380672 0 0
7843 134380800 0 0
7845 134380928 0 0
7863 134381056 0 0
7865 134381184 0 0
7867 134381312 0 0
7869 134381440 0 0
7887 134381568 0 0
7889 134381696 0 0
7891 134381824 0 0
7893 134381952 0 0
7911 134382080 0 0
7913 134382208 0 0
7915 134382336 0 0
7917 134382464 0 0
7935 134382592 0 0
7937 134382720 0 0
7939 134382848 0 0
7941 134382976 0 0
7959 134383104 0 0
7961 134383232 0 0
7963 134383360 0 0
7965 134383488 0 0
7983 134383616 0 0
7985 134383744 0 0
7987 134383872 0 0
7989 134384000 0 0
8007 134384128 0 0
8009 134384256 0 0
8011 134384384 0 0
8013 134384512 0 0
8031 134384640 0 0
8033 134384768 0 0
8035 134384896 0 0
8037 134385024 0 0
8055 134385152 0 0
8057 134385280 0 0
8059 134385408 0 0
8061 134385536 0 0
8079 134385664 0 0
8081 134385792 0 0
8083 134385920 0 0
8085 134386048 0 0
8103 134386176 0 0
8105 134386304 0 0
8107 134386432 0 0
8109 134386560 0 0
8127 134386688 0 0
8129 134386816 0 0
8131 134386944 0 0
8133 134387072 0 0
8151 134387200 0 0
8153 134387328 0 0
8155 134387456 0 0
8157 134387584 0 0
8175 134387712 0 0
8177 134387840 0 0
8179 134387968 0 0
8181 134388096 0 0
8199 134388224 0 0
8201 134388352 0 0
8203 134388480 0 0
8205 134388608 0 0
8223 134388736 0 0
8225 134388864 0 0
8227 134388992 0 0
8229 134389120 0 0
8247 134389248 0 0
8249 134389376 0 0
8251 134389504 0 0
8253 134389632 0 0
8271 134389760 0 0
8273 134389888 0 0
8275 134390016 0 0
8277 134390144 0 0
8295 134390272 0 0
8297 134390400 0 0
8299 134390528 0 0
8301 134390656 0 0
8319 134390784 0 0
8321 134390912 0 0
8323 134391040 0 0
8325 134391168 0 0
8343 134391296 0 0
8345 134391424 0 0
8347 134391552 0 0
8349 134391680 0 0
8367 134391808 0 0
8369 134391936 0 0
8371 134392064 0 0
8373 134392192 0 0
8391 134392320 0 0
8393 134392448 0 0
8395 134392576 0 0
8397 134392704 0 0
8415 134392832 0 0
8417 134392960 0 0
8419 134393088 0 0
8421 134393216 0 0
8439 134393344 0 0
8441 134393472 0 0
8443 134393600 0 0
8445 134393728 0 0
8463 134393856 0 0
8465 134393984 0 0
8467 134394112 0 0
8469 134394240 0 0
8487 134394368 0 0
8489 134394496 0 0
8491 134394624 0 0
8493 134394752 0 0
8511 134394880 0 0
8513 134395008 0 0
8515 134395136 0 0
8517 134395264 0 0
8535 134395392 0 0
8537 134395520 0 0
8539 134395648 0 0
8541 134395776 0 0
8559 134395904 0 0
8561 134396032 0 0
8563 134396160 0 0
8565 134396288 0 0
8583 134396416 0 0
8585 134396544 0 0
8587 134396672 0 0
8589 134396800 0 0
8607 134396928 0 0
8609 134397056 0 0
8611 134397184 0 0
8613 134397312 0 0
8631 134397440 0 0
8633 134397568 0 0
8635 134397696 0 0
8637 134397824 0 0
8655 134397952 0 0
8657 134398080 0 0
8659 134398208 0 0
8661 134398336 0 0
8679 134398464 0 0
8681 134398592 0 0
8683 134398720 0 0
8685 134398848 0 0
8703 134398976 0 0
8705 134399104 0 0
8707 134399232 0 0
8709 134399360 0 0
8727 134399488 0 0
8729 134399616 0 0
8731 134399744 0 0
8733 134399872 0 0
8751 134400000 0 0
8753 134400128 0 0
8755 134400256 0 0
8757 134400384 0 0
8775 134400512 0 0
8777 134400640 0 0
8779 134400768 0 0
8781 134400896 0 0
8799 134401024 0 0
8801 134401152 0 0
8803 134401280 0 0
8805 134401408 0 0
8823 134401536 0 0
8825 134401664 0 0
8827 134401792 0 0
8829 134401920 0 0
8847 134402048 0 0
8849 134402176 0 0
8851 134402304 0 0
8853 134402432 0 0
8871 134402560 0 0
8873 134402688 0 0
8875 134402816 0 0
8877 134402944 0 0
8895 134403072 0 0
8897 134403200 0 0
8899 134403328 0 0
8901 134403456 0 0
8919 134403584 0 0
8921 134403712 0 0
8923 134403840 0 0
8925 134403968 0 0
8943 134404096 0 0
8945 134404224 0 0
8947 134404352 0 0
8949 134404480 0 0
8967 134404608 0 0
8969 134404736 0 0
8971 134404864 0 0
8973 134404992 0 0
8991 134405120 0 0
8993 134405248 0 0
8995 134405376 0 0
8997 134405504 0 0
9015 134405632 0 0
9017 134405760 0 0
9019 134405888 0 0
9021 134406016 0 0
9039 134406144 0 0
9041 134406272 0 0
9043 134406400 0 0
9045 134406528 0 0
9063 134406656 0 0
9065 134406784 0 0
9067 134406912 0 0
9069 134407040 0 0
9087 134407168 0 0
9089 134407296 0 0
9091 134407424 0 0
9093 134407552 0 0
9111 134407680 0 0
9113 134407808 0 0
9115 134407936 0 0
9117 134408064 0 0
9135 134408192 0 0
9137 134408320 0 0
9139 134408448 0 0
9141 134408576 0 0
9159 134408704 0 0
9161 134408832 0 0
9163 134408960 0 0
9165 134409088 0 0
9183 134409216 0 0
9185 134409344 0 0
9187 134409472 0 0
9189 134409600 0 0
9207 134409728 0 0
9209 134409856 0 0
9211 134409984 0 0
9213 134410112 0 0
9231 134410240 0 0
9233 134410368 0 0
9235 134410496 0 0
9237 134410624 0 0
9255 134410752 0 0
9257 134410880 0 0
9259 134411008 0 0
9261 134411136 0 0
9279 134411264 0 0
9281 134411392 0 0
9283 134411520 0 0
9285 134411648 0 0
9303 134411776 0 0
9305 134411904 0 0
9307 134412032 0 0
9309 134412160 0 0
9327 134412288 0 0
9329 134412416 0 0
9331 134412544 0 0
9333 134412672 0 0
9351 134412800 0 0
9353 134412928 0 0
9355 134413056 0 0
9357 134413184 0 0
9463 134413312 0 0
9465 134413440 0 0
9467 134413568 0 0
9469 134413696 0 0
9487 134413824 0 0
9489 134413952 0 0
9491 134414080 0 0
9493 134414208 0 0
9511 134414336 0 0
9513 134414464 0 0
9515 134414592 0 0
9517 134414720 0 0
9535 134414848 0 0
9537 134414976 0 0
9539 134415104 0 0
9541 134415232 0 0
9559 134415360 0 0
9561 134415488 0 0
9563 134415616 0 0
9565 134415744 0 0
9583 134415872 0 0
9585 134416000 0 0
9587 134416128 0 0
9589 134416256 0 0
9607 134416384 0 0
9609 134416512 0 0
9611 134416640 0 0
9613 134416768 0 0
9631 134416896 0 0
9633 134417024 0 0
9635 134417152 0 0
9637 134417280 0 0
9655 134417408 0 0
9657 134417536 0 0
9659 134417664 0 0
9661 134417792 0 0
9679 134417920 0 0
9681 134418048 0 0
9683 134418176 0 0
9685 134418304 0 0
9703 134418432 0 0
9705 134418560 0 0
9707 134418688 0 0
9709 134418816 0 0
9727 134418944 0 0
9729 134419072 0 0
9731 134419200 0 0
9733 134419328 0 0
9751 134419456 0 0
9753 134419584 0 0
9755 134419712 0 0
9757 134419840 0 0
9775 134419968 0 0
9777 134420096 0 0
9779 134420224 0 0
9781 134420352 0 0
9799 134420480 0 0
9801 134420608 0 0
9803 134420736 0 0
9805 134420864 0 0
9823 134420992 0 0
9825 134421120 0 0
9827 134421248 0 0
9829 134421376 0 0
9847 134421504 0 0
9849 134421632 0 0
9851 134421760 0 0
9853 134421888 0 0
9871 134422016 0 0
9873 134422144 0 0
9875 134422272 0 0
9877 134422400 0 0
9895 134422528 0 0
9897 134422656 0 0
9899 134422784 0 0
9901 134422912 0 0
9919 134423040 0 0
9921 134423168 0 0
9923 134423296 0 0
9925 134423424 0 0
9943 134423552 0 0
9945 134423680 0 0
9947 134423808 0 0
9949 134423936 0 0
9967 134424064 0 0
9969 134424192 0 0
9971 134424320 0 0
9973 134424448 0 0
9991 134424576 0 0
9993 134424704 0 0
9995 134424832 0 0
9997 134424960 0 0
10015 134425088 0 0
10017 134425216 0 0
10019 134425344 0 0
10021 134425472 0 0
10039 134425600 0 0
10041 134425728 0 0
10043 134425856 0 0
10045 134425984 0 0
10063 134426112 0 0
10065 134426240 0 0
10067 134426368 0 0
10069 134426496 0 0
10087 134426624 0 0
10089 134426752 0 0
10091 134426880 0 0
10093 134427008 0 0
10111 134427136 0 0
10113 134427264 0 0
10115 134427392 0 0
10117 134427520 0 0
10135 134427648 0 0
10137 134427776 0 0
10139 134427904 0 0
10141 134428032 0 0
10159 134428160 0 0
10161 134428288 0 0
10163 134428416 0 0
10165 134428544 0 0
10183 134428672 0 0
10185 134428800 0 0
10187 134428928 0 0
10189 134429056 0 0
10207 134429184 0 0
10209 134429312 0 0
10211 134429440 0 0
10213 134429568 0 0
10231 134429696 0 0
10233 134429824 0 0
10235 134429952 0 0
10237 134430080 0 0
10255 134430208 0 0
10257 134430336 0 0
10259 134430464 0 0
10261 134430592 0 0
10279 134430720 0 0
10281 134430848 0 0
10283 134430976 0 0
10285 134431104 0 0
10303 134431232 0 0
10305 134431360 0 0
10307 134431488 0 0
10309 134431616 0 0
10327 134431744 0 0
10329 134431872 0 0
10331 134432000 0 0
10333 134432128 0 0
10351 134432256 0 0
10353 134432384 0 0
10355 134432512 0 0
10357 134432640 0 0
10375 134432768 0 0
10377 134432896 0 0
10379 134433024 0 0
10381 134433152 0 0
10399 134433280 0 0
10401 134433408 0 0
10403 134433536 0 0
10405 134433664 0 0
10423 134433792 0 0
10425 134433920 0 0
10427 134434048 0 0
10429 134434176 0 0
10447 134434304 0 0
10449 134434432 0 0
10451 134434560 0 0
10453 134434688 0 0
10471 134434816 0 0
10473 134434944 0 0
10475 134435072 0 0
10477 134435200 0 0
10495 134435328 0 0
10497 134435456 0 0
10499 134435584 0 0
10501 134435712 0 0
10519 134435840 0 0
10521 134435968 0 0
10523 134436096 0 0
10525 134436224 0 0
10543 134436352 0 0
10545 134436480 0 0
10547 134436608 0 0
10549 134436736 0 0
10567 134436864 0 0
10569 134436992 0 0
10571 134437120 0 0
10573 134437248 0 0
10591 134437376 0 0
10593 134437504 0 0
10595 134437632 0 0
10597 134437760 0 0
10615 134437888 0 0
10617 134438016 0 0
10619 134438144 0 0
10621 134438272 0 0
10639 134438400 0 0
10641 134438528 0 0
10643 134438656 0 0
10645 134438784 0 0
10663 134438912 0 0
10665 134439040 0 0
10667 134439168 0 0
10669 134439296 0 0
10687 134439424 0 0
10689 134439552 0 0
10691 134439680 0 0
10693 134439808 0 0
10711 134439936 0 0
10713 134440064 0 0
10715 134440192 0 0
10717 134440320 0 0
10735 134440448 0 0
10737 134440576 0 0
10739 134440704 0 0
10741 134440832 0 0
10759 134440960 0 0
10761 134441088 0 0
10763 134441216 0 0
10765 134441344 0 0
10783 134441472 0 0
10785 134441600 0 0
10787 134441728 0 0
10789 134441856 0 0
10807 134441984 0 0
10809 134442112 0 0
10811 134442240 0 0
10813 134442368 0 0
10831 134442496 0 0
10833 134442624 0 0
10835 134442752 0 0
10837 134442880 0 0
10855 134443008 0 0
10857 134443136 0 0
10859 134443264 0 0
10861 134443392 0 0
10879 134443520 0 0
10881 134443648 0 0
10883 134443776 0 0
10885 134443904 0 0
10903 134444032 0 0
10905 134444160 0 0
10907 134444288 0 0
10909 134444416 0 0
10927 134444544 0 0
10929 134444672 0 0
10931 134444800 0 0
10933 134444928 0 0
10951 134445056 0 0
10953 134445184 0 0
10955 134445312 0 0
10957 134445440 0 0
10975 134445568 0 0
10977 134445696 0 0
10979 134445824 0 0
10981 134445952 0 0
10999 134446080 0 0
11001 134446208 0 0
11003 134446336 0 0
11005 134446464 0 0
11023 134446592 0 0
11025 134446720 0 0
11027 134446848 0 0
11029 134446976 0 0
11047 134447104 0 0
11049 134447232 0 0
11051 134447360 0 0
11053 134447488 0 0
11071 134447616 0 0
11073 134447744 0 0
11075 134447872 0 0
11077 134448000 0 0
11095 134448128 0 0
11097 134448256 0 0
11099 134448384 0 0
11101 134448512 0 0
11119 134448640 0 0
11121 134448768 0 0
11123 134448896 0 0
11125 134449024 0 0
11143 134449152 0 0
11145 134449280 0 0
11147 134449408 0 0
11149 134449536 0 0
11167 134449664 0 0
11169 134449792 0 0
11171 134449920 0 0
11173 134450048 0 0
11191 134450176 0 0
11193 134450304 0 0
11195 134450432 0 0
11197 134450560 0 0
11215 134450688 0 0
11217 134450816 0 0
11219 134450944 0 0
11221 134451072 0 0
11239 134451200 0 0
11241 134451328 0 0
11243 134451456 0 0
11245 134451584 0 0
11263 134451712 0 0
11265 134451840 0 0
11267 134451968 0 0
11269 134452096 0 0
11287 134452224 0 0
11289 134452352 0 0
11291 134452480 0 0
11293 134452608 0 0
11311 134452736 0 0
11313 134452864 0 0
11315 134452992 0 0
11317 134453120 0 0
11335 134453248 0 0
11337 134453376 0 0
11339 134453504 0 0
11341 134453632 0 0
11359 134453760 0 0
11361 134453888 0 0
11363 134454016 0 0
11365 134454144 0 0
11383 134454272 0 0
11385 134454400 0 0
11387 134454528 0 0
11389 134454656 0 0
11407 134454784 0 0
11409 134454912 0 0
11411 134455040 0 0
11413 134455168 0 0
11431 134455296 0 0
11433 134455424 0 0
11435 134455552 0 0
11437 134455680 0 0
11455 134455808 0 0
11457 134455936 0 0
11459 134456064 0 0
11461 134456192 0 0
11479 134456320 0 0
11481 134456448 0 0
11483 134456576 0 0
11485 134456704 0 0
11503 134456832 0 0
11505 134456960 0 0
11507 134457088 0 0
11509 134457216 0 0
11527 134457344 0 0
11529 134457472 0 0
11531 134457600 0 0
11533 134457728 0 0
11551 134457856 0 0
11553 134457984 0 0
11555 134458112 0 0
11557 134458240 0 0
11575 134458368 0 0
11577 134458496 0 0
11579 134458624 0 0
11581 134458752 0 0
11599 134458880 0 0
11601 134459008 0 0
11603 134459136 0 0
11605 134459264 0 0
11623 134459392 0 0
11625 134459520 0 0
11627 134459648 0 0
11629 134459776 0 0
11647 134459904 0 0
11649 134460032 0 0
11651 134460160 0 0
11653 134460288 0 0
11671 134460416 0 0
11673 134460544 0 0
11675 134460672 0 0
11677 134460800 0 0
11695 134460928 0 0
11697 134461056 0 0
11699 134461184 0 0
11701 134461312 0 0
11719 134461440 0 0
11721 134461568 0 0
11723 134461696 0 0
11725 134461824 0 0
11743 134461952 0 0
11745 134462080 0 0
11747 134462208 0 0
11749 134462336 0 0
11767 134462464 0 0
11769 134462592 0 0
11771 134462720 0 0
11773 134462848 0 0
11791 134462976 0 0
11793 134463104 0 0
11795 134463232 0 0
11797 134463360 0 0
11815 134463488 0 0
11817 134463616 0 0
11819 134463744 0 0
11821 134463872 0 0
11839 134464000 0 0
11841 134464128 0 0
11843 134464256 0 0
11845 134464384 0 0
11863 134464512 0 0
11865 134464640 0 0
11867 134464768 0 0
11869 134464896 0 0
11887 134465024 0 0
11889 134465152 0 0
11891 134465280 0 0
11893 134465408 0 0
11911 134465536 0 0
11913 134465664 0 0
11915 134465792 0 0
11917 134465920 0 0
11935 134466048 0 0
11937 134466176 0 0
11939 134466304 0 0
11941 134466432 0 0
11959 134466560 0 0
11961 134466688 0 0
11963 134466816 0 0
11965 134466944 0 0
11983 134467072 0 0
11985 134467200 0 0
11987 134467328 0 0
11989 134467456 0 0
12007 134467584 0 0
12009 134467712 0 0
12011 134467840 0 0
12013 134467968 0 0
12031 134468096 0 0
12033 134468224 0 0
12035 134468352 0 0
12037 134468480 0 0
12055 134468608 0 0
12057 134468736 0 0
12059 134468864 0 0
12061 134468992 0 0
12079 134469120 0 0
12081 134469248 0 0
12083 134469376 0 0
12085 134469504 0 0
12103 134469632 0 0
12105 134469760 0 0
12107 134469888 0 0
12109 134470016 0 0
12127 134470144 0 0
12129 134470272 0 0
12131 134470400 0 0
12133 134470528 0 0
12151 134470656 0 0
12153 134470784 0 0
12155 134470912 0 0
12157 134471040 0 0
12175 134471168 0 0
12177 134471296 0 0
12179 134471424 0 0
12181 134471552 0 0
12199 134471680 0 0
12201 134471808 0 0
12203 134471936 0 0
12205 134472064 0 0
12223 134472192 0 0
12225 134472320 0 0
12227 134472448 0 0
12229 134472576 0 0
12247 134472704 0 0
12249 134472832 0 0
12251 134472960 0 0
12253 134473088 0 0
12271 134473216 0 0
12273 134473344 0 0
12275 134473472 0 0
12277 134473600 0 0
