0000000000000000001000000000000000
0000000000000000001000000001000000
0000000000000000001000000010000000
0000000000000000001000000011000000
0000000000000000001000000100000000
0000000000000000001000000101000000
0000000000000000001000000110000000
0000000000000000001000000111000000
0000000000000000101000000000000000
0000000000000000101000000001000000
0000000000000000101000000010000000
0000000000000000101000000011000000
0000000000000000101000000100000000
0000000000000000101000000101000000
0000000000000000101000000110000000
0000000000000000101000000111000000
0000000000000001001000000000000000
0000000000000001001000000001000000
0000000000000001001000000010000000
0000000000000001001000000011000000
0000000000000001001000000100000000
0000000000000001001000000101000000
0000000000000001001000000110000000
0000000000000001001000000111000000
0000000000000001101000000000000000
0000000000000001101000000001000000
0000000000000001101000000010000000
0000000000000001101000000011000000
0000000000000001101000000100000000
0000000000000001101000000101000000
0000000000000001101000000110000000
0000000000000001101000000111000000
0000000000000010001000000000000000
0000000000000010001000000001000000
0000000000000010001000000010000000
0000000000000010001000000011000000
0000000000000010001000000100000000
0000000000000010001000000101000000
0000000000000010001000000110000000
0000000000000010001000000111000000
0000000000000010101000000000000000
0000000000000010101000000001000000
0000000000000010101000000010000000
0000000000000010101000000011000000
0000000000000010101000000100000000
0000000000000010101000000101000000
0000000000000010101000000110000000
0000000000000010101000000111000000
0000000000000011001000000000000000
0000000000000011001000000001000000
0000000000000011001000000010000000
0000000000000011001000000011000000
0000000000000011001000000100000000
0000000000000011001000000101000000
0000000000000011001000000110000000
0000000000000011001000000111000000
0000000000000011101000000000000000
0000000000000011101000000001000000
0000000000000011101000000010000000
0000000000000011101000000011000000
0000000000000011101000000100000000
0000000000000011101000000101000000
0000000000000011101000000110000000
0000000000000011101000000111000000
0000000000000100001000000000000000
0000000000000100001000000001000000
0000000000000100001000000010000000
0000000000000100001000000011000000
0000000000000100001000000100000000
0000000000000100001000000101000000
0000000000000100001000000110000000
0000000000000100001000000111000000
0000000000000100101000000000000000
0000000000000100101000000001000000
0000000000000100101000000010000000
0000000000000100101000000011000000
0000000000000100101000000100000000
0000000000000100101000000101000000
0000000000000100101000000110000000
0000000000000100101000000111000000
0000000000000101001000000000000000
0000000000000101001000000001000000
0000000000000101001000000010000000
0000000000000101001000000011000000
0000000000000101001000000100000000
0000000000000101001000000101000000
0000000000000101001000000110000000
0000000000000101001000000111000000
0000000000000101101000000000000000
0000000000000101101000000001000000
0000000000000101101000000010000000
0000000000000101101000000011000000
0000000000000101101000000100000000
0000000000000101101000000101000000
0000000000000101101000000110000000
0000000000000101101000000111000000
0000000000000110001000000000000000
0000000000000110001000000001000000
0000000000000110001000000010000000
0000000000000110001000000011000000
0000000000000110001000000100000000
0000000000000110001000000101000000
0000000000000110001000000110000000
0000000000000110001000000111000000
0000000000000110101000000000000000
0000000000000110101000000001000000
0000000000000110101000000010000000
0000000000000110101000000011000000
0000000000000110101000000100000000
0000000000000110101000000101000000
0000000000000110101000000110000000
0000000000000110101000000111000000
0000000000000111001000000000000000
0000000000000111001000000001000000
0000000000000111001000000010000000
0000000000000111001000000011000000
0000000000000111001000000100000000
0000000000000111001000000101000000
0000000000000111001000000110000000
0000000000000111001000000111000000
0000000000000111101000000000000000
0000000000000111101000000001000000
0000000000000111101000000010000000
0000000000000111101000000011000000
0000000000000111101000000100000000
0000000000000111101000000101000000
0000000000000111101000000110000000
0000000000000111101000000111000000
0000000000000000001000000000000001
0000000000000000001000000001000001
0000000000000000001000000010000001
0000000000000000001000000011000001
0000000000000000001000000100000001
0000000000000000001000000101000001
0000000000000000001000000110000001
0000000000000000001000000111000001
0000000000000000101000000000000001
0000000000000000101000000001000001
0000000000000000101000000010000001
0000000000000000101000000011000001
0000000000000000101000000100000001
0000000000000000101000000101000001
0000000000000000101000000110000001
0000000000000000101000000111000001
0000000000000001001000000000000001
0000000000000001001000000001000001
0000000000000001001000000010000001
0000000000000001001000000011000001
0000000000000001001000000100000001
0000000000000001001000000101000001
0000000000000001001000000110000001
0000000000000001001000000111000001
0000000000000001101000000000000001
0000000000000001101000000001000001
0000000000000001101000000010000001
0000000000000001101000000011000001
0000000000000001101000000100000001
0000000000000001101000000101000001
0000000000000001101000000110000001
0000000000000001101000000111000001
0000000000000010001000000000000001
0000000000000010001000000001000001
0000000000000010001000000010000001
0000000000000010001000000011000001
0000000000000010001000000100000001
0000000000000010001000000101000001
0000000000000010001000000110000001
0000000000000010001000000111000001
0000000000000010101000000000000001
0000000000000010101000000001000001
0000000000000010101000000010000001
0000000000000010101000000011000001
0000000000000010101000000100000001
0000000000000010101000000101000001
0000000000000010101000000110000001
0000000000000010101000000111000001
0000000000000011001000000000000001
0000000000000011001000000001000001
0000000000000011001000000010000001
0000000000000011001000000011000001
0000000000000011001000000100000001
0000000000000011001000000101000001
0000000000000011001000000110000001
0000000000000011001000000111000001
0000000000000011101000000000000001
0000000000000011101000000001000001
0000000000000011101000000010000001
0000000000000011101000000011000001
0000000000000011101000000100000001
0000000000000011101000000101000001
0000000000000011101000000110000001
0000000000000011101000000111000001
0000000000000100001000000000000001
0000000000000100001000000001000001
0000000000000100001000000010000001
0000000000000100001000000011000001
0000000000000100001000000100000001
0000000000000100001000000101000001
0000000000000100001000000110000001
0000000000000100001000000111000001
0000000000000100101000000000000001
0000000000000100101000000001000001
0000000000000100101000000010000001
0000000000000100101000000011000001
0000000000000100101000000100000001
0000000000000100101000000101000001
0000000000000100101000000110000001
0000000000000100101000000111000001
0000000000000101001000000000000001
0000000000000101001000000001000001
0000000000000101001000000010000001
0000000000000101001000000011000001
0000000000000101001000000100000001
0000000000000101001000000101000001
0000000000000101001000000110000001
0000000000000101001000000111000001
0000000000000101101000000000000001
0000000000000101101000000001000001
0000000000000101101000000010000001
0000000000000101101000000011000001
0000000000000101101000000100000001
0000000000000101101000000101000001
0000000000000101101000000110000001
0000000000000101101000000111000001
0000000000000110001000000000000001
0000000000000110001000000001000001
0000000000000110001000000010000001
0000000000000110001000000011000001
0000000000000110001000000100000001
0000000000000110001000000101000001
0000000000000110001000000110000001
0000000000000110001000000111000001
0000000000000110101000000000000001
0000000000000110101000000001000001
0000000000000110101000000010000001
0000000000000110101000000011000001
0000000000000110101000000100000001
0000000000000110101000000101000001
0000000000000110101000000110000001
0000000000000110101000000111000001
0000000000000111001000000000000001
0000000000000111001000000001000001
0000000000000111001000000010000001
0000000000000111001000000011000001
0000000000000111001000000100000001
0000000000000111001000000101000001
0000000000000111001000000110000001
0000000000000111001000000111000001
0000000000000111101000000000000001
0000000000000111101000000001000001
0000000000000111101000000010000001
0000000000000111101000000011000001
0000000000000111101000000100000001
0000000000000111101000000101000001
0000000000000111101000000110000001
0000000000000111101000000111000001
0000000000000000001000000000000010
0000000000000000001000000001000010
0000000000000000001000000010000010
0000000000000000001000000011000010
0000000000000000001000000100000010
0000000000000000001000000101000010
0000000000000000001000000110000010
0000000000000000001000000111000010
0000000000000000101000000000000010
0000000000000000101000000001000010
0000000000000000101000000010000010
0000000000000000101000000011000010
0000000000000000101000000100000010
0000000000000000101000000101000010
0000000000000000101000000110000010
0000000000000000101000000111000010
0000000000000001001000000000000010
0000000000000001001000000001000010
0000000000000001001000000010000010
0000000000000001001000000011000010
0000000000000001001000000100000010
0000000000000001001000000101000010
0000000000000001001000000110000010
0000000000000001001000000111000010
0000000000000001101000000000000010
0000000000000001101000000001000010
0000000000000001101000000010000010
0000000000000001101000000011000010
0000000000000001101000000100000010
0000000000000001101000000101000010
0000000000000001101000000110000010
0000000000000001101000000111000010
0000000000000010001000000000000010
0000000000000010001000000001000010
0000000000000010001000000010000010
0000000000000010001000000011000010
0000000000000010001000000100000010
0000000000000010001000000101000010
0000000000000010001000000110000010
0000000000000010001000000111000010
0000000000000010101000000000000010
0000000000000010101000000001000010
0000000000000010101000000010000010
0000000000000010101000000011000010
0000000000000010101000000100000010
0000000000000010101000000101000010
0000000000000010101000000110000010
0000000000000010101000000111000010
0000000000000011001000000000000010
0000000000000011001000000001000010
0000000000000011001000000010000010
0000000000000011001000000011000010
0000000000000011001000000100000010
0000000000000011001000000101000010
0000000000000011001000000110000010
0000000000000011001000000111000010
0000000000000011101000000000000010
0000000000000011101000000001000010
0000000000000011101000000010000010
0000000000000011101000000011000010
0000000000000011101000000100000010
0000000000000011101000000101000010
0000000000000011101000000110000010
0000000000000011101000000111000010
0000000000000100001000000000000010
0000000000000100001000000001000010
0000000000000100001000000010000010
0000000000000100001000000011000010
0000000000000100001000000100000010
0000000000000100001000000101000010
0000000000000100001000000110000010
0000000000000100001000000111000010
0000000000000100101000000000000010
0000000000000100101000000001000010
0000000000000100101000000010000010
0000000000000100101000000011000010
0000000000000100101000000100000010
0000000000000100101000000101000010
0000000000000100101000000110000010
0000000000000100101000000111000010
0000000000000101001000000000000010
0000000000000101001000000001000010
0000000000000101001000000010000010
0000000000000101001000000011000010
0000000000000101001000000100000010
0000000000000101001000000101000010
0000000000000101001000000110000010
0000000000000101001000000111000010
0000000000000101101000000000000010
0000000000000101101000000001000010
0000000000000101101000000010000010
0000000000000101101000000011000010
0000000000000101101000000100000010
0000000000000101101000000101000010
0000000000000101101000000110000010
0000000000000101101000000111000010
0000000000000110001000000000000010
0000000000000110001000000001000010
0000000000000110001000000010000010
0000000000000110001000000011000010
0000000000000110001000000100000010
0000000000000110001000000101000010
0000000000000110001000000110000010
0000000000000110001000000111000010
0000000000000110101000000000000010
0000000000000110101000000001000010
0000000000000110101000000010000010
0000000000000110101000000011000010
0000000000000110101000000100000010
0000000000000110101000000101000010
0000000000000110101000000110000010
0000000000000110101000000111000010
0000000000000111001000000000000010
0000000000000111001000000001000010
0000000000000111001000000010000010
0000000000000111001000000011000010
0000000000000111001000000100000010
0000000000000111001000000101000010
0000000000000111001000000110000010
0000000000000111001000000111000010
0000000000000111101000000000000010
0000000000000111101000000001000010
0000000000000111101000000010000010
0000000000000111101000000011000010
0000000000000111101000000100000010
0000000000000111101000000101000010
0000000000000111101000000110000010
0000000000000111101000000111000010
0000000000000000001000000000000011
0000000000000000001000000001000011
0000000000000000001000000010000011
0000000000000000001000000011000011
0000000000000000001000000100000011
0000000000000000001000000101000011
0000000000000000001000000110000011
0000000000000000001000000111000011
0000000000000000101000000000000011
0000000000000000101000000001000011
0000000000000000101000000010000011
0000000000000000101000000011000011
0000000000000000101000000100000011
0000000000000000101000000101000011
0000000000000000101000000110000011
0000000000000000101000000111000011
0000000000000001001000000000000011
0000000000000001001000000001000011
0000000000000001001000000010000011
0000000000000001001000000011000011
0000000000000001001000000100000011
0000000000000001001000000101000011
0000000000000001001000000110000011
0000000000000001001000000111000011
0000000000000001101000000000000011
0000000000000001101000000001000011
0000000000000001101000000010000011
0000000000000001101000000011000011
0000000000000001101000000100000011
0000000000000001101000000101000011
0000000000000001101000000110000011
0000000000000001101000000111000011
0000000000000010001000000000000011
0000000000000010001000000001000011
0000000000000010001000000010000011
0000000000000010001000000011000011
0000000000000010001000000100000011
0000000000000010001000000101000011
0000000000000010001000000110000011
0000000000000010001000000111000011
0000000000000010101000000000000011
0000000000000010101000000001000011
0000000000000010101000000010000011
0000000000000010101000000011000011
0000000000000010101000000100000011
0000000000000010101000000101000011
0000000000000010101000000110000011
0000000000000010101000000111000011
0000000000000011001000000000000011
0000000000000011001000000001000011
0000000000000011001000000010000011
0000000000000011001000000011000011
0000000000000011001000000100000011
0000000000000011001000000101000011
0000000000000011001000000110000011
0000000000000011001000000111000011
0000000000000011101000000000000011
0000000000000011101000000001000011
0000000000000011101000000010000011
0000000000000011101000000011000011
0000000000000011101000000100000011
0000000000000011101000000101000011
0000000000000011101000000110000011
0000000000000011101000000111000011
0000000000000100001000000000000011
0000000000000100001000000001000011
0000000000000100001000000010000011
0000000000000100001000000011000011
0000000000000100001000000100000011
0000000000000100001000000101000011
0000000000000100001000000110000011
0000000000000100001000000111000011
0000000000000100101000000000000011
0000000000000100101000000001000011
0000000000000100101000000010000011
0000000000000100101000000011000011
0000000000000100101000000100000011
0000000000000100101000000101000011
0000000000000100101000000110000011
0000000000000100101000000111000011
0000000000000101001000000000000011
0000000000000101001000000001000011
0000000000000101001000000010000011
0000000000000101001000000011000011
0000000000000101001000000100000011
0000000000000101001000000101000011
0000000000000101001000000110000011
0000000000000101001000000111000011
0000000000000101101000000000000011
0000000000000101101000000001000011
0000000000000101101000000010000011
0000000000000101101000000011000011
0000000000000101101000000100000011
0000000000000101101000000101000011
0000000000000101101000000110000011
0000000000000101101000000111000011
0000000000000110001000000000000011
0000000000000110001000000001000011
0000000000000110001000000010000011
0000000000000110001000000011000011
0000000000000110001000000100000011
0000000000000110001000000101000011
0000000000000110001000000110000011
0000000000000110001000000111000011
0000000000000110101000000000000011
0000000000000110101000000001000011
0000000000000110101000000010000011
0000000000000110101000000011000011
0000000000000110101000000100000011
0000000000000110101000000101000011
0000000000000110101000000110000011
0000000000000110101000000111000011
0000000000000111001000000000000011
0000000000000111001000000001000011
0000000000000111001000000010000011
0000000000000111001000000011000011
0000000000000111001000000100000011
0000000000000111001000000101000011
0000000000000111001000000110000011
0000000000000111001000000111000011
0000000000000111101000000000000011
0000000000000111101000000001000011
0000000000000111101000000010000011
0000000000000111101000000011000011
0000000000000111101000000100000011
0000000000000111101000000101000011
0000000000000111101000000110000011
0000000000000111101000000111000011
0010000000000000001000000000000000
0010000000000000001000000001000000
0010000000000000001000000010000000
0010000000000000001000000011000000
0010000000000000001000000100000000
0010000000000000001000000101000000
0010000000000000001000000110000000
0010000000000000001000000111000000
0010000000000000101000000000000000
0010000000000000101000000001000000
0010000000000000101000000010000000
0010000000000000101000000011000000
0010000000000000101000000100000000
0010000000000000101000000101000000
0010000000000000101000000110000000
0010000000000000101000000111000000
0010000000000001001000000000000000
0010000000000001001000000001000000
0010000000000001001000000010000000
0010000000000001001000000011000000
0010000000000001001000000100000000
0010000000000001001000000101000000
0010000000000001001000000110000000
0010000000000001001000000111000000
0010000000000001101000000000000000
0010000000000001101000000001000000
0010000000000001101000000010000000
0010000000000001101000000011000000
0010000000000001101000000100000000
0010000000000001101000000101000000
0010000000000001101000000110000000
0010000000000001101000000111000000
0010000000000010001000000000000000
0010000000000010001000000001000000
0010000000000010001000000010000000
0010000000000010001000000011000000
0010000000000010001000000100000000
0010000000000010001000000101000000
0010000000000010001000000110000000
0010000000000010001000000111000000
0010000000000010101000000000000000
0010000000000010101000000001000000
0010000000000010101000000010000000
0010000000000010101000000011000000
0010000000000010101000000100000000
0010000000000010101000000101000000
0010000000000010101000000110000000
0010000000000010101000000111000000
0010000000000011001000000000000000
0010000000000011001000000001000000
0010000000000011001000000010000000
0010000000000011001000000011000000
0010000000000011001000000100000000
0010000000000011001000000101000000
0010000000000011001000000110000000
0010000000000011001000000111000000
0010000000000011101000000000000000
0010000000000011101000000001000000
0010000000000011101000000010000000
0010000000000011101000000011000000
0010000000000011101000000100000000
0010000000000011101000000101000000
0010000000000011101000000110000000
0010000000000011101000000111000000
0010000000000100001000000000000000
0010000000000100001000000001000000
0010000000000100001000000010000000
0010000000000100001000000011000000
0010000000000100001000000100000000
0010000000000100001000000101000000
0010000000000100001000000110000000
0010000000000100001000000111000000
0010000000000100101000000000000000
0010000000000100101000000001000000
0010000000000100101000000010000000
0010000000000100101000000011000000
0010000000000100101000000100000000
0010000000000100101000000101000000
0010000000000100101000000110000000
0010000000000100101000000111000000
0010000000000101001000000000000000
0010000000000101001000000001000000
0010000000000101001000000010000000
0010000000000101001000000011000000
0010000000000101001000000100000000
0010000000000101001000000101000000
0010000000000101001000000110000000
0010000000000101001000000111000000
0010000000000101101000000000000000
0010000000000101101000000001000000
0010000000000101101000000010000000
0010000000000101101000000011000000
0010000000000101101000000100000000
0010000000000101101000000101000000
0010000000000101101000000110000000
0010000000000101101000000111000000
0010000000000110001000000000000000
0010000000000110001000000001000000
0010000000000110001000000010000000
0010000000000110001000000011000000
0010000000000110001000000100000000
0010000000000110001000000101000000
0010000000000110001000000110000000
0010000000000110001000000111000000
0010000000000110101000000000000000
0010000000000110101000000001000000
0010000000000110101000000010000000
0010000000000110101000000011000000
0010000000000110101000000100000000
0010000000000110101000000101000000
0010000000000110101000000110000000
0010000000000110101000000111000000
0010000000000111001000000000000000
0010000000000111001000000001000000
0010000000000111001000000010000000
0010000000000111001000000011000000
0010000000000111001000000100000000
0010000000000111001000000101000000
0010000000000111001000000110000000
0010000000000111001000000111000000
0010000000000111101000000000000000
0010000000000111101000000001000000
0010000000000111101000000010000000
0010000000000111101000000011000000
0010000000000111101000000100000000
0010000000000111101000000101000000
0010000000000111101000000110000000
0010000000000111101000000111000000
0010000000000000001000000000000001
0010000000000000001000000001000001
0010000000000000001000000010000001
0010000000000000001000000011000001
0010000000000000001000000100000001
0010000000000000001000000101000001
0010000000000000001000000110000001
0010000000000000001000000111000001
0010000000000000101000000000000001
0010000000000000101000000001000001
0010000000000000101000000010000001
0010000000000000101000000011000001
0010000000000000101000000100000001
0010000000000000101000000101000001
0010000000000000101000000110000001
0010000000000000101000000111000001
0010000000000001001000000000000001
0010000000000001001000000001000001
0010000000000001001000000010000001
0010000000000001001000000011000001
0010000000000001001000000100000001
0010000000000001001000000101000001
0010000000000001001000000110000001
0010000000000001001000000111000001
0010000000000001101000000000000001
0010000000000001101000000001000001
0010000000000001101000000010000001
0010000000000001101000000011000001
0010000000000001101000000100000001
0010000000000001101000000101000001
0010000000000001101000000110000001
0010000000000001101000000111000001
0010000000000010001000000000000001
0010000000000010001000000001000001
0010000000000010001000000010000001
0010000000000010001000000011000001
0010000000000010001000000100000001
0010000000000010001000000101000001
0010000000000010001000000110000001
0010000000000010001000000111000001
0010000000000010101000000000000001
0010000000000010101000000001000001
0010000000000010101000000010000001
0010000000000010101000000011000001
0010000000000010101000000100000001
0010000000000010101000000101000001
0010000000000010101000000110000001
0010000000000010101000000111000001
0010000000000011001000000000000001
0010000000000011001000000001000001
0010000000000011001000000010000001
0010000000000011001000000011000001
0010000000000011001000000100000001
0010000000000011001000000101000001
0010000000000011001000000110000001
0010000000000011001000000111000001
0010000000000011101000000000000001
0010000000000011101000000001000001
0010000000000011101000000010000001
0010000000000011101000000011000001
0010000000000011101000000100000001
0010000000000011101000000101000001
0010000000000011101000000110000001
0010000000000011101000000111000001
0010000000000100001000000000000001
0010000000000100001000000001000001
0010000000000100001000000010000001
0010000000000100001000000011000001
0010000000000100001000000100000001
0010000000000100001000000101000001
0010000000000100001000000110000001
0010000000000100001000000111000001
0010000000000100101000000000000001
0010000000000100101000000001000001
0010000000000100101000000010000001
0010000000000100101000000011000001
0010000000000100101000000100000001
0010000000000100101000000101000001
0010000000000100101000000110000001
0010000000000100101000000111000001
0010000000000101001000000000000001
0010000000000101001000000001000001
0010000000000101001000000010000001
0010000000000101001000000011000001
0010000000000101001000000100000001
0010000000000101001000000101000001
0010000000000101001000000110000001
0010000000000101001000000111000001
0010000000000101101000000000000001
0010000000000101101000000001000001
0010000000000101101000000010000001
0010000000000101101000000011000001
0010000000000101101000000100000001
0010000000000101101000000101000001
0010000000000101101000000110000001
0010000000000101101000000111000001
0010000000000110001000000000000001
0010000000000110001000000001000001
0010000000000110001000000010000001
0010000000000110001000000011000001
0010000000000110001000000100000001
0010000000000110001000000101000001
0010000000000110001000000110000001
0010000000000110001000000111000001
0010000000000110101000000000000001
0010000000000110101000000001000001
0010000000000110101000000010000001
0010000000000110101000000011000001
0010000000000110101000000100000001
0010000000000110101000000101000001
0010000000000110101000000110000001
0010000000000110101000000111000001
0010000000000111001000000000000001
0010000000000111001000000001000001
0010000000000111001000000010000001
0010000000000111001000000011000001
0010000000000111001000000100000001
0010000000000111001000000101000001
0010000000000111001000000110000001
0010000000000111001000000111000001
0010000000000111101000000000000001
0010000000000111101000000001000001
0010000000000111101000000010000001
0010000000000111101000000011000001
0010000000000111101000000100000001
0010000000000111101000000101000001
0010000000000111101000000110000001
0010000000000111101000000111000001
0010000000000000001000000000000010
0010000000000000001000000001000010
0010000000000000001000000010000010
0010000000000000001000000011000010
0010000000000000001000000100000010
0010000000000000001000000101000010
0010000000000000001000000110000010
0010000000000000001000000111000010
0010000000000000101000000000000010
0010000000000000101000000001000010
0010000000000000101000000010000010
0010000000000000101000000011000010
0010000000000000101000000100000010
0010000000000000101000000101000010
0010000000000000101000000110000010
0010000000000000101000000111000010
0010000000000001001000000000000010
0010000000000001001000000001000010
0010000000000001001000000010000010
0010000000000001001000000011000010
0010000000000001001000000100000010
0010000000000001001000000101000010
0010000000000001001000000110000010
0010000000000001001000000111000010
0010000000000001101000000000000010
0010000000000001101000000001000010
0010000000000001101000000010000010
0010000000000001101000000011000010
0010000000000001101000000100000010
0010000000000001101000000101000010
0010000000000001101000000110000010
0010000000000001101000000111000010
0010000000000010001000000000000010
0010000000000010001000000001000010
0010000000000010001000000010000010
0010000000000010001000000011000010
0010000000000010001000000100000010
0010000000000010001000000101000010
0010000000000010001000000110000010
0010000000000010001000000111000010
0010000000000010101000000000000010
0010000000000010101000000001000010
0010000000000010101000000010000010
0010000000000010101000000011000010
0010000000000010101000000100000010
0010000000000010101000000101000010
0010000000000010101000000110000010
0010000000000010101000000111000010
0010000000000011001000000000000010
0010000000000011001000000001000010
0010000000000011001000000010000010
0010000000000011001000000011000010
0010000000000011001000000100000010
0010000000000011001000000101000010
0010000000000011001000000110000010
0010000000000011001000000111000010
0010000000000011101000000000000010
0010000000000011101000000001000010
0010000000000011101000000010000010
0010000000000011101000000011000010
0010000000000011101000000100000010
0010000000000011101000000101000010
0010000000000011101000000110000010
0010000000000011101000000111000010
0010000000000100001000000000000010
0010000000000100001000000001000010
0010000000000100001000000010000010
0010000000000100001000000011000010
0010000000000100001000000100000010
0010000000000100001000000101000010
0010000000000100001000000110000010
0010000000000100001000000111000010
0010000000000100101000000000000010
0010000000000100101000000001000010
0010000000000100101000000010000010
0010000000000100101000000011000010
0010000000000100101000000100000010
0010000000000100101000000101000010
0010000000000100101000000110000010
0010000000000100101000000111000010
0010000000000101001000000000000010
0010000000000101001000000001000010
0010000000000101001000000010000010
0010000000000101001000000011000010
0010000000000101001000000100000010
0010000000000101001000000101000010
0010000000000101001000000110000010
0010000000000101001000000111000010
0010000000000101101000000000000010
0010000000000101101000000001000010
0010000000000101101000000010000010
0010000000000101101000000011000010
0010000000000101101000000100000010
0010000000000101101000000101000010
0010000000000101101000000110000010
0010000000000101101000000111000010
0010000000000110001000000000000010
0010000000000110001000000001000010
0010000000000110001000000010000010
0010000000000110001000000011000010
0010000000000110001000000100000010
0010000000000110001000000101000010
0010000000000110001000000110000010
0010000000000110001000000111000010
0010000000000110101000000000000010
0010000000000110101000000001000010
0010000000000110101000000010000010
0010000000000110101000000011000010
0010000000000110101000000100000010
0010000000000110101000000101000010
0010000000000110101000000110000010
0010000000000110101000000111000010
0010000000000111001000000000000010
0010000000000111001000000001000010
0010000000000111001000000010000010
0010000000000111001000000011000010
0010000000000111001000000100000010
0010000000000111001000000101000010
0010000000000111001000000110000010
0010000000000111001000000111000010
0010000000000111101000000000000010
0010000000000111101000000001000010
0010000000000111101000000010000010
0010000000000111101000000011000010
0010000000000111101000000100000010
0010000000000111101000000101000010
0010000000000111101000000110000010
0010000000000111101000000111000010
0010000000000000001000000000000011
0010000000000000001000000001000011
0010000000000000001000000010000011
0010000000000000001000000011000011
0010000000000000001000000100000011
0010000000000000001000000101000011
0010000000000000001000000110000011
0010000000000000001000000111000011
0010000000000000101000000000000011
0010000000000000101000000001000011
0010000000000000101000000010000011
0010000000000000101000000011000011
0010000000000000101000000100000011
0010000000000000101000000101000011
0010000000000000101000000110000011
0010000000000000101000000111000011
0010000000000001001000000000000011
0010000000000001001000000001000011
0010000000000001001000000010000011
0010000000000001001000000011000011
0010000000000001001000000100000011
0010000000000001001000000101000011
0010000000000001001000000110000011
0010000000000001001000000111000011
0010000000000001101000000000000011
0010000000000001101000000001000011
0010000000000001101000000010000011
0010000000000001101000000011000011
0010000000000001101000000100000011
0010000000000001101000000101000011
0010000000000001101000000110000011
0010000000000001101000000111000011
0010000000000010001000000000000011
0010000000000010001000000001000011
0010000000000010001000000010000011
0010000000000010001000000011000011
0010000000000010001000000100000011
0010000000000010001000000101000011
0010000000000010001000000110000011
0010000000000010001000000111000011
0010000000000010101000000000000011
0010000000000010101000000001000011
0010000000000010101000000010000011
0010000000000010101000000011000011
0010000000000010101000000100000011
0010000000000010101000000101000011
0010000000000010101000000110000011
0010000000000010101000000111000011
0010000000000011001000000000000011
0010000000000011001000000001000011
0010000000000011001000000010000011
0010000000000011001000000011000011
0010000000000011001000000100000011
0010000000000011001000000101000011
0010000000000011001000000110000011
0010000000000011001000000111000011
0010000000000011101000000000000011
0010000000000011101000000001000011
0010000000000011101000000010000011
0010000000000011101000000011000011
0010000000000011101000000100000011
0010000000000011101000000101000011
0010000000000011101000000110000011
0010000000000011101000000111000011
0010000000000100001000000000000011
0010000000000100001000000001000011
0010000000000100001000000010000011
0010000000000100001000000011000011
0010000000000100001000000100000011
0010000000000100001000000101000011
0010000000000100001000000110000011
0010000000000100001000000111000011
0010000000000100101000000000000011
0010000000000100101000000001000011
0010000000000100101000000010000011
0010000000000100101000000011000011
0010000000000100101000000100000011
0010000000000100101000000101000011
0010000000000100101000000110000011
0010000000000100101000000111000011
0010000000000101001000000000000011
0010000000000101001000000001000011
0010000000000101001000000010000011
0010000000000101001000000011000011
0010000000000101001000000100000011
0010000000000101001000000101000011
0010000000000101001000000110000011
0010000000000101001000000111000011
0010000000000101101000000000000011
0010000000000101101000000001000011
0010000000000101101000000010000011
0010000000000101101000000011000011
0010000000000101101000000100000011
0010000000000101101000000101000011
0010000000000101101000000110000011
0010000000000101101000000111000011
0010000000000110001000000000000011
0010000000000110001000000001000011
0010000000000110001000000010000011
0010000000000110001000000011000011
0010000000000110001000000100000011
0010000000000110001000000101000011
0010000000000110001000000110000011
0010000000000110001000000111000011
0010000000000110101000000000000011
0010000000000110101000000001000011
0010000000000110101000000010000011
0010000000000110101000000011000011
0010000000000110101000000100000011
0010000000000110101000000101000011
0010000000000110101000000110000011
0010000000000110101000000111000011
0010000000000111001000000000000011
0010000000000111001000000001000011
0010000000000111001000000010000011
0010000000000111001000000011000011
0010000000000111001000000100000011
0010000000000111001000000101000011
0010000000000111001000000110000011
0010000000000111001000000111000011
0010000000000111101000000000000011
0010000000000111101000000001000011
0010000000000111101000000010000011
0010000000000111101000000011000011
0010000000000111101000000100000011
0010000000000111101000000101000011
0010000000000111101000000110000011
0010000000000111101000000111000011
