0000000000000000000001000000000
0000000000000000000001000001000
0000000000000000000001000010000
0000000000000000000001000011000
0000000000000000000001000100000
0000000000000000000001000101000
0000000000000000000001000110000
0000000000000000000001000111000
0000000000000000000001001000000
0000000000000000000001001001000
0000000000000000000001001010000
0000000000000000000001001011000
0000000000000000000001001100000
0000000000000000000001001101000
0000000000000000000001001110000
0000000000000000000001001111000
0000000000000000000101000000000
0000000000000000000101000001000
0000000000000000000101000010000
0000000000000000000101000011000
0000000000000000000101000100000
0000000000000000000101000101000
0000000000000000000101000110000
0000000000000000000101000111000
0000000000000000000101001000000
0000000000000000000101001001000
0000000000000000000101001010000
0000000000000000000101001011000
0000000000000000000101001100000
0000000000000000000101001101000
0000000000000000000101001110000
0000000000000000000101001111000
0000000000000000001001000000000
0000000000000000001001000001000
0000000000000000001001000010000
0000000000000000001001000011000
0000000000000000001001000100000
0000000000000000001001000101000
0000000000000000001001000110000
0000000000000000001001000111000
0000000000000000001001001000000
0000000000000000001001001001000
0000000000000000001001001010000
0000000000000000001001001011000
0000000000000000001001001100000
0000000000000000001001001101000
0000000000000000001001001110000
0000000000000000001001001111000
0000000000000000001101000000000
0000000000000000001101000001000
0000000000000000001101000010000
0000000000000000001101000011000
0000000000000000001101000100000
0000000000000000001101000101000
0000000000000000001101000110000
0000000000000000001101000111000
0000000000000000001101001000000
0000000000000000001101001001000
0000000000000000001101001010000
0000000000000000001101001011000
0000000000000000001101001100000
0000000000000000001101001101000
0000000000000000001101001110000
0000000000000000001101001111000
0000000000000000010001000000000
0000000000000000010001000001000
0000000000000000010001000010000
0000000000000000010001000011000
0000000000000000010001000100000
0000000000000000010001000101000
0000000000000000010001000110000
0000000000000000010001000111000
0000000000000000010001001000000
0000000000000000010001001001000
0000000000000000010001001010000
0000000000000000010001001011000
0000000000000000010001001100000
0000000000000000010001001101000
0000000000000000010001001110000
0000000000000000010001001111000
0000000000000000010101000000000
0000000000000000010101000001000
0000000000000000010101000010000
0000000000000000010101000011000
0000000000000000010101000100000
0000000000000000010101000101000
0000000000000000010101000110000
0000000000000000010101000111000
0000000000000000010101001000000
0000000000000000010101001001000
0000000000000000010101001010000
0000000000000000010101001011000
0000000000000000010101001100000
0000000000000000010101001101000
0000000000000000010101001110000
0000000000000000010101001111000
0000000000000000011001000000000
0000000000000000011001000001000
0000000000000000011001000010000
0000000000000000011001000011000
0000000000000000011001000100000
0000000000000000011001000101000
0000000000000000011001000110000
0000000000000000011001000111000
0000000000000000011001001000000
0000000000000000011001001001000
0000000000000000011001001010000
0000000000000000011001001011000
0000000000000000011001001100000
0000000000000000011001001101000
0000000000000000011001001110000
0000000000000000011001001111000
0000000000000000011101000000000
0000000000000000011101000001000
0000000000000000011101000010000
0000000000000000011101000011000
0000000000000000011101000100000
0000000000000000011101000101000
0000000000000000011101000110000
0000000000000000011101000111000
0000000000000000011101001000000
0000000000000000011101001001000
0000000000000000011101001010000
0000000000000000011101001011000
0000000000000000011101001100000
0000000000000000011101001101000
0000000000000000011101001110000
0000000000000000011101001111000
0000000000000000100001000000000
0000000000000000100001000001000
0000000000000000100001000010000
0000000000000000100001000011000
0000000000000000100001000100000
0000000000000000100001000101000
0000000000000000100001000110000
0000000000000000100001000111000
0000000000000000100001001000000
0000000000000000100001001001000
0000000000000000100001001010000
0000000000000000100001001011000
0000000000000000100001001100000
0000000000000000100001001101000
0000000000000000100001001110000
0000000000000000100001001111000
0000000000000000100101000000000
0000000000000000100101000001000
0000000000000000100101000010000
0000000000000000100101000011000
0000000000000000100101000100000
0000000000000000100101000101000
0000000000000000100101000110000
0000000000000000100101000111000
0000000000000000100101001000000
0000000000000000100101001001000
0000000000000000100101001010000
0000000000000000100101001011000
0000000000000000100101001100000
0000000000000000100101001101000
0000000000000000100101001110000
0000000000000000100101001111000
0000000000000000101001000000000
0000000000000000101001000001000
0000000000000000101001000010000
0000000000000000101001000011000
0000000000000000101001000100000
0000000000000000101001000101000
0000000000000000101001000110000
0000000000000000101001000111000
0000000000000000101001001000000
0000000000000000101001001001000
0000000000000000101001001010000
0000000000000000101001001011000
0000000000000000101001001100000
0000000000000000101001001101000
0000000000000000101001001110000
0000000000000000101001001111000
0000000000000000101101000000000
0000000000000000101101000001000
0000000000000000101101000010000
0000000000000000101101000011000
0000000000000000101101000100000
0000000000000000101101000101000
0000000000000000101101000110000
0000000000000000101101000111000
0000000000000000101101001000000
0000000000000000101101001001000
0000000000000000101101001010000
0000000000000000101101001011000
0000000000000000101101001100000
0000000000000000101101001101000
0000000000000000101101001110000
0000000000000000101101001111000
0000000000000000110001000000000
0000000000000000110001000001000
0000000000000000110001000010000
0000000000000000110001000011000
0000000000000000110001000100000
0000000000000000110001000101000
0000000000000000110001000110000
0000000000000000110001000111000
0000000000000000110001001000000
0000000000000000110001001001000
0000000000000000110001001010000
0000000000000000110001001011000
0000000000000000110001001100000
0000000000000000110001001101000
0000000000000000110001001110000
0000000000000000110001001111000
0000000000000000110101000000000
0000000000000000110101000001000
0000000000000000110101000010000
0000000000000000110101000011000
0000000000000000110101000100000
0000000000000000110101000101000
0000000000000000110101000110000
0000000000000000110101000111000
0000000000000000110101001000000
0000000000000000110101001001000
0000000000000000110101001010000
0000000000000000110101001011000
0000000000000000110101001100000
0000000000000000110101001101000
0000000000000000110101001110000
0000000000000000110101001111000
0000000000000000111001000000000
0000000000000000111001000001000
0000000000000000111001000010000
0000000000000000111001000011000
0000000000000000111001000100000
0000000000000000111001000101000
0000000000000000111001000110000
0000000000000000111001000111000
0000000000000000111001001000000
0000000000000000111001001001000
0000000000000000111001001010000
0000000000000000111001001011000
0000000000000000111001001100000
0000000000000000111001001101000
0000000000000000111001001110000
0000000000000000111001001111000
0000000000000000111101000000000
0000000000000000111101000001000
0000000000000000111101000010000
0000000000000000111101000011000
0000000000000000111101000100000
0000000000000000111101000101000
0000000000000000111101000110000
0000000000000000111101000111000
0000000000000000111101001000000
0000000000000000111101001001000
0000000000000000111101001010000
0000000000000000111101001011000
0000000000000000111101001100000
0000000000000000111101001101000
0000000000000000111101001110000
0000000000000000111101001111000
0000010000000000000000001000000000
0000010000000000000000001000001000
0000010000000000000000001000010000
0000010000000000000000001000011000
0000010000000000000000001000100000
0000010000000000000000001000101000
0000010000000000000000001000110000
0000010000000000000000001000111000
0000010000000000000000001001000000
0000010000000000000000001001001000
0000010000000000000000001001010000
0000010000000000000000001001011000
0000010000000000000000001001100000
0000010000000000000000001001101000
0000010000000000000000001001110000
0000010000000000000000001001111000
0000010000000000000000101000000000
0000010000000000000000101000001000
0000010000000000000000101000010000
0000010000000000000000101000011000
0000010000000000000000101000100000
0000010000000000000000101000101000
0000010000000000000000101000110000
0000010000000000000000101000111000
0000010000000000000000101001000000
0000010000000000000000101001001000
0000010000000000000000101001010000
0000010000000000000000101001011000
0000010000000000000000101001100000
0000010000000000000000101001101000
0000010000000000000000101001110000
0000010000000000000000101001111000
0000010000000000000001001000000000
0000010000000000000001001000001000
0000010000000000000001001000010000
0000010000000000000001001000011000
0000010000000000000001001000100000
0000010000000000000001001000101000
0000010000000000000001001000110000
0000010000000000000001001000111000
0000010000000000000001001001000000
0000010000000000000001001001001000
0000010000000000000001001001010000
0000010000000000000001001001011000
0000010000000000000001001001100000
0000010000000000000001001001101000
0000010000000000000001001001110000
0000010000000000000001001001111000
0000010000000000000001101000000000
0000010000000000000001101000001000
0000010000000000000001101000010000
0000010000000000000001101000011000
0000010000000000000001101000100000
0000010000000000000001101000101000
0000010000000000000001101000110000
0000010000000000000001101000111000
0000010000000000000001101001000000
0000010000000000000001101001001000
0000010000000000000001101001010000
0000010000000000000001101001011000
0000010000000000000001101001100000
0000010000000000000001101001101000
0000010000000000000001101001110000
0000010000000000000001101001111000
0000010000000000000010001000000000
0000010000000000000010001000001000
0000010000000000000010001000010000
0000010000000000000010001000011000
0000010000000000000010001000100000
0000010000000000000010001000101000
0000010000000000000010001000110000
0000010000000000000010001000111000
0000010000000000000010001001000000
0000010000000000000010001001001000
0000010000000000000010001001010000
0000010000000000000010001001011000
0000010000000000000010001001100000
0000010000000000000010001001101000
0000010000000000000010001001110000
0000010000000000000010001001111000
0000010000000000000010101000000000
0000010000000000000010101000001000
0000010000000000000010101000010000
0000010000000000000010101000011000
0000010000000000000010101000100000
0000010000000000000010101000101000
0000010000000000000010101000110000
0000010000000000000010101000111000
0000010000000000000010101001000000
0000010000000000000010101001001000
0000010000000000000010101001010000
0000010000000000000010101001011000
0000010000000000000010101001100000
0000010000000000000010101001101000
0000010000000000000010101001110000
0000010000000000000010101001111000
0000010000000000000011001000000000
0000010000000000000011001000001000
0000010000000000000011001000010000
0000010000000000000011001000011000
0000010000000000000011001000100000
0000010000000000000011001000101000
0000010000000000000011001000110000
0000010000000000000011001000111000
0000010000000000000011001001000000
0000010000000000000011001001001000
0000010000000000000011001001010000
0000010000000000000011001001011000
0000010000000000000011001001100000
0000010000000000000011001001101000
0000010000000000000011001001110000
0000010000000000000011001001111000
0000010000000000000011101000000000
0000010000000000000011101000001000
0000010000000000000011101000010000
0000010000000000000011101000011000
0000010000000000000011101000100000
0000010000000000000011101000101000
0000010000000000000011101000110000
0000010000000000000011101000111000
0000010000000000000011101001000000
0000010000000000000011101001001000
0000010000000000000011101001010000
0000010000000000000011101001011000
0000010000000000000011101001100000
0000010000000000000011101001101000
0000010000000000000011101001110000
0000010000000000000011101001111000
0000010000000000000100001000000000
0000010000000000000100001000001000
0000010000000000000100001000010000
0000010000000000000100001000011000
0000010000000000000100001000100000
0000010000000000000100001000101000
0000010000000000000100001000110000
0000010000000000000100001000111000
0000010000000000000100001001000000
0000010000000000000100001001001000
0000010000000000000100001001010000
0000010000000000000100001001011000
0000010000000000000100001001100000
0000010000000000000100001001101000
0000010000000000000100001001110000
0000010000000000000100001001111000
0000010000000000000100101000000000
0000010000000000000100101000001000
0000010000000000000100101000010000
0000010000000000000100101000011000
0000010000000000000100101000100000
0000010000000000000100101000101000
0000010000000000000100101000110000
0000010000000000000100101000111000
0000010000000000000100101001000000
0000010000000000000100101001001000
0000010000000000000100101001010000
0000010000000000000100101001011000
0000010000000000000100101001100000
0000010000000000000100101001101000
0000010000000000000100101001110000
0000010000000000000100101001111000
0000010000000000000101001000000000
0000010000000000000101001000001000
0000010000000000000101001000010000
0000010000000000000101001000011000
0000010000000000000101001000100000
0000010000000000000101001000101000
0000010000000000000101001000110000
0000010000000000000101001000111000
0000010000000000000101001001000000
0000010000000000000101001001001000
0000010000000000000101001001010000
0000010000000000000101001001011000
0000010000000000000101001001100000
0000010000000000000101001001101000
0000010000000000000101001001110000
0000010000000000000101001001111000
0000010000000000000101101000000000
0000010000000000000101101000001000
0000010000000000000101101000010000
0000010000000000000101101000011000
0000010000000000000101101000100000
0000010000000000000101101000101000
0000010000000000000101101000110000
0000010000000000000101101000111000
0000010000000000000101101001000000
0000010000000000000101101001001000
0000010000000000000101101001010000
0000010000000000000101101001011000
0000010000000000000101101001100000
0000010000000000000101101001101000
0000010000000000000101101001110000
0000010000000000000101101001111000
0000010000000000000110001000000000
0000010000000000000110001000001000
0000010000000000000110001000010000
0000010000000000000110001000011000
0000010000000000000110001000100000
0000010000000000000110001000101000
0000010000000000000110001000110000
0000010000000000000110001000111000
0000010000000000000110001001000000
0000010000000000000110001001001000
0000010000000000000110001001010000
0000010000000000000110001001011000
0000010000000000000110001001100000
0000010000000000000110001001101000
0000010000000000000110001001110000
0000010000000000000110001001111000
0000010000000000000110101000000000
0000010000000000000110101000001000
0000010000000000000110101000010000
0000010000000000000110101000011000
0000010000000000000110101000100000
0000010000000000000110101000101000
0000010000000000000110101000110000
0000010000000000000110101000111000
0000010000000000000110101001000000
0000010000000000000110101001001000
0000010000000000000110101001010000
0000010000000000000110101001011000
0000010000000000000110101001100000
0000010000000000000110101001101000
0000010000000000000110101001110000
0000010000000000000110101001111000
0000010000000000000111001000000000
0000010000000000000111001000001000
0000010000000000000111001000010000
0000010000000000000111001000011000
0000010000000000000111001000100000
0000010000000000000111001000101000
0000010000000000000111001000110000
0000010000000000000111001000111000
0000010000000000000111001001000000
0000010000000000000111001001001000
0000010000000000000111001001010000
0000010000000000000111001001011000
0000010000000000000111001001100000
0000010000000000000111001001101000
0000010000000000000111001001110000
0000010000000000000111001001111000
0000010000000000000111101000000000
0000010000000000000111101000001000
0000010000000000000111101000010000
0000010000000000000111101000011000
0000010000000000000111101000100000
0000010000000000000111101000101000
0000010000000000000111101000110000
0000010000000000000111101000111000
0000010000000000000111101001000000
0000010000000000000111101001001000
0000010000000000000111101001010000
0000010000000000000111101001011000
0000010000000000000111101001100000
0000010000000000000111101001101000
0000010000000000000111101001110000
0000010000000000000111101001111000
